fullmaglist 
[21.05263157894737, 21.05263157894737, 21.05263157894737, 21.05263157894737, 21.05263157894737, 21.05263157894737, 21.05263157894737, 21.05263157894737, 21.05263157894737, 21.05263157894737, 21.05263157894737, 21.05263157894737, 21.05263157894737, 21.05263157894737, 21.05263157894737, 21.05263157894737, 21.05263157894737, 21.05263157894737, 21.05263157894737, 21.05263157894737],
 periodlist 
[0.0031622776601683798, 0.0054555947811685199, 0.0094120496726806703, 0.016237767391887217, 0.028013567611988671, 0.048329302385717518, 0.083378222347178912, 0.14384498882876623, 0.24816289228368255, 0.42813323987193919, 0.73861998220793579, 1.2742749857031335, 2.1983926488622894, 3.7926901907322494, 6.5431891297129621, 11.288378916846883, 19.474830399087551, 33.59818286283781, 57.963939533849604, 100.0],
 measuredperiodlist 
[0.0031622778838577073, 0.0054555942395138344, 0.009412049188238571, 0.016237758387762501, 0.028013571704024638, 0.048329277573096352, 0.083378159549655717, 0.14384499859299404, 0.24816424335904116, 0.42813428946908894, 0.73862994932547699, 1.2743017366733522, 2.198318674967032, 3.7928683741372242, 6.5429608746111017, 11.286455418126099, 19.473701958472184, 33.576715118239747, 58.004069344904082, 99.876350505921778],
 siglist 
[0.44210000000000005, 1.0, 1.0, 0.9681, 1.0, 0.9944, 0.5651999999999999, 1.0, 0.9559, 1.0, 0.9993, 1.0, 0.9999, 0.9998, 1.0, 0.9854, 1.0, 1.0, 1.0, 1.0],
 powerlist 
[0.075686134923432, 0.16819720207384375, 0.11408280045660631, 0.087662356835100902, 0.17601332677372619, 0.094097433192135399, 0.075138009618955975, 0.19788869634632159, 0.085156182151584145, 0.13757349981692193, 0.091690234738183385, 0.16223629202626008, 0.10144235914270665, 0.098725071564011183, 0.14408513371652715, 0.079904509585787376, 0.10892962709867327, 0.19185348961304238, 0.15539117239429548, 0.23545825775012633],
 listnumberlist 
[0, 0, 0, 0, 0, 0, 0, 0, 0, 0, 0, 0, 0, 0, 0, 0, 0, 0, 0, 0],
 end of file
