fullmaglist 
[20.684210526315788, 20.684210526315788, 20.684210526315788, 20.684210526315788, 20.684210526315788, 20.684210526315788, 20.684210526315788, 20.684210526315788, 20.684210526315788, 20.684210526315788, 20.684210526315788, 20.684210526315788, 20.684210526315788, 20.684210526315788, 20.684210526315788, 20.684210526315788, 20.684210526315788, 20.684210526315788, 20.684210526315788, 20.684210526315788],
 periodlist 
[0.0031622776601683798, 0.0054555947811685199, 0.0094120496726806703, 0.016237767391887217, 0.028013567611988671, 0.048329302385717518, 0.083378222347178912, 0.14384498882876623, 0.24816289228368255, 0.42813323987193919, 0.73861998220793579, 1.2742749857031335, 2.1983926488622894, 3.7926901907322494, 6.5431891297129621, 11.288378916846883, 19.474830399087551, 33.59818286283781, 57.963939533849604, 100.0],
 measuredperiodlist 
[0.0031622775728611754, 0.0054555944794932249, 0.0094120495963888988, 0.016237766891349752, 0.028013568540314199, 0.048329265466424388, 0.083378151542167087, 0.14384515350858229, 0.24816215074791373, 0.42813650635495965, 0.73862555045633038, 1.2743054775000069, 2.1984801119199862, 3.7930672267588252, 6.5422952490443649, 11.286968982288114, 19.475886234481155, 33.618321118638057, 57.928598734748221, 100.01442017877314],
 siglist 
[0.3982, 1.0, 1.0, 1.0, 1.0, 0.9979, 0.9956, 1.0, 0.6214, 1.0, 0.9763, 1.0, 1.0, 0.9833, 1.0, 0.9999, 1.0, 1.0, 1.0, 1.0],
 powerlist 
[0.075939724807620776, 0.15293226218701456, 0.17257174814936355, 0.12031846199710584, 0.19757860830694771, 0.095409034121651692, 0.094344891038894776, 0.15673428988885074, 0.079456820136965284, 0.16235760633401067, 0.077495131357110975, 0.20069059458291263, 0.09743903358087791, 0.079758856197911759, 0.11739800384034707, 0.094703755826078137, 0.10937614500787138, 0.17823749766243219, 0.16335741988575042, 0.17336640244604901],
 listnumberlist 
[0, 0, 0, 0, 0, 0, 0, 0, 0, 0, 0, 0, 0, 0, 0, 0, 0, 0, 0, 0],
 end of file
