fullmaglist 
[19.94736842105263, 19.94736842105263, 19.94736842105263, 19.94736842105263, 19.94736842105263, 19.94736842105263, 19.94736842105263, 19.94736842105263, 19.94736842105263, 19.94736842105263, 19.94736842105263, 19.94736842105263, 19.94736842105263, 19.94736842105263, 19.94736842105263, 19.94736842105263, 19.94736842105263, 19.94736842105263, 19.94736842105263, 19.94736842105263],
 periodlist 
[0.0031622776601683798, 0.0054555947811685199, 0.0094120496726806703, 0.016237767391887217, 0.028013567611988671, 0.048329302385717518, 0.083378222347178912, 0.14384498882876623, 0.24816289228368255, 0.42813323987193919, 0.73861998220793579, 1.2742749857031335, 2.1983926488622894, 3.7926901907322494, 6.5431891297129621, 11.288378916846883, 19.474830399087551, 33.59818286283781, 57.963939533849604, 100.0],
 measuredperiodlist 
[0.0031622774803567741, 0.0054555944447202071, 0.0094120488848861358, 0.016237773440144623, 0.028013546286907613, 0.048329335426037227, 0.083378248413119679, 0.14384479931773383, 0.24816147200166286, 0.42813143626132472, 0.73863341484798395, 1.2742433711559222, 2.1983636148435797, 3.7926097847154221, 6.5429735967900591, 11.290730254710351, 19.479694567931219, 33.598669786339045, 57.942194042118757, 99.862810297234276],
 siglist 
[0.47209999999999996, 1.0, 0.9995, 1.0, 1.0, 0.9989, 1.0, 1.0, 0.9503, 1.0, 0.9981, 1.0, 0.9927, 0.9999, 0.9617, 0.8899, 1.0, 1.0, 1.0, 1.0],
 powerlist 
[0.074776629655687724, 0.1364359086302854, 0.096744430949948557, 0.12516528974153096, 0.18394860105725375, 0.090391622021955664, 0.10840701678793775, 0.15674675263890764, 0.079492908277695423, 0.19904815767695572, 0.081219491766213819, 0.14797367825191426, 0.080225696584850265, 0.094427526935542974, 0.073060561120145584, 0.069003871092163327, 0.11779753315816625, 0.16774130666080775, 0.18868919139382984, 0.19082342573970729],
 listnumberlist 
[0, 0, 0, 0, 0, 0, 0, 0, 0, 0, 0, 0, 0, 0, 0, 0, 0, 0, 0, 0],
 end of file
