fullmaglist 
[17.36842105263158, 17.36842105263158, 17.36842105263158, 17.36842105263158, 17.36842105263158, 17.36842105263158, 17.36842105263158, 17.36842105263158, 17.36842105263158, 17.36842105263158, 17.36842105263158, 17.36842105263158, 17.36842105263158, 17.36842105263158, 17.36842105263158, 17.36842105263158, 17.36842105263158, 17.36842105263158, 17.36842105263158, 17.36842105263158],
 periodlist 
[0.0031622776601683798, 0.0054555947811685199, 0.0094120496726806703, 0.016237767391887217, 0.028013567611988671, 0.048329302385717518, 0.083378222347178912, 0.14384498882876623, 0.24816289228368255, 0.42813323987193919, 0.73861998220793579, 1.2742749857031335, 2.1983926488622894, 3.7926901907322494, 6.5431891297129621, 11.288378916846883, 19.474830399087551, 33.59818286283781, 57.963939533849604, 100.0],
 measuredperiodlist 
[0.0059916851166462648, 0.005455594043017712, 0.0094120536519930013, 0.016237763417013069, 0.019438461394769874, 0.048329230767049432, 0.083378131170571801, 0.14384551635922757, 0.24815742997882678, 0.42813762128804256, 0.73861195292879422, 1.2742478877422754, 0.686039325002058, 3.7932559083328874, 6.5433302062910466, 11.291785880719356, 20.571193020480393, 33.669097205075893, 58.01839446122851, 100.50818850780655],
 siglist 
[0.8427, 0.9986, 0.9472, 0.9976, 0.9008, 0.9683, 0.02100000000000002, 0.9995, 0.9949, 0.9989, 1.0, 0.999, 1.0, 0.8582, 1.0, 0.902, 0.6931, 0.9999, 0.9714, 0.9935],
 powerlist 
[0.14987300174153892, 0.18956312531853034, 0.16041225564439743, 0.18309276974328142, 0.14717566409045371, 0.15765768067319891, 0.11458271702713796, 0.19183462809472854, 0.1750882236258175, 0.18805422465796623, 0.19905873210556163, 0.15995411233330098, 0.20498036735765685, 0.1249522891062691, 0.20489633452346634, 0.13036752097297749, 0.11577982620578811, 0.19616752336310458, 0.14349958036523197, 0.15080242640245636],
 listnumberlist 
[0, 0, 0, 0, 0, 0, 0, 0, 0, 0, 0, 0, 0, 0, 0, 0, 0, 0, 0, 0],
 end of file
