fullmaglist 
[23.263157894736842, 23.263157894736842, 23.263157894736842, 23.263157894736842, 23.263157894736842, 23.263157894736842, 23.263157894736842, 23.263157894736842, 23.263157894736842, 23.263157894736842, 23.263157894736842, 23.263157894736842, 23.263157894736842, 23.263157894736842, 23.263157894736842, 23.263157894736842, 23.263157894736842, 23.263157894736842, 23.263157894736842, 23.263157894736842],
 periodlist 
[0.0031622776601683798, 0.0054555947811685199, 0.0094120496726806703, 0.016237767391887217, 0.028013567611988671, 0.048329302385717518, 0.083378222347178912, 0.14384498882876623, 0.24816289228368255, 0.42813323987193919, 0.73861998220793579, 1.2742749857031335, 2.1983926488622894, 3.7926901907322494, 6.5431891297129621, 11.288378916846883, 19.474830399087551, 33.59818286283781, 57.963939533849604, 100.0],
 measuredperiodlist 
[0.0031622778103519867, 0.0054555945481077478, 0.009412049295176337, 0.016237766571072551, 0.028013589448081029, 0.048329346243975987, 0.083378171943043075, 0.14384529045903544, 0.24816389645961587, 0.42813133014384769, 0.73860656796749125, 1.2742518314010556, 2.1984139781572831, 3.7921768096656918, 6.5435189049518936, 11.286156292529016, 19.471789178103958, 33.577116563971778, 57.969418215475791, 99.937922455438922],
 siglist 
[0.5836, 0.9879, 1.0, 1.0, 1.0, 0.7567, 0.9336, 0.9998, 0.10350000000000004, 0.9984, 1.0, 0.9939, 0.9989, 1.0, 0.9998, 0.895, 0.6693, 1.0, 0.9996, 1.0],
 powerlist 
[0.083724111609844304, 0.10149101459342205, 0.12575635551739134, 0.13175641793239593, 0.13760295978828715, 0.087597825789044903, 0.088893276434092727, 0.11916004822064921, 0.078075553179514035, 0.11442947426518092, 0.12368135479589969, 0.091375939142641624, 0.099383862152825103, 0.14534354519781784, 0.10936299676630912, 0.075943374494605004, 0.070290819032208171, 0.11384972694482337, 0.10412779290317467, 0.22253662317340051],
 listnumberlist 
[0, 0, 0, 0, 0, 0, 0, 0, 0, 0, 0, 0, 0, 0, 0, 0, 0, 0, 0, 0],
 end of file
