fullmaglist 
[17.736842105263158, 17.736842105263158, 17.736842105263158, 17.736842105263158, 17.736842105263158, 17.736842105263158, 17.736842105263158, 17.736842105263158, 17.736842105263158, 17.736842105263158, 17.736842105263158, 17.736842105263158, 17.736842105263158, 17.736842105263158, 17.736842105263158, 17.736842105263158, 17.736842105263158, 17.736842105263158, 17.736842105263158, 17.736842105263158],
 periodlist 
[0.0031622776601683798, 0.0054555947811685199, 0.0094120496726806703, 0.016237767391887217, 0.028013567611988671, 0.048329302385717518, 0.083378222347178912, 0.14384498882876623, 0.24816289228368255, 0.42813323987193919, 0.73861998220793579, 1.2742749857031335, 2.1983926488622894, 3.7926901907322494, 6.5431891297129621, 11.288378916846883, 19.474830399087551, 33.59818286283781, 57.963939533849604, 100.0],
 measuredperiodlist 
[0.0031622776246939257, 0.0054555951308659627, 0.0094120499025016693, 0.016237764765452103, 0.02801356221289546, 0.048329307167208908, 0.083378263647147871, 0.14384464109675618, 0.24816360493156631, 0.42813481729697578, 0.73862649306673667, 1.2742774218354351, 2.1983298077888214, 3.7928435190255168, 6.5434540179163516, 11.290491824546807, 19.468025133125508, 33.576065841594279, 57.986635601407201, 99.985624192635896],
 siglist 
[0.9401, 1.0, 1.0, 1.0, 1.0, 0.7369, 0.9991, 1.0, 0.9309000000000001, 1.0, 0.9964, 1.0, 1.0, 0.9964, 1.0, 1.0, 0.9999, 1.0, 1.0, 1.0],
 powerlist 
[0.088413475989326196, 0.18831384958807573, 0.17851016794588609, 0.11743176973091075, 0.27996079543241814, 0.079818741768984222, 0.097555203356625264, 0.1414472058709281, 0.083442934685864736, 0.14678931291059422, 0.085555449272661538, 0.18272304229825698, 0.11207436752919396, 0.088522116733100592, 0.14077556126069424, 0.10473674369703351, 0.096520565702987435, 0.16367321173252028, 0.16449384699643776, 0.20964890545904655],
 listnumberlist 
[0, 0, 0, 0, 0, 0, 0, 0, 0, 0, 0, 0, 0, 0, 0, 0, 0, 0, 0, 0],
 end of file
