fullmaglist 
[19.210526315789473, 19.210526315789473, 19.210526315789473, 19.210526315789473, 19.210526315789473, 19.210526315789473, 19.210526315789473, 19.210526315789473, 19.210526315789473, 19.210526315789473, 19.210526315789473, 19.210526315789473, 19.210526315789473, 19.210526315789473, 19.210526315789473, 19.210526315789473, 19.210526315789473, 19.210526315789473, 19.210526315789473, 19.210526315789473],
 periodlist 
[0.0031622776601683798, 0.0054555947811685199, 0.0094120496726806703, 0.016237767391887217, 0.028013567611988671, 0.048329302385717518, 0.083378222347178912, 0.14384498882876623, 0.24816289228368255, 0.42813323987193919, 0.73861998220793579, 1.2742749857031335, 2.1983926488622894, 3.7926901907322494, 6.5431891297129621, 11.288378916846883, 19.474830399087551, 33.59818286283781, 57.963939533849604, 100.0],
 measuredperiodlist 
[0.0031723370669389647, 0.0054555946818386266, 0.0094120467660007891, 0.016237759899194643, 0.028823188270538189, 0.048329364904307261, 0.083378784475582446, 0.14384508425639464, 0.24816414608304371, 0.29953862944687376, 0.73860783890447368, 1.2742460039610826, 2.1982982442786776, 3.7931807890465876, 0.86542019524362446, 11.291785880719356, 19.494799652260472, 33.622472861518403, 58.053563488216071, 100.20439058594626],
 siglist 
[0.29610000000000003, 1.0, 0.14270000000000005, 0.029200000000000004, 1.0, 0.8575, 0.2329, 0.9995, 0.9393, 0.9968, 0.9185, 0.9998, 0.8677, 0.9998, 0.9998, 0.9511000000000001, 0.9217, 1.0, 0.6434, 1.0],
 powerlist 
[0.15164962551334737, 0.30483242138939382, 0.14465060377620467, 0.12994521053125455, 0.28409473209094194, 0.16844457700436205, 0.14187909520382747, 0.23302905405134178, 0.17936798983971605, 0.21679764286771597, 0.1459502358894203, 0.21203823625464741, 0.13984654188860451, 0.20992382328917236, 0.21529682641385486, 0.15365445956454285, 0.14630979803869104, 0.2396235380704638, 0.12484533878685297, 0.33906241322197733],
 listnumberlist 
[0, 0, 0, 0, 0, 0, 0, 0, 0, 0, 0, 0, 0, 0, 0, 0, 0, 0, 0, 0],
 end of file
