fullmaglist 
[17.0, 17.0, 17.0, 17.0, 17.0, 17.0, 17.0, 17.0, 17.0, 17.0, 17.0, 17.0, 17.0, 17.0, 17.0, 17.0, 17.0, 17.0, 17.0, 17.0],
 periodlist 
[0.0031622776601683798, 0.0054555947811685199, 0.0094120496726806703, 0.016237767391887217, 0.028013567611988671, 0.048329302385717518, 0.083378222347178912, 0.14384498882876623, 0.24816289228368255, 0.42813323987193919, 0.73861998220793579, 1.2742749857031335, 2.1983926488622894, 3.7926901907322494, 6.5431891297129621, 11.288378916846883, 19.474830399087551, 33.59818286283781, 57.963939533849604, 100.0],
 measuredperiodlist 
[0.0031622779560412846, 0.0054259118479463575, 0.0094120484104159245, 0.016237761275732104, 0.028015740966556929, 0.048329358129680429, 0.083377659345542227, 0.35028735705398722, 0.24816257419628129, 0.42812613784425796, 0.73858030776746519, 4.5876040283143658, 0.72281918190403782, 1.3529066040044622, 6.5418155286170432, 11.292821467243852, 19.479159513660015, 33.572054172331619, 58.216284906581791, 100.05898666478937],
 siglist 
[0.42910000000000004, 0.9996, 0.9986, 0.6635, 0.9824, 0.8269, 0.9776, 0.9846, 0.6386000000000001, 1.0, 0.9986, 0.8768, 0.9319999999999999, 1.0, 0.9997, 0.9969, 0.7811, 0.9999, 0.9881, 1.0],
 powerlist 
[0.13557400314380288, 0.20950929326591367, 0.19338637383801929, 0.13498218619947169, 0.1667266158535996, 0.14180682810672474, 0.16630397013845841, 0.16509971209491009, 0.13602704969266674, 0.23806829138115654, 0.16568806470306388, 0.12171368648390055, 0.12848919554033533, 0.18768591537498558, 0.18095367507198271, 0.15785367282602458, 0.11592427010466867, 0.20023817571905961, 0.147374820369787, 0.28117494939235815],
 listnumberlist 
[0, 0, 0, 0, 0, 0, 0, 0, 0, 0, 0, 0, 0, 0, 0, 0, 0, 0, 0, 0],
 end of file
