fullmaglist 
[18.473684210526315, 18.473684210526315, 18.473684210526315, 18.473684210526315, 18.473684210526315, 18.473684210526315, 18.473684210526315, 18.473684210526315, 18.473684210526315, 18.473684210526315, 18.473684210526315, 18.473684210526315, 18.473684210526315, 18.473684210526315, 18.473684210526315, 18.473684210526315, 18.473684210526315, 18.473684210526315, 18.473684210526315, 18.473684210526315],
 periodlist 
[0.0031622776601683798, 0.0054555947811685199, 0.0094120496726806703, 0.016237767391887217, 0.028013567611988671, 0.048329302385717518, 0.083378222347178912, 0.14384498882876623, 0.24816289228368255, 0.42813323987193919, 0.73861998220793579, 1.2742749857031335, 2.1983926488622894, 3.7926901907322494, 6.5431891297129621, 11.288378916846883, 19.474830399087551, 33.59818286283781, 57.963939533849604, 100.0],
 measuredperiodlist 
[0.0031622775185040719, 0.00545559466163244, 0.0094120481443644294, 0.016237765029812053, 0.028013568894944815, 0.048329343993019941, 0.083378172170518003, 0.1438447823563698, 0.24816149951763891, 0.42813253052604328, 0.73860883341869721, 1.2742355365909299, 2.1984033805753453, 3.7925017578805238, 6.5426176615079781, 11.287723002469434, 19.479055435097234, 33.590289590444314, 58.004336417881348, 100.18004707000362],
 siglist 
[0.11760000000000004, 1.0, 0.9989, 1.0, 1.0, 0.994, 0.9999, 1.0, 0.9936, 1.0, 1.0, 1.0, 0.9939, 1.0, 0.9989, 1.0, 1.0, 1.0, 1.0, 1.0],
 powerlist 
[0.0762256236212768, 0.18580490032264579, 0.10610013056553264, 0.11848158054446435, 0.17942488618110333, 0.097990473363132602, 0.11792430343206173, 0.21813140937169834, 0.097595214247968812, 0.13748927723133636, 0.13607160682475788, 0.15195414242057939, 0.088747989705436056, 0.12004348331697205, 0.096322097411416147, 0.10626889320627045, 0.16902638386352326, 0.13902735304886479, 0.11518429947709624, 0.18231505908962212],
 listnumberlist 
[0, 0, 0, 0, 0, 0, 0, 0, 0, 0, 0, 0, 0, 0, 0, 0, 0, 0, 0, 0],
 end of file
