fullmaglist 
[21.789473684210527, 21.789473684210527, 21.789473684210527, 21.789473684210527, 21.789473684210527, 21.789473684210527, 21.789473684210527, 21.789473684210527, 21.789473684210527, 21.789473684210527, 21.789473684210527, 21.789473684210527, 21.789473684210527, 21.789473684210527, 21.789473684210527, 21.789473684210527, 21.789473684210527, 21.789473684210527, 21.789473684210527, 21.789473684210527],
 periodlist 
[0.0031622776601683798, 0.0054555947811685199, 0.0094120496726806703, 0.016237767391887217, 0.028013567611988671, 0.048329302385717518, 0.083378222347178912, 0.14384498882876623, 0.24816289228368255, 0.42813323987193919, 0.73861998220793579, 1.2742749857031335, 2.1983926488622894, 3.7926901907322494, 6.5431891297129621, 11.288378916846883, 19.474830399087551, 33.59818286283781, 57.963939533849604, 100.0],
 measuredperiodlist 
[0.0031622776380590412, 0.0054555941236010879, 0.0094120489786875729, 0.016237770302674311, 0.028013562358345311, 0.048329264823429328, 0.083378154994958764, 0.14384511677187001, 0.24816413209379112, 0.42813346343823072, 0.73862784864722919, 1.2742414052018578, 2.1983111422828538, 3.7925455830413748, 6.5443901212660904, 11.287173351247098, 19.477792210481301, 33.578495478042541, 57.97956972282816, 100.14769828624374],
 siglist 
[0.27680000000000005, 1.0, 1.0, 1.0, 1.0, 0.9992, 0.9999, 1.0, 1.0, 1.0, 1.0, 1.0, 1.0, 1.0, 1.0, 1.0, 1.0, 1.0, 1.0, 1.0],
 powerlist 
[0.072056061446771541, 0.17808999041855708, 0.17279101890851972, 0.1113602548191697, 0.24088545571226766, 0.094966521559689834, 0.11358386000805877, 0.2269937820558991, 0.15440632113987676, 0.20499128913361023, 0.13962396118156178, 0.25079585122721898, 0.17221454456014262, 0.14296274839984263, 0.11778868902394306, 0.10799979796025584, 0.13764078346267766, 0.19411024277456115, 0.17444568652909265, 0.24217004788758414],
 listnumberlist 
[0, 0, 0, 0, 0, 0, 0, 0, 0, 0, 0, 0, 0, 0, 0, 0, 0, 0, 0, 0],
 end of file
