fullmaglist 
[17.0, 17.0, 17.0, 17.0, 17.0, 17.0, 17.0, 17.0, 17.0, 17.0, 17.0, 17.0, 17.0, 17.0, 17.0, 17.0, 17.0, 17.0, 17.0, 17.0],
 periodlist 
[0.0031622776601683798, 0.0054555947811685199, 0.0094120496726806703, 0.016237767391887217, 0.028013567611988671, 0.048329302385717518, 0.083378222347178912, 0.14384498882876623, 0.24816289228368255, 0.42813323987193919, 0.73861998220793579, 1.2742749857031335, 2.1983926488622894, 3.7926901907322494, 6.5431891297129621, 11.288378916846883, 19.474830399087551, 33.59818286283781, 57.963939533849604, 100.0],
 measuredperiodlist 
[0.0031622776477307048, 0.0054555942223724506, 0.0094120499535204662, 0.016237770839446861, 0.028013569896190013, 0.048329246633835622, 0.083378243628379187, 0.14384502242613975, 0.24816349852730657, 0.42813143922098912, 0.73862209423875724, 1.2742437566685962, 2.1984021738790354, 3.7923050715852575, 6.5431334663125789, 11.288143018750729, 19.465842619951609, 33.590355730735212, 57.994382637875418, 99.795985766538664],
 siglist 
[0.9533, 1.0, 1.0, 1.0, 1.0, 0.8026, 1.0, 1.0, 0.9999, 1.0, 1.0, 1.0, 1.0, 1.0, 1.0, 0.9621999999999999, 1.0, 1.0, 1.0, 1.0],
 powerlist 
[0.088670975413025072, 0.16689035759131654, 0.19795538764895995, 0.16869112010447196, 0.22988061782689195, 0.079772582197166791, 0.13236785174949953, 0.21394459488122325, 0.11286051195766736, 0.15931712630225095, 0.12265521603505418, 0.23647526829330373, 0.10480392076667369, 0.15753634028408436, 0.17345653403502803, 0.078428080911548737, 0.10302661029583876, 0.19469629891218365, 0.24227392063112402, 0.21467454918899642],
 listnumberlist 
[0, 0, 0, 0, 0, 0, 0, 0, 0, 0, 0, 0, 0, 0, 0, 0, 0, 0, 0, 0],
 end of file
