fullmaglist 
[22.526315789473685, 22.526315789473685, 22.526315789473685, 22.526315789473685, 22.526315789473685, 22.526315789473685, 22.526315789473685, 22.526315789473685, 22.526315789473685, 22.526315789473685, 22.526315789473685, 22.526315789473685, 22.526315789473685, 22.526315789473685, 22.526315789473685, 22.526315789473685, 22.526315789473685, 22.526315789473685, 22.526315789473685, 22.526315789473685],
 periodlist 
[0.0031622776601683798, 0.0054555947811685199, 0.0094120496726806703, 0.016237767391887217, 0.028013567611988671, 0.048329302385717518, 0.083378222347178912, 0.14384498882876623, 0.24816289228368255, 0.42813323987193919, 0.73861998220793579, 1.2742749857031335, 2.1983926488622894, 3.7926901907322494, 6.5431891297129621, 11.288378916846883, 19.474830399087551, 33.59818286283781, 57.963939533849604, 100.0],
 measuredperiodlist 
[0.0031622778624565001, 0.0054555943757951825, 0.0094120496028940095, 0.016237765960488648, 0.028013574909565658, 0.048329261052839342, 0.083378236338887732, 0.14384475140168884, 0.24816339730263534, 0.42812984450469305, 0.73861730648549406, 1.2742668721142403, 2.1984587474845187, 3.7926264395764462, 6.5432214528689157, 11.287483835215632, 19.472886765192261, 33.598016251856585, 57.984986375109763, 99.972627728253656],
 siglist 
[0.4357, 1.0, 1.0, 1.0, 1.0, 0.951, 0.9944, 1.0, 0.7711, 1.0, 0.999, 1.0, 0.9996, 0.9999, 1.0, 0.9889, 1.0, 1.0, 1.0, 1.0],
 powerlist 
[0.071070421352207286, 0.16034034368334496, 0.15063663578274905, 0.11916190802075376, 0.17835329957934309, 0.077827829979406737, 0.086459448854986132, 0.16748865191055912, 0.071442377661637677, 0.13505249779519754, 0.084554429658172073, 0.13136639642099421, 0.084372203313224703, 0.097145337574164228, 0.12789555869078248, 0.076679521077680196, 0.10553464312317741, 0.13670927655022652, 0.19014145394379109, 0.19784926604534045],
 listnumberlist 
[0, 0, 0, 0, 0, 0, 0, 0, 0, 0, 0, 0, 0, 0, 0, 0, 0, 0, 0, 0],
 end of file
