fullmaglist 
[21.05263157894737, 21.05263157894737, 21.05263157894737, 21.05263157894737, 21.05263157894737, 21.05263157894737, 21.05263157894737, 21.05263157894737, 21.05263157894737, 21.05263157894737, 21.05263157894737, 21.05263157894737, 21.05263157894737, 21.05263157894737, 21.05263157894737, 21.05263157894737, 21.05263157894737, 21.05263157894737, 21.05263157894737, 21.05263157894737],
 periodlist 
[0.0031622776601683798, 0.0054555947811685199, 0.0094120496726806703, 0.016237767391887217, 0.028013567611988671, 0.048329302385717518, 0.083378222347178912, 0.14384498882876623, 0.24816289228368255, 0.42813323987193919, 0.73861998220793579, 1.2742749857031335, 2.1983926488622894, 3.7926901907322494, 6.5431891297129621, 11.288378916846883, 19.474830399087551, 33.59818286283781, 57.963939533849604, 100.0],
 measuredperiodlist 
[0.003162277544040055, 0.0054555948238078746, 0.0094120504234745661, 0.016237765044612881, 0.028013568548969924, 0.048329334073795222, 0.083378224264659281, 0.14384497900318682, 0.24816304076316434, 0.42813546876443159, 0.73861635895663935, 1.2742875536746379, 2.1983244449726738, 3.7927763399083507, 6.5425275031641661, 11.287262556413676, 19.472447715508746, 33.587563156733758, 57.948025640711002, 100.00156720710342],
 siglist 
[0.5161, 1.0, 1.0, 1.0, 1.0, 0.9999, 0.7497, 1.0, 0.9959, 1.0, 1.0, 1.0, 1.0, 1.0, 1.0, 0.9987, 1.0, 1.0, 1.0, 1.0],
 powerlist 
[0.074183218159656797, 0.20121585487633306, 0.16441085223343718, 0.15804662198954189, 0.22762632621772336, 0.10147165368934304, 0.072266307192891385, 0.17537004629142836, 0.091071603217898228, 0.12785617788706061, 0.10086166010378098, 0.13266845022634163, 0.11788118968149318, 0.12038212196513545, 0.12405232155991969, 0.08627830772649607, 0.11244867026836788, 0.16931300058251994, 0.19494019688571299, 0.21690255727626229],
 listnumberlist 
[0, 0, 0, 0, 0, 0, 0, 0, 0, 0, 0, 0, 0, 0, 0, 0, 0, 0, 0, 0],
 end of file
