fullmaglist 
[18.105263157894736, 18.105263157894736, 18.105263157894736, 18.105263157894736, 18.105263157894736, 18.105263157894736, 18.105263157894736, 18.105263157894736, 18.105263157894736, 18.105263157894736, 18.105263157894736, 18.105263157894736, 18.105263157894736, 18.105263157894736, 18.105263157894736, 18.105263157894736, 18.105263157894736, 18.105263157894736, 18.105263157894736, 18.105263157894736],
 periodlist 
[0.0031622776601683798, 0.0054555947811685199, 0.0094120496726806703, 0.016237767391887217, 0.028013567611988671, 0.048329302385717518, 0.083378222347178912, 0.14384498882876623, 0.24816289228368255, 0.42813323987193919, 0.73861998220793579, 1.2742749857031335, 2.1983926488622894, 3.7926901907322494, 6.5431891297129621, 11.288378916846883, 19.474830399087551, 33.59818286283781, 57.963939533849604, 100.0],
 measuredperiodlist 
[0.0031622775267767574, 0.0054555944401225871, 0.0094120424494137916, 0.015977614574953992, 0.021964103965531084, 0.059950290372075124, 0.01888958264013306, 0.017597910901514104, 0.33036190603717963, 0.29953987858938252, 0.73861068707027577, 0.55943358085968165, 2.1981805128226162, 3.7923546732197972, 0.86741372334088729, 11.290380745622691, 19.494579194241933, 33.545922277522223, 58.10248015104181, 100.25100913466915],
 siglist 
[0.4254, 0.9934, 0.683, 0.32899999999999996, 0.5295000000000001, 0.3841, 0.5347999999999999, 0.9507, 1.0, 0.9771, 0.9955, 0.9988, 0.9431, 0.9932, 0.9958, 0.46240000000000003, 0.7477, 0.9998, 0.9472, 1.0],
 powerlist 
[0.13369570980330281, 0.17603158241652567, 0.14004883397144896, 0.12375261884042711, 0.13158123470865615, 0.12583588092686257, 0.13010068790455526, 0.15286492203486632, 0.24554152340646848, 0.15906711994042785, 0.15078397958919609, 0.16541275522670407, 0.12988938222431656, 0.1492898392927853, 0.15567939233055458, 0.10376115595094597, 0.11403187727276187, 0.18626593547756326, 0.12953329704036892, 0.22390553386954609],
 listnumberlist 
[0, 0, 0, 0, 0, 0, 0, 0, 0, 0, 0, 0, 0, 0, 0, 0, 0, 0, 0, 0],
 end of file
