fullmaglist 
[23.263157894736842, 23.263157894736842, 23.263157894736842, 23.263157894736842, 23.263157894736842, 23.263157894736842, 23.263157894736842, 23.263157894736842, 23.263157894736842, 23.263157894736842, 23.263157894736842, 23.263157894736842, 23.263157894736842, 23.263157894736842, 23.263157894736842, 23.263157894736842, 23.263157894736842, 23.263157894736842, 23.263157894736842, 23.263157894736842],
 periodlist 
[0.0031622776601683798, 0.0054555947811685199, 0.0094120496726806703, 0.016237767391887217, 0.028013567611988671, 0.048329302385717518, 0.083378222347178912, 0.14384498882876623, 0.24816289228368255, 0.42813323987193919, 0.73861998220793579, 1.2742749857031335, 2.1983926488622894, 3.7926901907322494, 6.5431891297129621, 11.288378916846883, 19.474830399087551, 33.59818286283781, 57.963939533849604, 100.0],
 measuredperiodlist 
[0.0031622774856327157, 0.0054555954146545595, 0.0094120502581808291, 0.016237761127767474, 0.028013577013844954, 0.048329362163894968, 0.083378106571315197, 0.14384506016272963, 0.24816356156444427, 0.4281318804064671, 0.73862694591921108, 1.2743047982280213, 2.1982080728335816, 3.7925466240722341, 6.5436603186570066, 11.286944688265477, 19.459009441819678, 33.568978209638395, 58.055570982308026, 99.614421450745951],
 siglist 
[0.26839999999999997, 1.0, 1.0, 0.9282, 1.0, 0.4286, 0.17600000000000005, 0.9979, 0.9843, 0.9997, 0.9829, 1.0, 0.8575, 0.9605, 1.0, 0.9991, 0.9824, 0.9944, 0.9999, 1.0],
 powerlist 
[0.084511088673830281, 0.1767036748711418, 0.16919370310374834, 0.097945822165207183, 0.15623901276271593, 0.087090596725804048, 0.080279396615890689, 0.1160793185915886, 0.10430558116361882, 0.12390740090696403, 0.091327444288204343, 0.13514651338352218, 0.082190390038774805, 0.091603372726997243, 0.15125463045395687, 0.10719745890245663, 0.092620738756609672, 0.099650192051604636, 0.11181780854990252, 0.18385739396164152],
 listnumberlist 
[0, 0, 0, 0, 0, 0, 0, 0, 0, 0, 0, 0, 0, 0, 0, 0, 0, 0, 0, 0],
 end of file
