fullmaglist 
[18.473684210526315, 18.473684210526315, 18.473684210526315, 18.473684210526315, 18.473684210526315, 18.473684210526315, 18.473684210526315, 18.473684210526315, 18.473684210526315, 18.473684210526315, 18.473684210526315, 18.473684210526315, 18.473684210526315, 18.473684210526315, 18.473684210526315, 18.473684210526315, 18.473684210526315, 18.473684210526315, 18.473684210526315, 18.473684210526315],
 periodlist 
[0.0031622776601683798, 0.0054555947811685199, 0.0094120496726806703, 0.016237767391887217, 0.028013567611988671, 0.048329302385717518, 0.083378222347178912, 0.14384498882876623, 0.24816289228368255, 0.42813323987193919, 0.73861998220793579, 1.2742749857031335, 2.1983926488622894, 3.7926901907322494, 6.5431891297129621, 11.288378916846883, 19.474830399087551, 33.59818286283781, 57.963939533849604, 100.0],
 measuredperiodlist 
[0.0031622775843795636, 0.005455594359503527, 0.0094120498514828725, 0.0162377655247012, 0.028013561308978731, 0.048329315238336806, 0.083378191579625616, 0.14384515350858229, 0.24816243448972719, 0.42813555625820388, 0.73861926644843734, 1.274254043058628, 2.1983687735530748, 3.7925369994300864, 6.542738984373365, 11.287702726456551, 19.469334875961206, 33.615066937123594, 57.986635601407201, 100.07206193940829],
 siglist 
[0.8071, 1.0, 1.0, 1.0, 1.0, 0.9428, 0.931, 1.0, 0.9929, 1.0, 1.0, 1.0, 1.0, 1.0, 1.0, 1.0, 0.999, 1.0, 1.0, 1.0],
 powerlist 
[0.083784598439103644, 0.18056864058446809, 0.19294489363951989, 0.12656031975212717, 0.27258289448008916, 0.086689561879027655, 0.083639160852031311, 0.16045889075367059, 0.098035199910245646, 0.21681079459440239, 0.11341502301226725, 0.24718390269836515, 0.11035026681466931, 0.14329530821044906, 0.13242845636877637, 0.097579262035397407, 0.095151179499867983, 0.17484262538106071, 0.21029263938445392, 0.24599715755525448],
 listnumberlist 
[0, 0, 0, 0, 0, 0, 0, 0, 0, 0, 0, 0, 0, 0, 0, 0, 0, 0, 0, 0],
 end of file
