fullmaglist 
[18.473684210526315, 18.473684210526315, 18.473684210526315, 18.473684210526315, 18.473684210526315, 18.473684210526315, 18.473684210526315, 18.473684210526315, 18.473684210526315, 18.473684210526315, 18.473684210526315, 18.473684210526315, 18.473684210526315, 18.473684210526315, 18.473684210526315, 18.473684210526315, 18.473684210526315, 18.473684210526315, 18.473684210526315, 18.473684210526315],
 periodlist 
[0.0031622776601683798, 0.0054555947811685199, 0.0094120496726806703, 0.016237767391887217, 0.028013567611988671, 0.048329302385717518, 0.083378222347178912, 0.14384498882876623, 0.24816289228368255, 0.42813323987193919, 0.73861998220793579, 1.2742749857031335, 2.1983926488622894, 3.7926901907322494, 6.5431891297129621, 11.288378916846883, 19.474830399087551, 33.59818286283781, 57.963939533849604, 100.0],
 measuredperiodlist 
[0.0031622775787763912, 0.0054555945998015195, 0.0094120490387449574, 0.016237768708116572, 0.02801355582778713, 0.048329309733452085, 0.083378031077479667, 0.14384479931773383, 0.24816168592251786, 0.42813302802979236, 0.73862362340665288, 1.2742706323480157, 2.198483931032396, 3.7926680773689712, 6.5429735967900591, 11.287631359237016, 19.473984476025258, 33.588869437901785, 57.899464823167385, 100.09428623374949],
 siglist 
[0.9335, 1.0, 1.0, 1.0, 1.0, 0.9899, 0.9907, 1.0, 0.9993, 1.0, 1.0, 1.0, 1.0, 1.0, 1.0, 1.0, 0.9991, 1.0, 1.0, 1.0],
 powerlist 
[0.082575203265860042, 0.19937356840996565, 0.13937005255322549, 0.14276834830006074, 0.25568513428293482, 0.087215651961752072, 0.088098716343209885, 0.12853654893401484, 0.10096474307709913, 0.12053862327862022, 0.1233742382728561, 0.20421204537898513, 0.11747073564112773, 0.12100475807817355, 0.12024289849621353, 0.10188761608708846, 0.087996640667804299, 0.19215976339703539, 0.20368678087494163, 0.23723825282185512],
 listnumberlist 
[0, 0, 0, 0, 0, 0, 0, 0, 0, 0, 0, 0, 0, 0, 0, 0, 0, 0, 0, 0],
 end of file
