fullmaglist 
[21.789473684210527, 21.789473684210527, 21.789473684210527, 21.789473684210527, 21.789473684210527, 21.789473684210527, 21.789473684210527, 21.789473684210527, 21.789473684210527, 21.789473684210527, 21.789473684210527, 21.789473684210527, 21.789473684210527, 21.789473684210527, 21.789473684210527, 21.789473684210527, 21.789473684210527, 21.789473684210527, 21.789473684210527, 21.789473684210527],
 periodlist 
[0.0031622776601683798, 0.0054555947811685199, 0.0094120496726806703, 0.016237767391887217, 0.028013567611988671, 0.048329302385717518, 0.083378222347178912, 0.14384498882876623, 0.24816289228368255, 0.42813323987193919, 0.73861998220793579, 1.2742749857031335, 2.1983926488622894, 3.7926901907322494, 6.5431891297129621, 11.288378916846883, 19.474830399087551, 33.59818286283781, 57.963939533849604, 100.0],
 measuredperiodlist 
[0.0031622777177217442, 0.0054555947548828396, 0.0094120475001569798, 0.016237767181656499, 0.028013559008081747, 0.048329269166267994, 0.083378099497836727, 0.14384487119186115, 0.24816264857092954, 0.4281333463849063, 0.73860751547122538, 1.2742612318051867, 2.1983104560713387, 3.7929762254508743, 6.5433949632974402, 11.287041286287407, 19.472447715508746, 33.592788891120684, 57.905287823524795, 100.05949645728403],
 siglist 
[0.5756, 1.0, 1.0, 0.9999, 1.0, 0.998, 0.2653, 1.0, 0.38970000000000005, 1.0, 1.0, 1.0, 1.0, 0.9379, 0.9999, 0.976, 0.9946, 1.0, 1.0, 1.0],
 powerlist 
[0.07894426766921217, 0.15093146545287034, 0.13090287498456279, 0.11241660326460277, 0.1726785730213681, 0.10247425905344343, 0.07189129615687509, 0.16229043798331386, 0.082620166639826326, 0.17003701368875909, 0.11939069379761638, 0.1112059754953767, 0.14232292792531093, 0.088714301631550072, 0.10454261903216458, 0.081088498433098191, 0.091723041393902707, 0.14567594023725325, 0.15292894876324772, 0.21807531130384147],
 listnumberlist 
[0, 0, 0, 0, 0, 0, 0, 0, 0, 0, 0, 0, 0, 0, 0, 0, 0, 0, 0, 0],
 end of file
