fullmaglist 
[22.157894736842106, 22.157894736842106, 22.157894736842106, 22.157894736842106, 22.157894736842106, 22.157894736842106, 22.157894736842106, 22.157894736842106, 22.157894736842106, 22.157894736842106, 22.157894736842106, 22.157894736842106, 22.157894736842106, 22.157894736842106, 22.157894736842106, 22.157894736842106, 22.157894736842106, 22.157894736842106, 22.157894736842106, 22.157894736842106],
 periodlist 
[0.0031622776601683798, 0.0054555947811685199, 0.0094120496726806703, 0.016237767391887217, 0.028013567611988671, 0.048329302385717518, 0.083378222347178912, 0.14384498882876623, 0.24816289228368255, 0.42813323987193919, 0.73861998220793579, 1.2742749857031335, 2.1983926488622894, 3.7926901907322494, 6.5431891297129621, 11.288378916846883, 19.474830399087551, 33.59818286283781, 57.963939533849604, 100.0],
 measuredperiodlist 
[0.0031622775629527311, 0.005455594398730613, 0.0094120452937191332, 0.016237757659281506, 0.028013570972714945, 0.048329397068876942, 0.083378239339578553, 0.14384493745793003, 0.24816292236528945, 0.42813388703423871, 0.73861618647872684, 1.2743192699969543, 2.1982245944880221, 3.7927699630527449, 6.5425348407780106, 11.289897369431737, 19.479326632414541, 33.598701392419173, 57.909736486898339, 100.39165961254157],
 siglist 
[0.6029, 1.0, 1.0, 1.0, 1.0, 1.0, 0.9969, 1.0, 1.0, 1.0, 1.0, 1.0, 1.0, 1.0, 1.0, 0.9997, 1.0, 1.0, 1.0, 1.0],
 powerlist 
[0.07377978100730892, 0.20651389646220308, 0.1753873303622728, 0.13254923748603845, 0.22699171890992675, 0.13239897075411922, 0.091010636594414038, 0.19082804571164141, 0.12943167562085689, 0.14901439014997098, 0.15909371941679534, 0.18715746790404897, 0.14393435107695468, 0.12365603483204762, 0.14478227664053306, 0.092349189482946986, 0.15476276760723434, 0.17710251175682187, 0.17230874987420758, 0.23609013426427983],
 listnumberlist 
[0, 0, 0, 0, 0, 0, 0, 0, 0, 0, 0, 0, 0, 0, 0, 0, 0, 0, 0, 0],
 end of file
