fullmaglist 
[21.421052631578945, 21.421052631578945, 21.421052631578945, 21.421052631578945, 21.421052631578945, 21.421052631578945, 21.421052631578945, 21.421052631578945, 21.421052631578945, 21.421052631578945, 21.421052631578945, 21.421052631578945, 21.421052631578945, 21.421052631578945, 21.421052631578945, 21.421052631578945, 21.421052631578945, 21.421052631578945, 21.421052631578945, 21.421052631578945],
 periodlist 
[0.0031622776601683798, 0.0054555947811685199, 0.0094120496726806703, 0.016237767391887217, 0.028013567611988671, 0.048329302385717518, 0.083378222347178912, 0.14384498882876623, 0.24816289228368255, 0.42813323987193919, 0.73861998220793579, 1.2742749857031335, 2.1983926488622894, 3.7926901907322494, 6.5431891297129621, 11.288378916846883, 19.474830399087551, 33.59818286283781, 57.963939533849604, 100.0],
 measuredperiodlist 
[0.003162277549824398, 0.005455594890886515, 0.0094120496474076921, 0.016237770383897097, 0.028013566280521464, 0.048329281608655024, 0.083378227613371172, 0.14384460534723015, 0.24816286010366398, 0.42813133365697353, 0.73861298254746832, 1.274281162519334, 2.198385473589191, 3.7926943951958987, 6.5430348413682431, 11.288583345394652, 19.467152069129693, 33.57281983498455, 57.905416503866128, 99.66995928782471],
 siglist 
[0.34409999999999996, 1.0, 1.0, 1.0, 1.0, 0.9983, 1.0, 1.0, 0.886, 1.0, 1.0, 1.0, 0.9855, 1.0, 1.0, 1.0, 1.0, 1.0, 1.0, 1.0],
 powerlist 
[0.075925810127464147, 0.17058335170096323, 0.18726865925450431, 0.15951047104807253, 0.28316904850949931, 0.097179672923973448, 0.10640008070514548, 0.16652915322876916, 0.080551296761476834, 0.16062777335636974, 0.14601827751927857, 0.22644121969297498, 0.080496414351055465, 0.16112294885747719, 0.13223437647602207, 0.10907923169071793, 0.14151388334201848, 0.15809430111599188, 0.21498407819463025, 0.24116062061166127],
 listnumberlist 
[0, 0, 0, 0, 0, 0, 0, 0, 0, 0, 0, 0, 0, 0, 0, 0, 0, 0, 0, 0],
 end of file
