fullmaglist 
[18.842105263157894, 18.842105263157894, 18.842105263157894, 18.842105263157894, 18.842105263157894, 18.842105263157894, 18.842105263157894, 18.842105263157894, 18.842105263157894, 18.842105263157894, 18.842105263157894, 18.842105263157894, 18.842105263157894, 18.842105263157894, 18.842105263157894, 18.842105263157894, 18.842105263157894, 18.842105263157894, 18.842105263157894, 18.842105263157894],
 periodlist 
[0.0031622776601683798, 0.0054555947811685199, 0.0094120496726806703, 0.016237767391887217, 0.028013567611988671, 0.048329302385717518, 0.083378222347178912, 0.14384498882876623, 0.24816289228368255, 0.42813323987193919, 0.73861998220793579, 1.2742749857031335, 2.1983926488622894, 3.7926901907322494, 6.5431891297129621, 11.288378916846883, 19.474830399087551, 33.59818286283781, 57.963939533849604, 100.0],
 measuredperiodlist 
[0.003162277544040055, 0.0054555944102576944, 0.0094120477053020162, 0.016237761991694397, 0.028013580361507154, 0.048329294858809997, 0.083378365130875459, 0.14384464359070437, 0.24816357557275506, 0.42813324026648236, 0.73862204416623356, 1.2742950744085015, 2.1984167761868161, 3.7925431667340588, 6.5430479516420572, 11.286156292529016, 19.474423595011658, 33.596709259160875, 58.006406253084947, 99.955272079359062],
 siglist 
[0.6574, 1.0, 1.0, 1.0, 1.0, 0.9865, 0.9999, 1.0, 0.9035, 1.0, 1.0, 1.0, 1.0, 1.0, 1.0, 0.9999, 1.0, 1.0, 1.0, 1.0],
 powerlist 
[0.073003118700449829, 0.19096629294540379, 0.14200983010824006, 0.15297024341480303, 0.22473499751413106, 0.085322536586374148, 0.10919198234228322, 0.22105678058109274, 0.078151922238763133, 0.17768588230380211, 0.11562324589083198, 0.22202769527684335, 0.16816674067832854, 0.12858760796016108, 0.1128017763877799, 0.096426416452113847, 0.12438862875990789, 0.18819308173794702, 0.23242129043409043, 0.2815722512761164],
 listnumberlist 
[0, 0, 0, 0, 0, 0, 0, 0, 0, 0, 0, 0, 0, 0, 0, 0, 0, 0, 0, 0],
 end of file
