fullmaglist 
[18.842105263157894, 18.842105263157894, 18.842105263157894, 18.842105263157894, 18.842105263157894, 18.842105263157894, 18.842105263157894, 18.842105263157894, 18.842105263157894, 18.842105263157894, 18.842105263157894, 18.842105263157894, 18.842105263157894, 18.842105263157894, 18.842105263157894, 18.842105263157894, 18.842105263157894, 18.842105263157894, 18.842105263157894, 18.842105263157894],
 periodlist 
[0.0031622776601683798, 0.0054555947811685199, 0.0094120496726806703, 0.016237767391887217, 0.028013567611988671, 0.048329302385717518, 0.083378222347178912, 0.14384498882876623, 0.24816289228368255, 0.42813323987193919, 0.73861998220793579, 1.2742749857031335, 2.1983926488622894, 3.7926901907322494, 6.5431891297129621, 11.288378916846883, 19.474830399087551, 33.59818286283781, 57.963939533849604, 100.0],
 measuredperiodlist 
[0.0031622775613427867, 0.0054555946680484753, 0.0094120509228777099, 0.016237770080197268, 0.028013565828562959, 0.048329293715335078, 0.08337812751971041, 0.14384520117498426, 0.24816417242249283, 0.42813059471032178, 0.73862052324146199, 1.2742942550859317, 2.1983910403242803, 3.7923878997019798, 6.5432074369720175, 11.288289790481866, 19.481567645975705, 33.598805474913924, 57.938263476853542, 99.870605875190876],
 siglist 
[1.0, 1.0, 1.0, 1.0, 1.0, 0.9999, 0.9992, 1.0, 0.9982, 1.0, 1.0, 1.0, 0.9999, 1.0, 0.9997, 0.9997, 1.0, 1.0, 1.0, 1.0],
 powerlist 
[0.10937858361411423, 0.22325591591433347, 0.19300343023900529, 0.16613730944342883, 0.22392138179845733, 0.10974420991042845, 0.098256391081058728, 0.1550763802081627, 0.096287605389113656, 0.15280253638508356, 0.10026010171658054, 0.16578548239867522, 0.10106014804072994, 0.15088175366562975, 0.092924324924968327, 0.096322029474066095, 0.16276003607285155, 0.1902371990289265, 0.18423759027284822, 0.22125481942385772],
 listnumberlist 
[0, 0, 0, 0, 0, 0, 0, 0, 0, 0, 0, 0, 0, 0, 0, 0, 0, 0, 0, 0],
 end of file
