fullmaglist 
[18.105263157894736, 18.105263157894736, 18.105263157894736, 18.105263157894736, 18.105263157894736, 18.105263157894736, 18.105263157894736, 18.105263157894736, 18.105263157894736, 18.105263157894736, 18.105263157894736, 18.105263157894736, 18.105263157894736, 18.105263157894736, 18.105263157894736, 18.105263157894736, 18.105263157894736, 18.105263157894736, 18.105263157894736, 18.105263157894736],
 periodlist 
[0.0031622776601683798, 0.0054555947811685199, 0.0094120496726806703, 0.016237767391887217, 0.028013567611988671, 0.048329302385717518, 0.083378222347178912, 0.14384498882876623, 0.24816289228368255, 0.42813323987193919, 0.73861998220793579, 1.2742749857031335, 2.1983926488622894, 3.7926901907322494, 6.5431891297129621, 11.288378916846883, 19.474830399087551, 33.59818286283781, 57.963939533849604, 100.0],
 measuredperiodlist 
[0.0031622775876723901, 0.0054555951419940161, 0.0094120468678250101, 0.016237770349016606, 0.028013576132351489, 0.048329317066665767, 0.083378244298473361, 0.1438448658421517, 0.2481633098910131, 0.4281315796497927, 0.73862644317621162, 1.2742252418694393, 2.198356023995192, 3.7926509916729088, 6.5425436421311183, 11.285667028520624, 19.478180648190545, 33.56104888895689, 57.971386899227426, 99.839902617984393],
 siglist 
[0.9584, 1.0, 1.0, 1.0, 1.0, 1.0, 0.9997, 1.0, 0.41910000000000003, 1.0, 1.0, 1.0, 1.0, 1.0, 0.9999, 0.9983, 1.0, 1.0, 1.0, 1.0],
 powerlist 
[0.095029169568631749, 0.22845509462579333, 0.18776425924089946, 0.16093030584385329, 0.19777704588367412, 0.12059817246833154, 0.11720866996855815, 0.15650505579277599, 0.080206398269256143, 0.13893446697064216, 0.10720042182962686, 0.1568958244999358, 0.15895752553003104, 0.12523971446271107, 0.10796195502750834, 0.093611096831592286, 0.12367352285975845, 0.11839965713868029, 0.15857416036692668, 0.25729891548100914],
 listnumberlist 
[0, 0, 0, 0, 0, 0, 0, 0, 0, 0, 0, 0, 0, 0, 0, 0, 0, 0, 0, 0],
 end of file
