fullmaglist 
[22.526315789473685, 22.526315789473685, 22.526315789473685, 22.526315789473685, 22.526315789473685, 22.526315789473685, 22.526315789473685, 22.526315789473685, 22.526315789473685, 22.526315789473685, 22.526315789473685, 22.526315789473685, 22.526315789473685, 22.526315789473685, 22.526315789473685, 22.526315789473685, 22.526315789473685, 22.526315789473685, 22.526315789473685, 22.526315789473685],
 periodlist 
[0.0031622776601683798, 0.0054555947811685199, 0.0094120496726806703, 0.016237767391887217, 0.028013567611988671, 0.048329302385717518, 0.083378222347178912, 0.14384498882876623, 0.24816289228368255, 0.42813323987193919, 0.73861998220793579, 1.2742749857031335, 2.1983926488622894, 3.7926901907322494, 6.5431891297129621, 11.288378916846883, 19.474830399087551, 33.59818286283781, 57.963939533849604, 100.0],
 measuredperiodlist 
[0.0031622772971919705, 0.0054555945878821781, 0.0094120508723530318, 0.016237771825975977, 0.028013559184631519, 0.048329256726792787, 0.083378146962146724, 0.14384517654328269, 0.2481638474507297, 0.42813769943603047, 0.73861240423289409, 1.2742667336692566, 2.1984144501854823, 3.792595442971769, 6.542485381031077, 11.286731742427992, 19.483054092373969, 33.624809500696905, 57.977627636557834, 99.92799082102006],
 siglist 
[0.23260000000000003, 1.0, 1.0, 1.0, 1.0, 1.0, 1.0, 1.0, 1.0, 1.0, 1.0, 1.0, 1.0, 1.0, 1.0, 1.0, 1.0, 1.0, 1.0, 1.0],
 powerlist 
[0.068732787003882273, 0.2263038828456313, 0.15395610369299606, 0.12889927119396302, 0.27341285028207396, 0.11342367838107539, 0.11080721632455116, 0.1518029123751739, 0.13289343280638868, 0.2097561590059368, 0.14194364283343688, 0.15647920054659173, 0.13784709437018855, 0.1571802214012743, 0.15777863861686825, 0.12752832919218432, 0.16493323507923305, 0.16646743979811604, 0.12922348019550564, 0.24487242103994261],
 listnumberlist 
[0, 0, 0, 0, 0, 0, 0, 0, 0, 0, 0, 0, 0, 0, 0, 0, 0, 0, 0, 0],
 end of file
