fullmaglist 
[23.63157894736842, 23.63157894736842, 23.63157894736842, 23.63157894736842, 23.63157894736842, 23.63157894736842, 23.63157894736842, 23.63157894736842, 23.63157894736842, 23.63157894736842, 23.63157894736842, 23.63157894736842, 23.63157894736842, 23.63157894736842, 23.63157894736842, 23.63157894736842, 23.63157894736842, 23.63157894736842, 23.63157894736842, 23.63157894736842],
 periodlist 
[0.0031622776601683798, 0.0054555947811685199, 0.0094120496726806703, 0.016237767391887217, 0.028013567611988671, 0.048329302385717518, 0.083378222347178912, 0.14384498882876623, 0.24816289228368255, 0.42813323987193919, 0.73861998220793579, 1.2742749857031335, 2.1983926488622894, 3.7926901907322494, 6.5431891297129621, 11.288378916846883, 19.474830399087551, 33.59818286283781, 57.963939533849604, 100.0],
 measuredperiodlist 
[0.0031622774452025803, 0.0054555943144551453, 0.0094120536862584547, 0.016237763564341194, 0.028013537580557323, 0.010686806620671386, 0.083378130662748823, 0.12571270120342942, 0.24816274345832209, 0.37979713736208948, 0.73861843813888672, 1.2742307088944032, 2.1982387732000062, 3.7922060481640418, 6.5421767710625893, 11.287312600445436, 19.482000066938486, 33.625045124703327, 57.844155351103488, 99.971032912313603],
 siglist 
[0.8248, 0.8434, 0.8614999999999999, 0.8841, 1.0, 0.4415, 0.7068, 0.7221, 0.4455, 0.9482, 0.9933, 0.9994, 0.9597, 0.9483, 0.9709, 0.7621, 0.9204, 0.9957, 0.9797, 1.0],
 powerlist 
[0.11337399149260192, 0.12459269613545723, 0.11925428738114821, 0.11400401456061929, 0.15044147444106154, 0.10717659266703396, 0.10506396415286139, 0.10767190800908513, 0.10232995934461453, 0.12312083098955406, 0.11623061166810465, 0.13676720835576867, 0.10631425423029367, 0.10596486177579914, 0.10636979419176461, 0.09328210566207952, 0.099079991689303648, 0.11978174683008461, 0.10959169808817881, 0.17456399853910182],
 listnumberlist 
[0, 0, 0, 0, 0, 0, 0, 0, 0, 0, 0, 0, 0, 0, 0, 0, 0, 0, 0, 0],
 end of file
