fullmaglist 
[22.894736842105264, 22.894736842105264, 22.894736842105264, 22.894736842105264, 22.894736842105264, 22.894736842105264, 22.894736842105264, 22.894736842105264, 22.894736842105264, 22.894736842105264, 22.894736842105264, 22.894736842105264, 22.894736842105264, 22.894736842105264, 22.894736842105264, 22.894736842105264, 22.894736842105264, 22.894736842105264, 22.894736842105264, 22.894736842105264],
 periodlist 
[0.0031622776601683798, 0.0054555947811685199, 0.0094120496726806703, 0.016237767391887217, 0.028013567611988671, 0.048329302385717518, 0.083378222347178912, 0.14384498882876623, 0.24816289228368255, 0.42813323987193919, 0.73861998220793579, 1.2742749857031335, 2.1983926488622894, 3.7926901907322494, 6.5431891297129621, 11.288378916846883, 19.474830399087551, 33.59818286283781, 57.963939533849604, 100.0],
 measuredperiodlist 
[0.0031622778610554533, 0.0054555945723143429, 0.0094120496441970399, 0.016237758538908697, 0.028013556617303009, 0.021091976970965154, 0.083378126647508918, 0.14384539478601407, 0.24816160523269035, 0.42813230387658435, 0.73861654754765282, 1.2742897920975966, 2.1984062448406192, 3.7923389485576595, 6.5434377436258639, 11.286797530109018, 19.463822030510187, 33.579395102199975, 58.03222019411637, 100.06925993946068],
 siglist 
[0.5697, 0.9798, 1.0, 0.05910000000000004, 1.0, 0.8458, 0.25339999999999996, 0.9995, 0.9492, 0.9999, 0.8963, 0.9999, 0.9927, 0.9997, 1.0, 0.9835, 0.15780000000000005, 0.9699, 1.0, 1.0],
 powerlist 
[0.12011808983213977, 0.15176564734178372, 0.19257549751713948, 0.095192679288621088, 0.1612482913199913, 0.13245340533511379, 0.1116048584201417, 0.13807860774881972, 0.11371651432189411, 0.16403230206116928, 0.115819143912155, 0.13874203451365072, 0.11242961845471477, 0.13946109386250161, 0.15360151336269839, 0.10823668251569504, 0.091904741336506376, 0.11254227430902018, 0.18637511021551875, 0.17685668895015699],
 listnumberlist 
[0, 0, 0, 0, 0, 0, 0, 0, 0, 0, 0, 0, 0, 0, 0, 0, 0, 0, 0, 0],
 end of file
