fullmaglist 
[17.36842105263158, 17.36842105263158, 17.36842105263158, 17.36842105263158, 17.36842105263158, 17.36842105263158, 17.36842105263158, 17.36842105263158, 17.36842105263158, 17.36842105263158, 17.36842105263158, 17.36842105263158, 17.36842105263158, 17.36842105263158, 17.36842105263158, 17.36842105263158, 17.36842105263158, 17.36842105263158, 17.36842105263158, 17.36842105263158],
 periodlist 
[0.0031622776601683798, 0.0054555947811685199, 0.0094120496726806703, 0.016237767391887217, 0.028013567611988671, 0.048329302385717518, 0.083378222347178912, 0.14384498882876623, 0.24816289228368255, 0.42813323987193919, 0.73861998220793579, 1.2742749857031335, 2.1983926488622894, 3.7926901907322494, 6.5431891297129621, 11.288378916846883, 19.474830399087551, 33.59818286283781, 57.963939533849604, 100.0],
 measuredperiodlist 
[0.003162277541560178, 0.0054555949018132172, 0.0094120482464875969, 0.01623776730947072, 0.028013575680013465, 0.048329288794026162, 0.083378284369613587, 0.14384472272372778, 0.24816423283662425, 0.42813696800439427, 0.73861480806373769, 1.2742785890468107, 2.1983086694552445, 3.7925929549136463, 6.5435800658403283, 11.288604363495052, 19.481461504294664, 33.577287435053542, 57.957830328332335, 99.799699714135386],
 siglist 
[0.3065, 1.0, 1.0, 1.0, 1.0, 1.0, 0.966, 1.0, 0.9984, 1.0, 1.0, 1.0, 1.0, 1.0, 1.0, 1.0, 1.0, 1.0, 1.0, 1.0],
 powerlist 
[0.079214327810651158, 0.17261091183128655, 0.17142267367978506, 0.11668774932536366, 0.21213471099031328, 0.12537613582690349, 0.093005654310394176, 0.1869704582742622, 0.10455209278871543, 0.16425098012006806, 0.14705362455791027, 0.18503493354030195, 0.15894804699021978, 0.14615354518055554, 0.12706756598653055, 0.12865893201827142, 0.1928218906622112, 0.1677645009664735, 0.15529330335916977, 0.26694581348076407],
 listnumberlist 
[0, 0, 0, 0, 0, 0, 0, 0, 0, 0, 0, 0, 0, 0, 0, 0, 0, 0, 0, 0],
 end of file
