fullmaglist 
[22.157894736842106, 22.157894736842106, 22.157894736842106, 22.157894736842106, 22.157894736842106, 22.157894736842106, 22.157894736842106, 22.157894736842106, 22.157894736842106, 22.157894736842106, 22.157894736842106, 22.157894736842106, 22.157894736842106, 22.157894736842106, 22.157894736842106, 22.157894736842106, 22.157894736842106, 22.157894736842106, 22.157894736842106, 22.157894736842106],
 periodlist 
[0.0031622776601683798, 0.0054555947811685199, 0.0094120496726806703, 0.016237767391887217, 0.028013567611988671, 0.048329302385717518, 0.083378222347178912, 0.14384498882876623, 0.24816289228368255, 0.42813323987193919, 0.73861998220793579, 1.2742749857031335, 2.1983926488622894, 3.7926901907322494, 6.5431891297129621, 11.288378916846883, 19.474830399087551, 33.59818286283781, 57.963939533849604, 100.0],
 measuredperiodlist 
[0.003162277474954873, 0.0054555940338172305, 0.009412050004539263, 0.016237766283950367, 0.028013568088355621, 0.048329286989400963, 0.083378207594619808, 0.14384504625929334, 0.24816186700674911, 0.42813323381721957, 0.7386186380535289, 1.2742802273463005, 0.68734765047241309, 3.792768955644898, 6.5420487554238331, 11.287262468508102, 19.46737032778729, 33.592305294454924, 58.004069344904082, 99.767315407564539],
 siglist 
[0.1058, 1.0, 1.0, 1.0, 1.0, 0.9524, 0.2669, 1.0, 0.7761, 1.0, 1.0, 1.0, 1.0, 0.9997, 0.9995, 0.9991, 0.9968, 1.0, 1.0, 1.0],
 powerlist 
[0.074074109933045723, 0.14705801650238068, 0.15169045832496342, 0.1258326866976284, 0.22314389261131068, 0.087757484388257756, 0.078199928828990087, 0.18903866767911631, 0.082892889524655927, 0.14219242844001961, 0.10566050410458311, 0.20641964558545758, 0.1093284715486483, 0.10170146192924964, 0.093313785279108288, 0.098420063574779074, 0.088569683067332941, 0.17707762051733827, 0.15191460164867537, 0.18818949680839026],
 listnumberlist 
[0, 0, 0, 0, 0, 0, 0, 0, 0, 0, 0, 0, 0, 0, 0, 0, 0, 0, 0, 0],
 end of file
