fullmaglist 
[20.684210526315788, 20.684210526315788, 20.684210526315788, 20.684210526315788, 20.684210526315788, 20.684210526315788, 20.684210526315788, 20.684210526315788, 20.684210526315788, 20.684210526315788, 20.684210526315788, 20.684210526315788, 20.684210526315788, 20.684210526315788, 20.684210526315788, 20.684210526315788, 20.684210526315788, 20.684210526315788, 20.684210526315788, 20.684210526315788],
 periodlist 
[0.0031622776601683798, 0.0054555947811685199, 0.0094120496726806703, 0.016237767391887217, 0.028013567611988671, 0.048329302385717518, 0.083378222347178912, 0.14384498882876623, 0.24816289228368255, 0.42813323987193919, 0.73861998220793579, 1.2742749857031335, 2.1983926488622894, 3.7926901907322494, 6.5431891297129621, 11.288378916846883, 19.474830399087551, 33.59818286283781, 57.963939533849604, 100.0],
 measuredperiodlist 
[0.0031622776107284967, 0.0054555947817228265, 0.0094120504421362529, 0.016237767917379808, 0.028013580203394391, 0.048329303603499921, 0.083378188198941744, 0.14384574841205897, 0.248161747998695, 0.42813295313906602, 0.73861700927311802, 1.2742411519636743, 2.1983532383775439, 3.792767070520298, 6.5438515644096524, 11.286180951789589, 19.47490089695264, 33.590289590444314, 57.95395818684603, 99.868638814409294],
 siglist 
[0.43589999999999995, 1.0, 1.0, 1.0, 1.0, 0.9902, 1.0, 1.0, 0.6351, 0.9999, 1.0, 1.0, 1.0, 1.0, 1.0, 0.9996, 1.0, 1.0, 1.0, 1.0],
 powerlist 
[0.081886492019818971, 0.20293476201199995, 0.1492484046073673, 0.16683719031336516, 0.18257862897626265, 0.094805526127891393, 0.12067406219294893, 0.13702963758846717, 0.079177674766032796, 0.12108198613683238, 0.12022712882419945, 0.18664991171884934, 0.15514939674069672, 0.12293754313820053, 0.11788333065278053, 0.10164086769078873, 0.19986040277508765, 0.13753025065952521, 0.15571041752853798, 0.20348475538969044],
 listnumberlist 
[0, 0, 0, 0, 0, 0, 0, 0, 0, 0, 0, 0, 0, 0, 0, 0, 0, 0, 0, 0],
 end of file
