fullmaglist 
[20.31578947368421, 20.31578947368421, 20.31578947368421, 20.31578947368421, 20.31578947368421, 20.31578947368421, 20.31578947368421, 20.31578947368421, 20.31578947368421, 20.31578947368421, 20.31578947368421, 20.31578947368421, 20.31578947368421, 20.31578947368421, 20.31578947368421, 20.31578947368421, 20.31578947368421, 20.31578947368421, 20.31578947368421, 20.31578947368421],
 periodlist 
[0.0031622776601683798, 0.0054555947811685199, 0.0094120496726806703, 0.016237767391887217, 0.028013567611988671, 0.048329302385717518, 0.083378222347178912, 0.14384498882876623, 0.24816289228368255, 0.42813323987193919, 0.73861998220793579, 1.2742749857031335, 2.1983926488622894, 3.7926901907322494, 6.5431891297129621, 11.288378916846883, 19.474830399087551, 33.59818286283781, 57.963939533849604, 100.0],
 measuredperiodlist 
[0.0031622773993053282, 0.0054555944619514634, 0.0094120496028940077, 0.016237765655196714, 0.028013558553753898, 0.048329300267769701, 0.083378328908088703, 0.14384524254266323, 0.24816243464841486, 0.42813408921534651, 0.73861951739560916, 1.2742518314010556, 2.1983076583124359, 3.7924099377920371, 6.5424035990630562, 11.287410074650984, 19.469155473845206, 33.591482305083389, 57.89170264420563, 99.978414283977571],
 siglist 
[0.016000000000000014, 1.0, 1.0, 1.0, 1.0, 0.9742999999999999, 0.9999, 1.0, 0.9883, 1.0, 1.0, 1.0, 1.0, 1.0, 1.0, 0.9993, 1.0, 1.0, 1.0, 1.0],
 powerlist 
[0.067095451091736064, 0.16191770150201537, 0.16610499641689591, 0.16745466140445237, 0.22081020023658504, 0.079146787369257551, 0.10408420331190893, 0.11238402123631644, 0.084649357559898275, 0.14640787199731092, 0.13232428521221132, 0.19771719643802738, 0.10276468815068411, 0.12843391820328073, 0.092034170057329195, 0.08644872403820833, 0.094126387288833366, 0.20964403846272492, 0.2634913479521328, 0.25949839634789795],
 listnumberlist 
[0, 0, 0, 0, 0, 0, 0, 0, 0, 0, 0, 0, 0, 0, 0, 0, 0, 0, 0, 0],
 end of file
