fullmaglist 
[18.842105263157894, 18.842105263157894, 18.842105263157894, 18.842105263157894, 18.842105263157894, 18.842105263157894, 18.842105263157894, 18.842105263157894, 18.842105263157894, 18.842105263157894, 18.842105263157894, 18.842105263157894, 18.842105263157894, 18.842105263157894, 18.842105263157894, 18.842105263157894, 18.842105263157894, 18.842105263157894, 18.842105263157894, 18.842105263157894],
 periodlist 
[0.0031622776601683798, 0.0054555947811685199, 0.0094120496726806703, 0.016237767391887217, 0.028013567611988671, 0.048329302385717518, 0.083378222347178912, 0.14384498882876623, 0.24816289228368255, 0.42813323987193919, 0.73861998220793579, 1.2742749857031335, 2.1983926488622894, 3.7926901907322494, 6.5431891297129621, 11.288378916846883, 19.474830399087551, 33.59818286283781, 57.963939533849604, 100.0],
 measuredperiodlist 
[0.0044834729882117621, 0.011431519470756477, 0.009501728103722339, 0.010033067301668131, 0.028823258149484953, 0.048329339160735396, 0.028585708287042495, 0.14384585244100351, 0.2481577514861695, 0.019299183282825743, 0.73860688952075426, 1.2742799128747484, 0.78959047960174844, 3.7930639427370036, 0.64894036314722614, 11.294449201329231, 19.484223288729869, 33.599536515011621, 23.6106951273301, 99.44713310437632],
 siglist 
[0.263, 0.4416, 0.9911, 0.35760000000000003, 0.9997, 0.7135, 0.9082, 0.9968, 0.6295, 0.9012, 0.7454000000000001, 0.239, 0.10240000000000005, 0.9551, 0.35929999999999995, 0.9737, 0.9775, 0.9987, 0.05069999999999997, 0.9962],
 powerlist 
[0.14030177528796584, 0.16150122100877548, 0.17697072708265066, 0.13899524268192512, 0.19564277906851249, 0.14562291313189418, 0.17060555988865686, 0.17979871563221889, 0.14859233023133411, 0.15610876282348107, 0.12619355264586926, 0.12607231220069376, 0.11454416476423135, 0.13504897035664906, 0.12328447263012952, 0.14164981355700906, 0.15307105714926175, 0.15918140089662747, 0.11026457508541403, 0.15929249858544431],
 listnumberlist 
[0, 0, 0, 0, 0, 0, 0, 0, 0, 0, 0, 0, 0, 0, 0, 0, 0, 0, 0, 0],
 end of file
