fullmaglist 
[19.210526315789473, 19.210526315789473, 19.210526315789473, 19.210526315789473, 19.210526315789473, 19.210526315789473, 19.210526315789473, 19.210526315789473, 19.210526315789473, 19.210526315789473, 19.210526315789473, 19.210526315789473, 19.210526315789473, 19.210526315789473, 19.210526315789473, 19.210526315789473, 19.210526315789473, 19.210526315789473, 19.210526315789473, 19.210526315789473],
 periodlist 
[0.0031622776601683798, 0.0054555947811685199, 0.0094120496726806703, 0.016237767391887217, 0.028013567611988671, 0.048329302385717518, 0.083378222347178912, 0.14384498882876623, 0.24816289228368255, 0.42813323987193919, 0.73861998220793579, 1.2742749857031335, 2.1983926488622894, 3.7926901907322494, 6.5431891297129621, 11.288378916846883, 19.474830399087551, 33.59818286283781, 57.963939533849604, 100.0],
 measuredperiodlist 
[0.0031622776822858739, 0.0054555948394623497, 0.0094120490351822066, 0.016237766132100529, 0.028013577579488778, 0.048329262776053664, 0.083378331711033288, 0.14384510584221188, 0.24816328571906071, 0.42813143922098912, 0.73862052324146199, 1.2742400162043053, 2.1983826902322186, 3.7926281217022066, 6.5424924573151548, 11.288730128576599, 19.471736528925256, 33.613765440909745, 57.918937216476522, 99.968354558835728],
 siglist 
[0.5695, 1.0, 1.0, 1.0, 1.0, 0.9834, 0.9997, 0.9999, 0.10060000000000002, 1.0, 0.9603, 1.0, 1.0, 1.0, 1.0, 0.8914, 0.9999, 1.0, 1.0, 1.0],
 powerlist 
[0.080766019856437318, 0.15654907368289467, 0.18651862205153688, 0.10967365531153686, 0.15910063591012888, 0.091296603841411986, 0.10522427256345492, 0.1166253848120003, 0.071193307469725575, 0.158361466194958, 0.079510993524280996, 0.15575595201222045, 0.12846200069396588, 0.11108504042253095, 0.13659775630398671, 0.076134284228364893, 0.10286162624688688, 0.15752534170727484, 0.18229205197399756, 0.22089607780508541],
 listnumberlist 
[0, 0, 0, 0, 0, 0, 0, 0, 0, 0, 0, 0, 0, 0, 0, 0, 0, 0, 0, 0],
 end of file
