fullmaglist 
[17.36842105263158, 17.36842105263158, 17.36842105263158, 17.36842105263158, 17.36842105263158, 17.36842105263158, 17.36842105263158, 17.36842105263158, 17.36842105263158, 17.36842105263158, 17.36842105263158, 17.36842105263158, 17.36842105263158, 17.36842105263158, 17.36842105263158, 17.36842105263158, 17.36842105263158, 17.36842105263158, 17.36842105263158, 17.36842105263158],
 periodlist 
[0.0031622776601683798, 0.0054555947811685199, 0.0094120496726806703, 0.016237767391887217, 0.028013567611988671, 0.048329302385717518, 0.083378222347178912, 0.14384498882876623, 0.24816289228368255, 0.42813323987193919, 0.73861998220793579, 1.2742749857031335, 2.1983926488622894, 3.7926901907322494, 6.5431891297129621, 11.288378916846883, 19.474830399087551, 33.59818286283781, 57.963939533849604, 100.0],
 measuredperiodlist 
[0.0031622776131755366, 0.0054555943252207568, 0.0094120496474076921, 0.016237761272907176, 0.02801354639436112, 0.048329280263468728, 0.083378183572130837, 0.14384480792811272, 0.24816417242249283, 0.42813165034917655, 0.7386186380535289, 1.2743017366733522, 2.1983659902383894, 3.792835234060671, 6.5428622548696218, 11.286968982288114, 19.478508012579631, 33.602056508583459, 57.934397193048113, 99.979866985108103],
 siglist 
[0.9516, 1.0, 1.0, 1.0, 1.0, 0.9973, 1.0, 1.0, 0.9474, 1.0, 1.0, 1.0, 1.0, 1.0, 1.0, 0.9974, 1.0, 1.0, 1.0, 1.0],
 powerlist 
[0.086972208388996566, 0.18794828979469919, 0.15720667281980474, 0.11982329720766387, 0.21342187667384366, 0.097407698376934901, 0.11523224324498213, 0.20725053617919348, 0.084795614429931929, 0.2250790979830195, 0.10743510623190415, 0.19953945748214691, 0.12039620657213254, 0.14102358972376242, 0.14445479056262334, 0.087006705679716398, 0.14155983131289215, 0.2061372055067156, 0.2144014257952308, 0.24275603896050066],
 listnumberlist 
[0, 0, 0, 0, 0, 0, 0, 0, 0, 0, 0, 0, 0, 0, 0, 0, 0, 0, 0, 0],
 end of file
