fullmaglist 
[21.421052631578945, 21.421052631578945, 21.421052631578945, 21.421052631578945, 21.421052631578945, 21.421052631578945, 21.421052631578945, 21.421052631578945, 21.421052631578945, 21.421052631578945, 21.421052631578945, 21.421052631578945, 21.421052631578945, 21.421052631578945, 21.421052631578945, 21.421052631578945, 21.421052631578945, 21.421052631578945, 21.421052631578945, 21.421052631578945],
 periodlist 
[0.0031622776601683798, 0.0054555947811685199, 0.0094120496726806703, 0.016237767391887217, 0.028013567611988671, 0.048329302385717518, 0.083378222347178912, 0.14384498882876623, 0.24816289228368255, 0.42813323987193919, 0.73861998220793579, 1.2742749857031335, 2.1983926488622894, 3.7926901907322494, 6.5431891297129621, 11.288378916846883, 19.474830399087551, 33.59818286283781, 57.963939533849604, 100.0],
 measuredperiodlist 
[0.0031622778798246717, 0.0054555945653390042, 0.0094120473975844669, 0.016237768555470555, 0.028013584904793352, 0.048329309733452085, 0.083378175967780452, 0.14384493108702215, 0.24816250595587877, 0.42813302802979236, 0.73862646605642557, 1.2742922541228996, 2.1984223722672502, 3.7923599793519878, 6.5432214528689157, 11.286008807061714, 19.47661948702806, 33.619596322304403, 57.96552748167764, 99.961056626060682],
 siglist 
[0.1987, 1.0, 0.9973, 1.0, 1.0, 0.9993, 0.9494, 1.0, 0.9955, 1.0, 0.9346, 1.0, 1.0, 1.0, 0.9996, 0.9736, 0.911, 1.0, 1.0, 1.0],
 powerlist 
[0.075441015233557882, 0.18575986450909476, 0.10154621780705553, 0.16049171402528531, 0.17705804669296024, 0.092464309413951978, 0.080774995854960174, 0.15112459489109473, 0.10210565679570173, 0.15522805115815674, 0.072333104083951771, 0.12469231973826962, 0.10646945988983919, 0.10706638865537876, 0.090231467766282131, 0.073736071465723696, 0.070547436027856958, 0.11283231364061969, 0.15823764127724502, 0.19533954824120378],
 listnumberlist 
[0, 0, 0, 0, 0, 0, 0, 0, 0, 0, 0, 0, 0, 0, 0, 0, 0, 0, 0, 0],
 end of file
