fullmaglist 
[24.0, 24.0, 24.0, 24.0, 24.0, 24.0, 24.0, 24.0, 24.0, 24.0, 24.0, 24.0, 24.0, 24.0, 24.0, 24.0, 24.0, 24.0, 24.0, 24.0],
 periodlist 
[0.0031622776601683798, 0.0054555947811685199, 0.0094120496726806703, 0.016237767391887217, 0.028013567611988671, 0.048329302385717518, 0.083378222347178912, 0.14384498882876623, 0.24816289228368255, 0.42813323987193919, 0.73861998220793579, 1.2742749857031335, 2.1983926488622894, 3.7926901907322494, 6.5431891297129621, 11.288378916846883, 19.474830399087551, 33.59818286283781, 57.963939533849604, 100.0],
 measuredperiodlist 
[0.0031622779162219432, 0.0054259110407796499, 0.0094120450806704087, 0.016237755303275595, 0.028013585179115095, 0.048329362841485715, 0.083378224262917688, 0.013394792128532115, 0.24816114454556482, 0.013800622666195302, 0.73860851896637247, 4.5873013822533872, 1.8251561629519952, 0.61517355979405142, 0.86534337140923889, 11.288530911486029, 19.487369831327587, 33.53185905186978, 57.965576163794289, 100.17426260250066],
 siglist 
[0.06000000000000005, 0.8866, 0.9543, 0.9466, 1.0, 0.7673, 0.27459999999999996, 0.249, 0.864, 0.272, 0.7578, 0.9998, 0.9981, 0.8513999999999999, 0.3318, 0.8811, 0.9097999999999999, 0.7359, 0.9592, 1.0],
 powerlist 
[0.092838240131368044, 0.10679037206089775, 0.11080352724457948, 0.10284368683893112, 0.15673280470471454, 0.098941844558950623, 0.08766153246521724, 0.088057541322929797, 0.11620744502686822, 0.086139177517768076, 0.096797023601448623, 0.12385694428679046, 0.10785364540175722, 0.089888607811393434, 0.080421639486570648, 0.086647607037685939, 0.095722481496024331, 0.084581152375788865, 0.10409800762911338, 0.19309248176762903],
 listnumberlist 
[0, 0, 0, 0, 0, 0, 0, 0, 0, 0, 0, 0, 0, 0, 0, 0, 0, 0, 0, 0],
 end of file
