fullmaglist 
[17.736842105263158, 17.736842105263158, 17.736842105263158, 17.736842105263158, 17.736842105263158, 17.736842105263158, 17.736842105263158, 17.736842105263158, 17.736842105263158, 17.736842105263158, 17.736842105263158, 17.736842105263158, 17.736842105263158, 17.736842105263158, 17.736842105263158, 17.736842105263158, 17.736842105263158, 17.736842105263158, 17.736842105263158, 17.736842105263158],
 periodlist 
[0.0031622776601683798, 0.0054555947811685199, 0.0094120496726806703, 0.016237767391887217, 0.028013567611988671, 0.048329302385717518, 0.083378222347178912, 0.14384498882876623, 0.24816289228368255, 0.42813323987193919, 0.73861998220793579, 1.2742749857031335, 2.1983926488622894, 3.7926901907322494, 6.5431891297129621, 11.288378916846883, 19.474830399087551, 33.59818286283781, 57.963939533849604, 100.0],
 measuredperiodlist 
[0.0031622774107593382, 0.0054555958731537053, 0.0095928787289969696, 0.016783588285416071, 0.028823208511301705, 0.050790786783649067, 0.083378453789050608, 0.14384456813696866, 0.24816421753291515, 0.42812730742609711, 2.8252348118553847, 4.5879825254809203, 2.1981440746894694, 1.353104121348047, 6.5453425839955806, 11.291785880719356, 19.463104951832157, 33.594953000372058, 57.959874011869893, 100.22769443942832],
 siglist 
[0.19620000000000004, 0.9899, 0.9982, 1.0, 0.9973, 0.6984, 0.4829, 0.9991, 0.9999, 1.0, 0.9788, 1.0, 0.9822, 1.0, 1.0, 0.7973, 0.937, 1.0, 0.967, 1.0],
 powerlist 
[0.13348329971012035, 0.18196027555849081, 0.18552441888796292, 0.25802794726773987, 0.1877594740622843, 0.14681217596107307, 0.1344649613286871, 0.20557199939122817, 0.21319535182284535, 0.26038924462211444, 0.14786797777391103, 0.2078381131702475, 0.19173665211538757, 0.22883416592805225, 0.20963154630662836, 0.12717633226445391, 0.14775665408009672, 0.21496370637805201, 0.1585680874236631, 0.33867809111900715],
 listnumberlist 
[0, 0, 0, 0, 0, 0, 0, 0, 0, 0, 0, 0, 0, 0, 0, 0, 0, 0, 0, 0],
 end of file
