fullmaglist 
[20.31578947368421, 20.31578947368421, 20.31578947368421, 20.31578947368421, 20.31578947368421, 20.31578947368421, 20.31578947368421, 20.31578947368421, 20.31578947368421, 20.31578947368421, 20.31578947368421, 20.31578947368421, 20.31578947368421, 20.31578947368421, 20.31578947368421, 20.31578947368421, 20.31578947368421, 20.31578947368421, 20.31578947368421, 20.31578947368421],
 periodlist 
[0.0031622776601683798, 0.0054555947811685199, 0.0094120496726806703, 0.016237767391887217, 0.028013567611988671, 0.048329302385717518, 0.083378222347178912, 0.14384498882876623, 0.24816289228368255, 0.42813323987193919, 0.73861998220793579, 1.2742749857031335, 2.1983926488622894, 3.7926901907322494, 6.5431891297129621, 11.288378916846883, 19.474830399087551, 33.59818286283781, 57.963939533849604, 100.0],
 measuredperiodlist 
[0.0031522820468847506, 0.0054555945063557345, 0.0094120493673624846, 0.016237767335479273, 0.028013560566373805, 0.048329293793071458, 0.083378063504101541, 0.14384463991965254, 0.24816236811856868, 0.4281290728418628, 0.7386096156064661, 1.274285741179382, 2.1982176504466771, 1.3530242219966746, 6.542633471724713, 11.288977960247211, 19.493195496476886, 33.563011046321243, 58.067235743488133, 100.25353892026916],
 siglist 
[0.7091000000000001, 1.0, 0.9975, 0.9992, 1.0, 0.9773, 0.21499999999999997, 1.0, 1.0, 1.0, 1.0, 0.9994, 0.9999, 0.9999, 1.0, 0.9431, 0.953, 0.9955, 0.9999, 1.0],
 powerlist 
[0.10461106853410521, 0.21182696371500684, 0.13734184746445072, 0.13848867714104421, 0.22202711475395304, 0.12056657357909432, 0.089779132339998485, 0.18459527573535639, 0.20154263327980759, 0.21075889651163887, 0.14314422228891013, 0.12415745247782778, 0.13957385692683311, 0.13546928243881073, 0.18560018571117395, 0.096940045405821545, 0.097437696160197082, 0.11214121977570891, 0.13737732212238354, 0.2227024233735177],
 listnumberlist 
[0, 0, 0, 0, 0, 0, 0, 0, 0, 0, 0, 0, 0, 0, 0, 0, 0, 0, 0, 0],
 end of file
