fullmaglist 
[19.57894736842105, 19.57894736842105, 19.57894736842105, 19.57894736842105, 19.57894736842105, 19.57894736842105, 19.57894736842105, 19.57894736842105, 19.57894736842105, 19.57894736842105, 19.57894736842105, 19.57894736842105, 19.57894736842105, 19.57894736842105, 19.57894736842105, 19.57894736842105, 19.57894736842105, 19.57894736842105, 19.57894736842105, 19.57894736842105],
 periodlist 
[0.0031622776601683798, 0.0054555947811685199, 0.0094120496726806703, 0.016237767391887217, 0.028013567611988671, 0.048329302385717518, 0.083378222347178912, 0.14384498882876623, 0.24816289228368255, 0.42813323987193919, 0.73861998220793579, 1.2742749857031335, 2.1983926488622894, 3.7926901907322494, 6.5431891297129621, 11.288378916846883, 19.474830399087551, 33.59818286283781, 57.963939533849604, 100.0],
 measuredperiodlist 
[0.0031622777053226534, 0.0054555947880381879, 0.0094120495453701072, 0.016237762335855475, 0.028013566280521464, 0.048329282953841396, 0.083378243628379187, 0.14384521309158971, 0.24816314384709956, 0.42813070027397299, 0.73862020904280479, 1.2743185705662587, 2.198318674967032, 3.7926943951958987, 6.5416544042630864, 11.287629347746799, 19.478945044223817, 33.591005560164653, 57.982762859272832, 99.93383318204306],
 siglist 
[0.5453, 1.0, 1.0, 0.9896, 1.0, 0.9959, 0.8302, 1.0, 0.7994, 1.0, 1.0, 1.0, 1.0, 1.0, 1.0, 0.9999, 1.0, 1.0, 1.0, 1.0],
 powerlist 
[0.077449071332179223, 0.17276122897923807, 0.15285153517724936, 0.094004935588343483, 0.21920685887886801, 0.096663530682686363, 0.079230333463745528, 0.15814393019492506, 0.079134355105120749, 0.18253498239561483, 0.11499335311278368, 0.15115196455448174, 0.12367738071109104, 0.11860348785648969, 0.13079071524339214, 0.10047935654096467, 0.14130442423748174, 0.14917486750962322, 0.20607282191040621, 0.18187188629124096],
 listnumberlist 
[0, 0, 0, 0, 0, 0, 0, 0, 0, 0, 0, 0, 0, 0, 0, 0, 0, 0, 0, 0],
 end of file
