fullmaglist 
[19.57894736842105, 19.57894736842105, 19.57894736842105, 19.57894736842105, 19.57894736842105, 19.57894736842105, 19.57894736842105, 19.57894736842105, 19.57894736842105, 19.57894736842105, 19.57894736842105, 19.57894736842105, 19.57894736842105, 19.57894736842105, 19.57894736842105, 19.57894736842105, 19.57894736842105, 19.57894736842105, 19.57894736842105, 19.57894736842105],
 periodlist 
[0.0031622776601683798, 0.0054555947811685199, 0.0094120496726806703, 0.016237767391887217, 0.028013567611988671, 0.048329302385717518, 0.083378222347178912, 0.14384498882876623, 0.24816289228368255, 0.42813323987193919, 0.73861998220793579, 1.2742749857031335, 2.1983926488622894, 3.7926901907322494, 6.5431891297129621, 11.288378916846883, 19.474830399087551, 33.59818286283781, 57.963939533849604, 100.0],
 measuredperiodlist 
[0.0031622779222411747, 0.0054555945753977965, 0.0094120514736707669, 0.016237768558720857, 0.028013538721622194, 0.048329343910947925, 0.083378430377734528, 0.14384462792032471, 0.33037652561334957, 0.4281298169187665, 2.8481079437600343, 1.2743281181777766, 2.1984530668737223, 3.7928164939263254, 6.542633471724713, 11.287721700545969, 19.468546220218276, 33.608802199350336, 58.051596890441708, 100.20110837966598],
 siglist 
[0.5023, 1.0, 1.0, 1.0, 1.0, 0.918, 1.0, 1.0, 0.9997, 1.0, 1.0, 0.9993, 1.0, 0.993, 1.0, 0.9163, 0.999, 1.0, 1.0, 1.0],
 powerlist 
[0.10423002945489616, 0.21622551080961699, 0.17792431750848314, 0.16345509546971956, 0.28104254547767404, 0.11506063999688197, 0.16686453651779654, 0.2560399421588751, 0.15385768819239665, 0.23016288458385031, 0.15216279868496294, 0.13302896595234193, 0.16594083957005112, 0.11267061641621337, 0.16024009184658281, 0.094225583621472264, 0.12253659476881804, 0.24123451988062722, 0.17792831315261529, 0.24921375769627863],
 listnumberlist 
[0, 0, 0, 0, 0, 0, 0, 0, 0, 0, 0, 0, 0, 0, 0, 0, 0, 0, 0, 0],
 end of file
