fullmaglist 
[17.36842105263158, 17.36842105263158, 17.36842105263158, 17.36842105263158, 17.36842105263158, 17.36842105263158, 17.36842105263158, 17.36842105263158, 17.36842105263158, 17.36842105263158, 17.36842105263158, 17.36842105263158, 17.36842105263158, 17.36842105263158, 17.36842105263158, 17.36842105263158, 17.36842105263158, 17.36842105263158, 17.36842105263158, 17.36842105263158],
 periodlist 
[0.0031622776601683798, 0.0054555947811685199, 0.0094120496726806703, 0.016237767391887217, 0.028013567611988671, 0.048329302385717518, 0.083378222347178912, 0.14384498882876623, 0.24816289228368255, 0.42813323987193919, 0.73861998220793579, 1.2742749857031335, 2.1983926488622894, 3.7926901907322494, 6.5431891297129621, 11.288378916846883, 19.474830399087551, 33.59818286283781, 57.963939533849604, 100.0],
 measuredperiodlist 
[0.003162277682985405, 0.0054555945825702614, 0.0094120496541802903, 0.016237769318700683, 0.028013574000908946, 0.048329309733452085, 0.083378240363631326, 0.1438447034856758, 0.24816147200166286, 0.4281371666832024, 0.73862551850407021, 1.2742565315857839, 2.1985678803590787, 3.7925265126043906, 6.543097522482257, 11.287336315050338, 19.46476754962638, 33.587563156733758, 57.946081644090874, 99.984201509608127],
 siglist 
[0.6762, 1.0, 1.0, 1.0, 1.0, 1.0, 1.0, 1.0, 0.9973, 1.0, 1.0, 1.0, 1.0, 1.0, 1.0, 1.0, 0.9999, 1.0, 1.0, 1.0],
 powerlist 
[0.072490348727780554, 0.20015226571326086, 0.15321672200262648, 0.1402408197369176, 0.20794931374231024, 0.12878252583345923, 0.11012642401815334, 0.19702355890507195, 0.089104554975242695, 0.11230255703288618, 0.10629940796514135, 0.16873904093468747, 0.10514586630615394, 0.16910169621961085, 0.1214779210145561, 0.10458254478514556, 0.091610448483918444, 0.20036342288081835, 0.20124998279399409, 0.23982817509329962],
 listnumberlist 
[0, 0, 0, 0, 0, 0, 0, 0, 0, 0, 0, 0, 0, 0, 0, 0, 0, 0, 0, 0],
 end of file
