fullmaglist 
[22.894736842105264, 22.894736842105264, 22.894736842105264, 22.894736842105264, 22.894736842105264, 22.894736842105264, 22.894736842105264, 22.894736842105264, 22.894736842105264, 22.894736842105264, 22.894736842105264, 22.894736842105264, 22.894736842105264, 22.894736842105264, 22.894736842105264, 22.894736842105264, 22.894736842105264, 22.894736842105264, 22.894736842105264, 22.894736842105264],
 periodlist 
[0.0031622776601683798, 0.0054555947811685199, 0.0094120496726806703, 0.016237767391887217, 0.028013567611988671, 0.048329302385717518, 0.083378222347178912, 0.14384498882876623, 0.24816289228368255, 0.42813323987193919, 0.73861998220793579, 1.2742749857031335, 2.1983926488622894, 3.7926901907322494, 6.5431891297129621, 11.288378916846883, 19.474830399087551, 33.59818286283781, 57.963939533849604, 100.0],
 measuredperiodlist 
[0.0031622775703803105, 0.0054555946101651313, 0.0094120496251505863, 0.016237767005516195, 0.028013543564050898, 0.048329265906675474, 0.083378368519133425, 0.14384477042983745, 0.24816288391843105, 0.42812946660658019, 0.73862361297998003, 1.2743047963139116, 2.1982975275070369, 3.792418855292607, 6.5431605214516351, 11.287282373563997, 19.470311100332413, 33.570790131291062, 57.913331916927255, 99.920405675076026],
 siglist 
[0.4756, 1.0, 0.9991, 0.8502000000000001, 1.0, 0.9625, 0.6856, 1.0, 0.9636, 1.0, 0.9953, 1.0, 1.0, 0.9992, 1.0, 1.0, 1.0, 0.9997, 1.0, 1.0],
 powerlist 
[0.082574792377622289, 0.16000912112995366, 0.11623013436738941, 0.087130077512098364, 0.17733609525142963, 0.093372980441242426, 0.086585854926555822, 0.16662666554506825, 0.094240003430813069, 0.1302189233765545, 0.098114578773215499, 0.13959138168951721, 0.11125720488387215, 0.096598155154990234, 0.12882132124099122, 0.13677952242839186, 0.14112995726550109, 0.099249614393995336, 0.13077951126265963, 0.18048000273828524],
 listnumberlist 
[0, 0, 0, 0, 0, 0, 0, 0, 0, 0, 0, 0, 0, 0, 0, 0, 0, 0, 0, 0],
 end of file
