fullmaglist 
[21.05263157894737, 21.05263157894737, 21.05263157894737, 21.05263157894737, 21.05263157894737, 21.05263157894737, 21.05263157894737, 21.05263157894737, 21.05263157894737, 21.05263157894737, 21.05263157894737, 21.05263157894737, 21.05263157894737, 21.05263157894737, 21.05263157894737, 21.05263157894737, 21.05263157894737, 21.05263157894737, 21.05263157894737, 21.05263157894737],
 periodlist 
[0.0031622776601683798, 0.0054555947811685199, 0.0094120496726806703, 0.016237767391887217, 0.028013567611988671, 0.048329302385717518, 0.083378222347178912, 0.14384498882876623, 0.24816289228368255, 0.42813323987193919, 0.73861998220793579, 1.2742749857031335, 2.1983926488622894, 3.7926901907322494, 6.5431891297129621, 11.288378916846883, 19.474830399087551, 33.59818286283781, 57.963939533849604, 100.0],
 measuredperiodlist 
[0.003162277593436417, 0.0054555947130997479, 0.0094120516165533963, 0.016237766397607177, 0.028013558038841813, 0.048329241673033672, 0.08337838054050728, 0.16809013235913003, 0.24816256443995421, 0.42813221356682374, 0.73861826711294021, 1.2742121397372119, 2.1982836002306048, 3.792360825637572, 6.5432592329383077, 11.292498688298554, 19.479055435097234, 33.583137159123488, 57.901734870960681, 99.880137925234138],
 siglist 
[0.6452, 1.0, 1.0, 1.0, 1.0, 0.6949000000000001, 0.9999, 1.0, 0.7136, 1.0, 0.9997, 0.9999, 0.9999, 1.0, 0.9851, 0.985, 1.0, 1.0, 1.0, 1.0],
 powerlist 
[0.087934620628996193, 0.12857403268311893, 0.15225007593289402, 0.11136386150982236, 0.17899134453280402, 0.083937721475592336, 0.12435005973722381, 0.15588968032818834, 0.082517459882958999, 0.12822371780242153, 0.1024700524102522, 0.11485638008356752, 0.11026191702937579, 0.12301900186069492, 0.086540271886001607, 0.087623281391486632, 0.12594351004788479, 0.13269231360997866, 0.11571997073529861, 0.15587017213277507],
 listnumberlist 
[0, 0, 0, 0, 0, 0, 0, 0, 0, 0, 0, 0, 0, 0, 0, 0, 0, 0, 0, 0],
 end of file
