fullmaglist 
[23.263157894736842, 23.263157894736842, 23.263157894736842, 23.263157894736842, 23.263157894736842, 23.263157894736842, 23.263157894736842, 23.263157894736842, 23.263157894736842, 23.263157894736842, 23.263157894736842, 23.263157894736842, 23.263157894736842, 23.263157894736842, 23.263157894736842, 23.263157894736842, 23.263157894736842, 23.263157894736842, 23.263157894736842, 23.263157894736842],
 periodlist 
[0.0031622776601683798, 0.0054555947811685199, 0.0094120496726806703, 0.016237767391887217, 0.028013567611988671, 0.048329302385717518, 0.083378222347178912, 0.14384498882876623, 0.24816289228368255, 0.42813323987193919, 0.73861998220793579, 1.2742749857031335, 2.1983926488622894, 3.7926901907322494, 6.5431891297129621, 11.288378916846883, 19.474830399087551, 33.59818286283781, 57.963939533849604, 100.0],
 measuredperiodlist 
[0.0031622779623341666, 0.0054555945072305226, 0.0094120499825817994, 0.016237768829243521, 0.028013587440806911, 0.04832925244353814, 0.083378240291361455, 0.14384487776869986, 0.24815954718379826, 0.42813464359950021, 0.73860443111051732, 1.2742767171404088, 2.1984395958074479, 3.7926012457705074, 6.5420748916346989, 11.286694921866451, 19.473807891969372, 33.59744506901896, 58.082012642872698, 100.1280108993224],
 siglist 
[0.8746, 0.9998, 0.9362, 0.9998, 1.0, 0.7803, 0.9875, 0.9994, 0.5578000000000001, 1.0, 1.0, 1.0, 0.9979, 0.9994, 0.7925, 0.9328, 0.9601, 1.0, 0.9788, 1.0],
 powerlist 
[0.10174078056660667, 0.13115576483441252, 0.11694470651658334, 0.13806978348611218, 0.20219452474069283, 0.098388405853124153, 0.11680982660439025, 0.13027097810992783, 0.089310697197837047, 0.13996801013400756, 0.13851634581052016, 0.14247167067580332, 0.10553852376664834, 0.11108350789811122, 0.082917421336820077, 0.094286329830723173, 0.090985643190143795, 0.14401673690766364, 0.098501437753696755, 0.18997876683905607],
 listnumberlist 
[0, 0, 0, 0, 0, 0, 0, 0, 0, 0, 0, 0, 0, 0, 0, 0, 0, 0, 0, 0],
 end of file
