fullmaglist 
[18.473684210526315, 18.473684210526315, 18.473684210526315, 18.473684210526315, 18.473684210526315, 18.473684210526315, 18.473684210526315, 18.473684210526315, 18.473684210526315, 18.473684210526315, 18.473684210526315, 18.473684210526315, 18.473684210526315, 18.473684210526315, 18.473684210526315, 18.473684210526315, 18.473684210526315, 18.473684210526315, 18.473684210526315, 18.473684210526315],
 periodlist 
[0.0031622776601683798, 0.0054555947811685199, 0.0094120496726806703, 0.016237767391887217, 0.028013567611988671, 0.048329302385717518, 0.083378222347178912, 0.14384498882876623, 0.24816289228368255, 0.42813323987193919, 0.73861998220793579, 1.2742749857031335, 2.1983926488622894, 3.7926901907322494, 6.5431891297129621, 11.288378916846883, 19.474830399087551, 33.59818286283781, 57.963939533849604, 100.0],
 measuredperiodlist 
[0.003162277399157597, 0.0054555940602831398, 0.0094120496951156478, 0.015977609688082189, 0.028013582101152148, 0.048329355419830224, 0.019722146658578594, 0.16809111257164575, 0.019554865479636134, 0.42813400606337371, 0.73859771227062565, 4.5879092630906477, 2.1983711319762786, 0.57503381298590661, 6.5409715863632032, 11.293265348190426, 19.471678752566625, 30.744227990025266, 58.024253006329793, 100.03576118838436],
 siglist 
[0.3264, 0.9734, 1.0, 0.6351, 1.0, 0.879, 0.11539999999999995, 0.999, 0.08879999999999999, 0.7803, 1.0, 0.9849, 0.9689, 1.0, 1.0, 1.0, 1.0, 0.9967, 0.903, 0.7262],
 powerlist 
[0.13468762266677362, 0.18404419876300399, 0.21877015991338816, 0.14468499027157555, 0.23587815500456324, 0.14844828026425977, 0.12820007925821136, 0.21602158591393883, 0.13153373963246226, 0.15348814124607368, 0.20104888201205628, 0.16753122763354228, 0.14548399184840641, 0.19763930255842693, 0.19472433802983286, 0.23613756506953537, 0.19319814959496034, 0.17321195618900159, 0.13680350240875694, 0.13107002709300541],
 listnumberlist 
[0, 0, 0, 0, 0, 0, 0, 0, 0, 0, 0, 0, 0, 0, 0, 0, 0, 0, 0, 0],
 end of file
