fullmaglist 
[23.63157894736842, 23.63157894736842, 23.63157894736842, 23.63157894736842, 23.63157894736842, 23.63157894736842, 23.63157894736842, 23.63157894736842, 23.63157894736842, 23.63157894736842, 23.63157894736842, 23.63157894736842, 23.63157894736842, 23.63157894736842, 23.63157894736842, 23.63157894736842, 23.63157894736842, 23.63157894736842, 23.63157894736842, 23.63157894736842],
 periodlist 
[0.0031622776601683798, 0.0054555947811685199, 0.0094120496726806703, 0.016237767391887217, 0.028013567611988671, 0.048329302385717518, 0.083378222347178912, 0.14384498882876623, 0.24816289228368255, 0.42813323987193919, 0.73861998220793579, 1.2742749857031335, 2.1983926488622894, 3.7926901907322494, 6.5431891297129621, 11.288378916846883, 19.474830399087551, 33.59818286283781, 57.963939533849604, 100.0],
 measuredperiodlist 
[0.0031622772914145633, 0.0054555942267746557, 0.009412051025893509, 0.016237772282966533, 0.028013569159163004, 0.048329329596619362, 0.083378199175452611, 0.14384539172077962, 0.24816374070975, 0.42812943931796033, 0.73861902318852191, 1.2742733004733209, 2.1984786735054658, 3.792462486070614, 6.542559570931906, 11.285407123280828, 19.489635444018539, 33.542706021158324, 57.890368209797622, 100.4499209328492],
 siglist 
[0.1261, 1.0, 1.0, 1.0, 1.0, 0.9998, 0.9874, 1.0, 0.9891, 0.9966, 0.9998, 1.0, 1.0, 1.0, 1.0, 1.0, 1.0, 1.0, 1.0, 1.0],
 powerlist 
[0.067167894669959594, 0.17553526363999755, 0.16022234193279061, 0.13073400496786861, 0.15884804616596904, 0.099722297505019042, 0.084898999443896089, 0.1435793883997476, 0.084924659792058155, 0.087503876891244697, 0.095648524935873752, 0.16387602152316311, 0.10090651778389834, 0.097090244806622414, 0.11376353508398152, 0.12391192517837682, 0.14833036965345781, 0.16719315841962273, 0.12684567914946424, 0.20062935132220294],
 listnumberlist 
[0, 0, 0, 0, 0, 0, 0, 0, 0, 0, 0, 0, 0, 0, 0, 0, 0, 0, 0, 0],
 end of file
