fullmaglist 
[21.421052631578945, 21.421052631578945, 21.421052631578945, 21.421052631578945, 21.421052631578945, 21.421052631578945, 21.421052631578945, 21.421052631578945, 21.421052631578945, 21.421052631578945, 21.421052631578945, 21.421052631578945, 21.421052631578945, 21.421052631578945, 21.421052631578945, 21.421052631578945, 21.421052631578945, 21.421052631578945, 21.421052631578945, 21.421052631578945],
 periodlist 
[0.0031622776601683798, 0.0054555947811685199, 0.0094120496726806703, 0.016237767391887217, 0.028013567611988671, 0.048329302385717518, 0.083378222347178912, 0.14384498882876623, 0.24816289228368255, 0.42813323987193919, 0.73861998220793579, 1.2742749857031335, 2.1983926488622894, 3.7926901907322494, 6.5431891297129621, 11.288378916846883, 19.474830399087551, 33.59818286283781, 57.963939533849604, 100.0],
 measuredperiodlist 
[0.0031622775357961512, 0.0054555943699843802, 0.0094120511569988283, 0.016237765181789276, 0.028013572061309777, 0.048329369573084202, 0.083378184191835236, 0.1438448658421517, 0.24816281292314293, 0.42813686234907883, 0.73860317331781888, 1.2742926285201277, 2.1984395958074479, 3.7931982827411428, 6.5432839112753465, 11.28544679001843, 19.472715009666352, 33.601349342408632, 57.950086562717864, 99.989511695164111],
 siglist 
[0.9739, 1.0, 0.9997, 0.9999, 1.0, 1.0, 0.9582, 1.0, 0.9941, 1.0, 1.0, 1.0, 0.966, 0.9969, 0.9981, 0.9925, 1.0, 1.0, 1.0, 1.0],
 powerlist 
[0.099507879959328679, 0.20120972862461597, 0.13028116972901288, 0.13637687767965337, 0.22840433206490388, 0.14734672946567964, 0.10038157873832391, 0.21252857733968333, 0.10786131406309214, 0.13974296546491441, 0.14623112679731076, 0.21473179375272516, 0.10987976877310957, 0.097891474125606795, 0.10856078930366998, 0.094323723046076932, 0.13876281944535226, 0.15686834448410303, 0.16284275848111215, 0.232967003426509],
 listnumberlist 
[0, 0, 0, 0, 0, 0, 0, 0, 0, 0, 0, 0, 0, 0, 0, 0, 0, 0, 0, 0],
 end of file
