fullmaglist 
[24.0, 24.0, 24.0, 24.0, 24.0, 24.0, 24.0, 24.0, 24.0, 24.0, 24.0, 24.0, 24.0, 24.0, 24.0, 24.0, 24.0, 24.0, 24.0, 24.0],
 periodlist 
[0.0031622776601683798, 0.0054555947811685199, 0.0094120496726806703, 0.016237767391887217, 0.028013567611988671, 0.048329302385717518, 0.083378222347178912, 0.14384498882876623, 0.24816289228368255, 0.42813323987193919, 0.73861998220793579, 1.2742749857031335, 2.1983926488622894, 3.7926901907322494, 6.5431891297129621, 11.288378916846883, 19.474830399087551, 33.59818286283781, 57.963939533849604, 100.0],
 measuredperiodlist 
[0.0031622775469143803, 0.0036963018881277488, 0.0094120513250666969, 0.01623776333418752, 0.031908031157626054, 0.011612207551664215, 0.083378401385779691, 0.14384405061627487, 0.24816237336175354, 0.15941618952379374, 0.66319493582681832, 1.2742835673449824, 2.1983321118906707, 3.7928746906801516, 6.5448248198573991, 11.286630236830216, 19.460103810036181, 33.550164241675866, 11.407918833031834, 78.544542310681649],
 siglist 
[0.35860000000000003, 0.6837, 0.8657, 0.05600000000000005, 0.9948, 0.8802, 0.9974, 0.9785, 0.00029999999999996696, 0.601, 0.10450000000000004, 0.9967, 0.9928, 0.9994, 1.0, 0.5221, 0.959, 0.9302, 0.4215, 0.9767],
 powerlist 
[0.10195105986721638, 0.10655180972839123, 0.11148798703765479, 0.090396031357172529, 0.12713180602822111, 0.1091900823525232, 0.12753203167346272, 0.11386920898230808, 0.087072128797633319, 0.10987777699218473, 0.081891931589783917, 0.11330913809013549, 0.12214488512029623, 0.12504205970581669, 0.18684730990945769, 0.083283735035071624, 0.10998676532212745, 0.09321605088420544, 0.09229258263401284, 0.1042887035244571],
 listnumberlist 
[0, 0, 0, 0, 0, 0, 0, 0, 0, 0, 0, 0, 0, 0, 0, 0, 0, 0, 0, 0],
 end of file
