fullmaglist 
[21.789473684210527, 21.789473684210527, 21.789473684210527, 21.789473684210527, 21.789473684210527, 21.789473684210527, 21.789473684210527, 21.789473684210527, 21.789473684210527, 21.789473684210527, 21.789473684210527, 21.789473684210527, 21.789473684210527, 21.789473684210527, 21.789473684210527, 21.789473684210527, 21.789473684210527, 21.789473684210527, 21.789473684210527, 21.789473684210527],
 periodlist 
[0.0031622776601683798, 0.0054555947811685199, 0.0094120496726806703, 0.016237767391887217, 0.028013567611988671, 0.048329302385717518, 0.083378222347178912, 0.14384498882876623, 0.24816289228368255, 0.42813323987193919, 0.73861998220793579, 1.2742749857031335, 2.1983926488622894, 3.7926901907322494, 6.5431891297129621, 11.288378916846883, 19.474830399087551, 33.59818286283781, 57.963939533849604, 100.0],
 measuredperiodlist 
[0.0031622775012119927, 0.0054555946273209003, 0.0094120478890565174, 0.016237769437152723, 0.028013553967805353, 0.048329249750911581, 0.083378216248698109, 0.14384493740147045, 0.24816231595726315, 0.42812777618702769, 0.73861575143757985, 1.2742701655113116, 2.1983755235163995, 3.7924520158928381, 6.5432098768226785, 11.288898181090117, 19.465723466626333, 33.604603596795236, 57.967512946170693, 100.13379002638322],
 siglist 
[0.25029999999999997, 1.0, 0.6924, 1.0, 1.0, 0.406, 0.31920000000000004, 1.0, 1.0, 0.9418, 0.5920000000000001, 0.9345, 0.9981, 1.0, 1.0, 0.7606999999999999, 0.8448, 1.0, 1.0, 1.0],
 powerlist 
[0.1174079320388267, 0.16801777980892812, 0.10328446195481368, 0.12507000844209826, 0.17977058512692703, 0.10781820307923613, 0.096432390469321033, 0.19913778942743338, 0.13633545523469925, 0.12871166202675233, 0.10373379744016599, 0.10791690986493248, 0.1024937455257781, 0.12737264543434101, 0.13444627166618703, 0.089057207950813094, 0.092942148546951459, 0.14977122747133098, 0.18848816823000786, 0.2096130270595056],
 listnumberlist 
[0, 0, 0, 0, 0, 0, 0, 0, 0, 0, 0, 0, 0, 0, 0, 0, 0, 0, 0, 0],
 end of file
