fullmaglist 
[23.263157894736842, 23.263157894736842, 23.263157894736842, 23.263157894736842, 23.263157894736842, 23.263157894736842, 23.263157894736842, 23.263157894736842, 23.263157894736842, 23.263157894736842, 23.263157894736842, 23.263157894736842, 23.263157894736842, 23.263157894736842, 23.263157894736842, 23.263157894736842, 23.263157894736842, 23.263157894736842, 23.263157894736842, 23.263157894736842],
 periodlist 
[0.0031622776601683798, 0.0054555947811685199, 0.0094120496726806703, 0.016237767391887217, 0.028013567611988671, 0.048329302385717518, 0.083378222347178912, 0.14384498882876623, 0.24816289228368255, 0.42813323987193919, 0.73861998220793579, 1.2742749857031335, 2.1983926488622894, 3.7926901907322494, 6.5431891297129621, 11.288378916846883, 19.474830399087551, 33.59818286283781, 57.963939533849604, 100.0],
 measuredperiodlist 
[0.0031622778576005828, 0.0054555946910557649, 0.0094120493369485459, 0.016237764514130584, 0.028013551477043871, 0.048329312053863246, 0.083378014420971647, 0.14384481791555173, 0.24816149917038727, 0.42813282804579039, 0.73860641575621144, 1.2742517240855469, 2.1983251022428525, 3.7926951667656592, 6.5434005074170205, 11.287835829274114, 19.451743974129666, 33.560916569776708, 58.024273644755674, 100.06664111947678],
 siglist 
[0.45189999999999997, 1.0, 1.0, 1.0, 1.0, 1.0, 0.9963, 1.0, 1.0, 1.0, 1.0, 1.0, 1.0, 1.0, 1.0, 0.9998, 1.0, 1.0, 1.0, 1.0],
 powerlist 
[0.0707471879707047, 0.17068554430481431, 0.16974301134001851, 0.1702496734105749, 0.22430731088572128, 0.12189400770575898, 0.088659822450240386, 0.19376367561296901, 0.13859572606812429, 0.19979430631448256, 0.1818392339371161, 0.18088636909855044, 0.13584031447616748, 0.13768964481003304, 0.15667530694901582, 0.095084297950656885, 0.1109700988053124, 0.14334783578162791, 0.16104392028251574, 0.20160252813999582],
 listnumberlist 
[0, 0, 0, 0, 0, 0, 0, 0, 0, 0, 0, 0, 0, 0, 0, 0, 0, 0, 0, 0],
 end of file
