fullmaglist 
[23.63157894736842, 23.63157894736842, 23.63157894736842, 23.63157894736842, 23.63157894736842, 23.63157894736842, 23.63157894736842, 23.63157894736842, 23.63157894736842, 23.63157894736842, 23.63157894736842, 23.63157894736842, 23.63157894736842, 23.63157894736842, 23.63157894736842, 23.63157894736842, 23.63157894736842, 23.63157894736842, 23.63157894736842, 23.63157894736842],
 periodlist 
[0.0031622776601683798, 0.0054555947811685199, 0.0094120496726806703, 0.016237767391887217, 0.028013567611988671, 0.048329302385717518, 0.083378222347178912, 0.14384498882876623, 0.24816289228368255, 0.42813323987193919, 0.73861998220793579, 1.2742749857031335, 2.1983926488622894, 3.7926901907322494, 6.5431891297129621, 11.288378916846883, 19.474830399087551, 33.59818286283781, 57.963939533849604, 100.0],
 measuredperiodlist 
[0.003162277541560178, 0.0054555934264173466, 0.0094120484507339407, 0.016237764117948764, 0.028013543111713925, 0.048329331876156845, 0.083378284369613587, 0.14384498510772248, 0.24816469431200422, 0.42813654538344531, 0.73860977677727757, 1.274199973712832, 1.8345610723144206, 3.792418855292607, 6.5434566648470147, 11.294410094318136, 19.47337072432769, 33.593541702829746, 57.868901782388313, 99.765265843065052],
 siglist 
[0.5971, 0.8772, 0.9775, 0.9586, 1.0, 0.6517999999999999, 0.8584, 0.9125, 0.8375, 0.6054999999999999, 0.992, 0.9998, 1.0, 0.9998, 0.768, 0.8727, 0.9943, 1.0, 1.0, 1.0],
 powerlist 
[0.093059574522591226, 0.11168667172771768, 0.11192583558956844, 0.10487318056988745, 0.15322586664251431, 0.090591640636621368, 0.10017880366625713, 0.10386173913483916, 0.096630013024894976, 0.095616502003186443, 0.099905196381205597, 0.13265060265071987, 0.1201955043550309, 0.11944506982242103, 0.09593963711526847, 0.086911788803741827, 0.10288697024734238, 0.15692799597313833, 0.16637566169667981, 0.21517581214831416],
 listnumberlist 
[0, 0, 0, 0, 0, 0, 0, 0, 0, 0, 0, 0, 0, 0, 0, 0, 0, 0, 0, 0],
 end of file
