fullmaglist 
[19.210526315789473, 19.210526315789473, 19.210526315789473, 19.210526315789473, 19.210526315789473, 19.210526315789473, 19.210526315789473, 19.210526315789473, 19.210526315789473, 19.210526315789473, 19.210526315789473, 19.210526315789473, 19.210526315789473, 19.210526315789473, 19.210526315789473, 19.210526315789473, 19.210526315789473, 19.210526315789473, 19.210526315789473, 19.210526315789473],
 periodlist 
[0.0031622776601683798, 0.0054555947811685199, 0.0094120496726806703, 0.016237767391887217, 0.028013567611988671, 0.048329302385717518, 0.083378222347178912, 0.14384498882876623, 0.24816289228368255, 0.42813323987193919, 0.73861998220793579, 1.2742749857031335, 2.1983926488622894, 3.7926901907322494, 6.5431891297129621, 11.288378916846883, 19.474830399087551, 33.59818286283781, 57.963939533849604, 100.0],
 measuredperiodlist 
[0.0031622777003535748, 0.0054555949961204667, 0.0094120492438900596, 0.016237763518153495, 0.028013565368673141, 0.048329319199138174, 0.083378159868833276, 0.1438449550451005, 0.24816222072626898, 0.4281353626449555, 0.73861730648549406, 0.55942588053342057, 2.1983971901296515, 3.7929179233246488, 0.8653580632055079, 11.288516584351646, 19.473106297458614, 33.594748960768101, 57.876184528336886, 100.1058882025672],
 siglist 
[0.35319999999999996, 1.0, 1.0, 1.0, 1.0, 1.0, 0.5905, 1.0, 1.0, 1.0, 1.0, 1.0, 1.0, 1.0, 0.9987, 0.9993, 1.0, 1.0, 1.0, 1.0],
 powerlist 
[0.074737617167375064, 0.21415335743468691, 0.14507306017713748, 0.14749161798775276, 0.18856931709147529, 0.1049828896139255, 0.072121173215553405, 0.18365979574529867, 0.10260098239619739, 0.15709612735603129, 0.12832379622952766, 0.14282063240485504, 0.1472378960274868, 0.11266044211900215, 0.083196580679477383, 0.088140722466841764, 0.10803352565335884, 0.14091006781141335, 0.18947471128521648, 0.2208304404867836],
 listnumberlist 
[0, 0, 0, 0, 0, 0, 0, 0, 0, 0, 0, 0, 0, 0, 0, 0, 0, 0, 0, 0],
 end of file
