fullmaglist 
[17.0, 17.0, 17.0, 17.0, 17.0, 17.0, 17.0, 17.0, 17.0, 17.0, 17.0, 17.0, 17.0, 17.0, 17.0, 17.0, 17.0, 17.0, 17.0, 17.0],
 periodlist 
[0.0031622776601683798, 0.0054555947811685199, 0.0094120496726806703, 0.016237767391887217, 0.028013567611988671, 0.048329302385717518, 0.083378222347178912, 0.14384498882876623, 0.24816289228368255, 0.42813323987193919, 0.73861998220793579, 1.2742749857031335, 2.1983926488622894, 3.7926901907322494, 6.5431891297129621, 11.288378916846883, 19.474830399087551, 33.59818286283781, 57.963939533849604, 100.0],
 measuredperiodlist 
[0.0031622777375370902, 0.0054555944900747536, 0.0094120489613498375, 0.015977610462478725, 0.028013537683671361, 0.0483293103350819, 0.083378116071083461, 0.14384523556606496, 0.24816217396737739, 0.4281333757529231, 0.73862266958605582, 1.2742561265329579, 2.1983978091070768, 3.7925929549136463, 6.5423215940491444, 11.288016774185905, 19.472933576313526, 33.583787254284267, 58.014034582161933, 99.914651151616098],
 siglist 
[0.3932, 1.0, 1.0, 0.9991, 1.0, 1.0, 0.9926, 1.0, 0.9853, 1.0, 1.0, 1.0, 1.0, 1.0, 1.0, 0.9998, 1.0, 1.0, 1.0, 1.0],
 powerlist 
[0.080771984542993419, 0.17353829282221167, 0.16687099142256165, 0.10565520197853272, 0.22489243525279676, 0.12972399069428769, 0.10141766593521351, 0.21708018527274306, 0.095152842262965998, 0.16426846819767685, 0.10425920885754084, 0.20972424780553756, 0.12528532676078494, 0.11316945224740346, 0.14431755007385597, 0.099300765020027423, 0.11297649307739319, 0.15761813568493316, 0.14934310507180981, 0.21872873382851063],
 listnumberlist 
[0, 0, 0, 0, 0, 0, 0, 0, 0, 0, 0, 0, 0, 0, 0, 0, 0, 0, 0, 0],
 end of file
