fullmaglist 
[18.105263157894736, 18.105263157894736, 18.105263157894736, 18.105263157894736, 18.105263157894736, 18.105263157894736, 18.105263157894736, 18.105263157894736, 18.105263157894736, 18.105263157894736, 18.105263157894736, 18.105263157894736, 18.105263157894736, 18.105263157894736, 18.105263157894736, 18.105263157894736, 18.105263157894736, 18.105263157894736, 18.105263157894736, 18.105263157894736],
 periodlist 
[0.0031622776601683798, 0.0054555947811685199, 0.0094120496726806703, 0.016237767391887217, 0.028013567611988671, 0.048329302385717518, 0.083378222347178912, 0.14384498882876623, 0.24816289228368255, 0.42813323987193919, 0.73861998220793579, 1.2742749857031335, 2.1983926488622894, 3.7926901907322494, 6.5431891297129621, 11.288378916846883, 19.474830399087551, 33.59818286283781, 57.963939533849604, 100.0],
 measuredperiodlist 
[0.0031622776016571479, 0.0054555944452104538, 0.0094120494433325222, 0.016237768106148659, 0.028013555885479581, 0.048329296405709238, 0.083378239624626607, 0.14384508200903853, 0.2481640660177464, 0.42813333938217224, 0.73861989484441504, 1.2742736811734978, 2.198318674967032, 3.7928766592468515, 6.5434540179163516, 11.288289790481866, 19.475012465280148, 33.593605129330136, 57.924733740669836, 99.887841750224055],
 siglist 
[0.16700000000000004, 1.0, 1.0, 1.0, 1.0, 0.6368, 0.8414, 1.0, 0.9015, 1.0, 1.0, 1.0, 1.0, 1.0, 1.0, 0.9826, 0.9995, 1.0, 1.0, 1.0],
 powerlist 
[0.077646911463326043, 0.1573172934921834, 0.16566485044584622, 0.13352229209144267, 0.19042687436812472, 0.07929304900916509, 0.082684938948237696, 0.14763322988719044, 0.086679923321817232, 0.14112373610783729, 0.10599851676931325, 0.14937635484176012, 0.12145962208347236, 0.11767468230268906, 0.13142352313847414, 0.080696883247284912, 0.098239463379266978, 0.13062439509484669, 0.18729654770185034, 0.28668041243925008],
 listnumberlist 
[0, 0, 0, 0, 0, 0, 0, 0, 0, 0, 0, 0, 0, 0, 0, 0, 0, 0, 0, 0],
 end of file
