fullmaglist 
[22.157894736842106, 22.157894736842106, 22.157894736842106, 22.157894736842106, 22.157894736842106, 22.157894736842106, 22.157894736842106, 22.157894736842106, 22.157894736842106, 22.157894736842106, 22.157894736842106, 22.157894736842106, 22.157894736842106, 22.157894736842106, 22.157894736842106, 22.157894736842106, 22.157894736842106, 22.157894736842106, 22.157894736842106, 22.157894736842106],
 periodlist 
[0.0031622776601683798, 0.0054555947811685199, 0.0094120496726806703, 0.016237767391887217, 0.028013567611988671, 0.048329302385717518, 0.083378222347178912, 0.14384498882876623, 0.24816289228368255, 0.42813323987193919, 0.73861998220793579, 1.2742749857031335, 2.1983926488622894, 3.7926901907322494, 6.5431891297129621, 11.288378916846883, 19.474830399087551, 33.59818286283781, 57.963939533849604, 100.0],
 measuredperiodlist 
[0.0031622775324612763, 0.0054555947548828396, 0.0094120513979141646, 0.016237767792240492, 0.028013548104217495, 0.048329312437933446, 0.083378071324734918, 0.14384524254266323, 0.24816236334099195, 0.42813355862191194, 0.73862930872807853, 1.2742837933409956, 2.1984503530967707, 3.7926181121276503, 6.5423044791611167, 11.2893281626882, 19.466741870736708, 33.585603925476853, 57.926648849214232, 99.955272079359062],
 siglist 
[0.37139999999999995, 1.0, 0.9999, 0.6578999999999999, 1.0, 0.9704, 0.9259, 1.0, 0.3688, 1.0, 0.8908, 1.0, 0.9988, 0.8456, 0.9918, 0.9998, 0.5071, 1.0, 1.0, 1.0],
 powerlist 
[0.082738360728435822, 0.18568547304471017, 0.12839316531652115, 0.12268172317062707, 0.23331462981249468, 0.10103534644943421, 0.10395670833025461, 0.1466395269035124, 0.10389479164848887, 0.13760943321918873, 0.11076646067622931, 0.17097369125653791, 0.11153887076563609, 0.085897493753326642, 0.092498122422290288, 0.10679358012920656, 0.08132658114715445, 0.12701567448739526, 0.15582821069545405, 0.2009064897010378],
 listnumberlist 
[0, 0, 0, 0, 0, 0, 0, 0, 0, 0, 0, 0, 0, 0, 0, 0, 0, 0, 0, 0],
 end of file
