fullmaglist 
[20.684210526315788, 20.684210526315788, 20.684210526315788, 20.684210526315788, 20.684210526315788, 20.684210526315788, 20.684210526315788, 20.684210526315788, 20.684210526315788, 20.684210526315788, 20.684210526315788, 20.684210526315788, 20.684210526315788, 20.684210526315788, 20.684210526315788, 20.684210526315788, 20.684210526315788, 20.684210526315788, 20.684210526315788, 20.684210526315788],
 periodlist 
[0.0031622776601683798, 0.0054555947811685199, 0.0094120496726806703, 0.016237767391887217, 0.028013567611988671, 0.048329302385717518, 0.083378222347178912, 0.14384498882876623, 0.24816289228368255, 0.42813323987193919, 0.73861998220793579, 1.2742749857031335, 2.1983926488622894, 3.7926901907322494, 6.5431891297129621, 11.288378916846883, 19.474830399087551, 33.59818286283781, 57.963939533849604, 100.0],
 measuredperiodlist 
[0.0031622775614082231, 0.0054555947548828396, 0.0094120492438900596, 0.016237766113134617, 0.028013558553753898, 0.048329319199138174, 0.083378248413119679, 0.143844990982233, 0.2481624703021417, 0.42813355862191194, 0.73861604311422802, 1.2742781528821439, 2.198304860560655, 3.7926347670618115, 6.5432214528689157, 11.288664135369883, 19.480353640175384, 33.580380426080744, 57.990826590995134, 99.839721573669451],
 siglist 
[0.3942, 1.0, 1.0, 1.0, 1.0, 0.9999, 1.0, 1.0, 1.0, 1.0, 1.0, 1.0, 1.0, 1.0, 1.0, 1.0, 1.0, 1.0, 1.0, 1.0],
 powerlist 
[0.070797432797914339, 0.14230843445870339, 0.18262555742483652, 0.16925279928779202, 0.25327412043816133, 0.096789190135511571, 0.12540153922145203, 0.18544584330302546, 0.10029286538006552, 0.17595223802729104, 0.10084407239557923, 0.19132241314682441, 0.15812051048680403, 0.14117786480298891, 0.1121717152543267, 0.11894392059946193, 0.1088797981412996, 0.12850043736603314, 0.20759744779165396, 0.24743380792218886],
 listnumberlist 
[0, 0, 0, 0, 0, 0, 0, 0, 0, 0, 0, 0, 0, 0, 0, 0, 0, 0, 0, 0],
 end of file
