fullmaglist 
[24.0, 24.0, 24.0, 24.0, 24.0, 24.0, 24.0, 24.0, 24.0, 24.0, 24.0, 24.0, 24.0, 24.0, 24.0, 24.0, 24.0, 24.0, 24.0, 24.0],
 periodlist 
[0.0031622776601683798, 0.0054555947811685199, 0.0094120496726806703, 0.016237767391887217, 0.028013567611988671, 0.048329302385717518, 0.083378222347178912, 0.14384498882876623, 0.24816289228368255, 0.42813323987193919, 0.73861998220793579, 1.2742749857031335, 2.1983926488622894, 3.7926901907322494, 6.5431891297129621, 11.288378916846883, 19.474830399087551, 33.59818286283781, 57.963939533849604, 100.0],
 measuredperiodlist 
[0.0031622774105481795, 0.010993211723498344, 0.0037216215474143656, 0.057158111823161398, 0.023736082499426905, 0.048329251541719007, 0.083378162784681978, 0.1438446299350801, 0.010243319125613059, 0.1583753713635121, 0.73862127404388456, 1.243207392007317, 9.3779728157627957, 3.7925715466624834, 6.5441055141477209, 11.293349784224386, 19.482219286436752, 33.599596240064407, 57.826767811858019, 99.815421014970795],
 siglist 
[0.603, 0.6498999999999999, 0.34530000000000005, 0.5169, 0.8988, 0.8773, 0.29179999999999995, 0.956, 0.3318, 0.6179, 0.2639, 0.6861999999999999, 0.5028, 0.6964, 0.8446, 0.5720000000000001, 0.41569999999999996, 0.7425999999999999, 0.9933, 0.7933],
 powerlist 
[0.1082313596489929, 0.11588358811273407, 0.10524131713808763, 0.11424068520849921, 0.11475405125110291, 0.11658826456940177, 0.099994709044706087, 0.1205020921312806, 0.099125414070048573, 0.10453085489779582, 0.082923026825105717, 0.088842541680112963, 0.085113573186041819, 0.092323167285133789, 0.097975818272371756, 0.087910346254312655, 0.086549540936131042, 0.092398698634945695, 0.11802734442396248, 0.094487813948740201],
 listnumberlist 
[0, 0, 0, 0, 0, 0, 0, 0, 0, 0, 0, 0, 0, 0, 0, 0, 0, 0, 0, 0],
 end of file
