fullmaglist 
[19.57894736842105, 19.57894736842105, 19.57894736842105, 19.57894736842105, 19.57894736842105, 19.57894736842105, 19.57894736842105, 19.57894736842105, 19.57894736842105, 19.57894736842105, 19.57894736842105, 19.57894736842105, 19.57894736842105, 19.57894736842105, 19.57894736842105, 19.57894736842105, 19.57894736842105, 19.57894736842105, 19.57894736842105, 19.57894736842105],
 periodlist 
[0.0031622776601683798, 0.0054555947811685199, 0.0094120496726806703, 0.016237767391887217, 0.028013567611988671, 0.048329302385717518, 0.083378222347178912, 0.14384498882876623, 0.24816289228368255, 0.42813323987193919, 0.73861998220793579, 1.2742749857031335, 2.1983926488622894, 3.7926901907322494, 6.5431891297129621, 11.288378916846883, 19.474830399087551, 33.59818286283781, 57.963939533849604, 100.0],
 measuredperiodlist 
[0.0031622776164925239, 0.0054555935465076776, 0.0094120499825817994, 0.016237765941675444, 0.02801356527624288, 0.048329263214047409, 0.083378152134997011, 0.14384498510772248, 0.24816398435059209, 0.42813263617922076, 0.73860474555936118, 1.2742851407625271, 2.1983783091905247, 3.792659282783517, 6.5436294275408864, 11.286180951789589, 19.475775389282916, 33.595493272544061, 57.921065862087197, 99.943430399008676],
 siglist 
[0.8744000000000001, 0.9996, 1.0, 1.0, 1.0, 0.2842, 0.1894, 1.0, 0.9942, 1.0, 1.0, 1.0, 0.9995, 1.0, 1.0, 1.0, 1.0, 1.0, 1.0, 1.0],
 powerlist 
[0.09404603357506941, 0.11301286289380841, 0.15604782237888168, 0.13869247543240962, 0.20411798246799409, 0.078609682949995596, 0.082391530971206606, 0.16209995146866146, 0.099585785360322088, 0.20229736561582196, 0.12368907418784438, 0.19162028291052002, 0.10157680884019907, 0.12328127569700538, 0.11253711985061614, 0.12128010771255968, 0.13612680477740335, 0.12628089825340352, 0.16511702287154062, 0.20641321198529183],
 listnumberlist 
[0, 0, 0, 0, 0, 0, 0, 0, 0, 0, 0, 0, 0, 0, 0, 0, 0, 0, 0, 0],
 end of file
