fullmaglist 
[22.894736842105264, 22.894736842105264, 22.894736842105264, 22.894736842105264, 22.894736842105264, 22.894736842105264, 22.894736842105264, 22.894736842105264, 22.894736842105264, 22.894736842105264, 22.894736842105264, 22.894736842105264, 22.894736842105264, 22.894736842105264, 22.894736842105264, 22.894736842105264, 22.894736842105264, 22.894736842105264, 22.894736842105264, 22.894736842105264],
 periodlist 
[0.0031622776601683798, 0.0054555947811685199, 0.0094120496726806703, 0.016237767391887217, 0.028013567611988671, 0.048329302385717518, 0.083378222347178912, 0.14384498882876623, 0.24816289228368255, 0.42813323987193919, 0.73861998220793579, 1.2742749857031335, 2.1983926488622894, 3.7926901907322494, 6.5431891297129621, 11.288378916846883, 19.474830399087551, 33.59818286283781, 57.963939533849604, 100.0],
 measuredperiodlist 
[0.0031622773607434527, 0.0054555953444885711, 0.0094120516400554612, 0.016237773806268573, 0.028013557371081098, 0.048329302607769083, 0.083378098765307038, 0.1438458579408981, 0.24816149917038727, 0.29954153669891848, 0.73861587129009465, 1.2743202081850327, 2.1984172424257178, 3.792229833923598, 6.5434005074170205, 11.284229945028047, 19.476915506478747, 33.645725219476716, 57.929117728356267, 99.887623496561346],
 siglist 
[0.6543, 1.0, 1.0, 1.0, 1.0, 0.9999, 0.9077999999999999, 1.0, 0.9255, 0.864, 1.0, 0.9996, 1.0, 1.0, 1.0, 1.0, 1.0, 1.0, 1.0, 1.0],
 powerlist 
[0.074708124282677354, 0.20152361377270916, 0.18069007812524487, 0.13381549586340691, 0.19755588919353767, 0.099071550324513438, 0.077105442118780551, 0.13179906540797909, 0.078565412814369656, 0.075270311690226729, 0.12675367540132401, 0.093039959048824117, 0.097052309832768455, 0.15757595538547767, 0.11393132316009366, 0.11016603247433142, 0.12781959880054186, 0.14531627263733038, 0.14363459177499921, 0.25129253238016042],
 listnumberlist 
[0, 0, 0, 0, 0, 0, 0, 0, 0, 0, 0, 0, 0, 0, 0, 0, 0, 0, 0, 0],
 end of file
