fullmaglist 
[19.94736842105263, 19.94736842105263, 19.94736842105263, 19.94736842105263, 19.94736842105263, 19.94736842105263, 19.94736842105263, 19.94736842105263, 19.94736842105263, 19.94736842105263, 19.94736842105263, 19.94736842105263, 19.94736842105263, 19.94736842105263, 19.94736842105263, 19.94736842105263, 19.94736842105263, 19.94736842105263, 19.94736842105263, 19.94736842105263],
 periodlist 
[0.0031622776601683798, 0.0054555947811685199, 0.0094120496726806703, 0.016237767391887217, 0.028013567611988671, 0.048329302385717518, 0.083378222347178912, 0.14384498882876623, 0.24816289228368255, 0.42813323987193919, 0.73861998220793579, 1.2742749857031335, 2.1983926488622894, 3.7926901907322494, 6.5431891297129621, 11.288378916846883, 19.474830399087551, 33.59818286283781, 57.963939533849604, 100.0],
 measuredperiodlist 
[0.003162277609083271, 0.0054555927285232439, 0.009412053220366156, 0.016237763971565865, 0.028013595609067358, 0.04832926263876821, 0.083378188482668883, 0.1438451678920597, 0.24816251097561931, 0.42812715951312924, 0.73859221549776355, 1.2742348925015037, 2.1983381549376793, 3.7922576326008777, 6.5431299928420579, 11.286096367681099, 19.470744513686178, 33.557785715538969, 58.018392281406499, 100.48137341091763],
 siglist 
[0.544, 0.9999, 0.9952, 0.9723, 1.0, 0.7832, 0.3536, 1.0, 1.0, 1.0, 0.9936, 0.9997, 1.0, 1.0, 1.0, 0.9882, 0.9652000000000001, 0.9999, 0.9506, 1.0],
 powerlist 
[0.1026421445710014, 0.16646173678573922, 0.13411026560419295, 0.11668770890818195, 0.15726432392719064, 0.10229971996546242, 0.092994117092141809, 0.18735634842564153, 0.16249930190112954, 0.184472567782408, 0.11003374927719681, 0.12806538639333673, 0.14030318914796097, 0.16778180531678158, 0.15774094488682994, 0.10708612705517251, 0.099357947414145276, 0.14031380630842502, 0.096702019213841778, 0.18862869246302355],
 listnumberlist 
[0, 0, 0, 0, 0, 0, 0, 0, 0, 0, 0, 0, 0, 0, 0, 0, 0, 0, 0, 0],
 end of file
