fullmaglist 
[22.526315789473685, 22.526315789473685, 22.526315789473685, 22.526315789473685, 22.526315789473685, 22.526315789473685, 22.526315789473685, 22.526315789473685, 22.526315789473685, 22.526315789473685, 22.526315789473685, 22.526315789473685, 22.526315789473685, 22.526315789473685, 22.526315789473685, 22.526315789473685, 22.526315789473685, 22.526315789473685, 22.526315789473685, 22.526315789473685],
 periodlist 
[0.0031622776601683798, 0.0054555947811685199, 0.0094120496726806703, 0.016237767391887217, 0.028013567611988671, 0.048329302385717518, 0.083378222347178912, 0.14384498882876623, 0.24816289228368255, 0.42813323987193919, 0.73861998220793579, 1.2742749857031335, 2.1983926488622894, 3.7926901907322494, 6.5431891297129621, 11.288378916846883, 19.474830399087551, 33.59818286283781, 57.963939533849604, 100.0],
 measuredperiodlist 
[0.0031622774147516, 0.0054555942670497784, 0.00941205085062914, 0.016237765485743735, 0.028013575680013465, 0.048329313027715218, 0.08337808401429761, 0.14384546217198346, 0.24816309690453928, 0.42813369271386331, 0.73860820451431575, 1.2742392801672604, 2.1983699521893274, 3.7926095366636181, 6.5420008845384263, 11.292278183080141, 19.471622250022929, 33.587688353855221, 57.818758431817336, 100.13379002638322],
 siglist 
[0.7688, 1.0, 1.0, 0.9646, 1.0, 0.20679999999999998, 0.2158, 1.0, 0.44299999999999995, 1.0, 0.9999, 0.9991, 1.0, 0.9994, 0.9945, 0.9522, 1.0, 0.9984, 1.0, 1.0],
 powerlist 
[0.086100616429148527, 0.12216482132186701, 0.15795395732384226, 0.095635906198428919, 0.17755040516226886, 0.074845906817512381, 0.074183893524934916, 0.13888960746010479, 0.078452968933922923, 0.1217284446344977, 0.10848929327663159, 0.1022175006098284, 0.12361522254095111, 0.098517872716009203, 0.09265773218488188, 0.078105041792291635, 0.14015233651971931, 0.094859915370472614, 0.11939169809687343, 0.2199440729004333],
 listnumberlist 
[0, 0, 0, 0, 0, 0, 0, 0, 0, 0, 0, 0, 0, 0, 0, 0, 0, 0, 0, 0],
 end of file
