fullmaglist 
[22.894736842105264, 22.894736842105264, 22.894736842105264, 22.894736842105264, 22.894736842105264, 22.894736842105264, 22.894736842105264, 22.894736842105264, 22.894736842105264, 22.894736842105264, 22.894736842105264, 22.894736842105264, 22.894736842105264, 22.894736842105264, 22.894736842105264, 22.894736842105264, 22.894736842105264, 22.894736842105264, 22.894736842105264, 22.894736842105264],
 periodlist 
[0.0031622776601683798, 0.0054555947811685199, 0.0094120496726806703, 0.016237767391887217, 0.028013567611988671, 0.048329302385717518, 0.083378222347178912, 0.14384498882876623, 0.24816289228368255, 0.42813323987193919, 0.73861998220793579, 1.2742749857031335, 2.1983926488622894, 3.7926901907322494, 6.5431891297129621, 11.288378916846883, 19.474830399087551, 33.59818286283781, 57.963939533849604, 100.0],
 measuredperiodlist 
[0.0031622776482490662, 0.0054555942551763924, 0.0094120493464626125, 0.016237769776638794, 0.028013559462409608, 0.050790701507383178, 0.083378272561594066, 0.14384483525478853, 0.24816346861065247, 0.42813493816757753, 0.73862330755802885, 1.2742612318051867, 2.1983328383989322, 3.792376632019089, 6.5441138902575045, 11.289254378017327, 19.473984476025258, 33.595402368147568, 57.944137777897836, 100.00156720710342],
 siglist 
[0.944, 1.0, 1.0, 0.9995, 1.0, 0.9027000000000001, 0.9798, 1.0, 0.7266, 0.9936, 0.9973, 1.0, 1.0, 0.9803, 1.0, 1.0, 0.978, 1.0, 1.0, 1.0],
 powerlist 
[0.10489811904129394, 0.14609410947794305, 0.13427870025836375, 0.13088013015567224, 0.29373737757681234, 0.089904501076493074, 0.095952355483687246, 0.17758628824668099, 0.082471802603099317, 0.10398145830607747, 0.10415146827443184, 0.18434435703382024, 0.12944032359592939, 0.086587000681801932, 0.19200839190076768, 0.12721402936963735, 0.085166715432563295, 0.15492162972633458, 0.23462758124485222, 0.1925841053346202],
 listnumberlist 
[0, 0, 0, 0, 0, 0, 0, 0, 0, 0, 0, 0, 0, 0, 0, 0, 0, 0, 0, 0],
 end of file
