fullmaglist 
[22.526315789473685, 22.526315789473685, 22.526315789473685, 22.526315789473685, 22.526315789473685, 22.526315789473685, 22.526315789473685, 22.526315789473685, 22.526315789473685, 22.526315789473685, 22.526315789473685, 22.526315789473685, 22.526315789473685, 22.526315789473685, 22.526315789473685, 22.526315789473685, 22.526315789473685, 22.526315789473685, 22.526315789473685, 22.526315789473685],
 periodlist 
[0.0031622776601683798, 0.0054555947811685199, 0.0094120496726806703, 0.016237767391887217, 0.028013567611988671, 0.048329302385717518, 0.083378222347178912, 0.14384498882876623, 0.24816289228368255, 0.42813323987193919, 0.73861998220793579, 1.2742749857031335, 2.1983926488622894, 3.7926901907322494, 6.5431891297129621, 11.288378916846883, 19.474830399087551, 33.59818286283781, 57.963939533849604, 100.0],
 measuredperiodlist 
[0.0031622774394268471, 0.0054555953287014642, 0.0094120496953623515, 0.016237765696343803, 0.028013559336840226, 0.050790735633764718, 0.083378339455756706, 0.14384473749175122, 0.24816238776169058, 0.42813378602859176, 0.73862064384089199, 1.2742916678445719, 2.19837274847113, 3.7925050871497072, 6.5430915458936472, 11.285620402984655, 19.469293771650886, 33.61786333176056, 57.939004580104196, 100.0114559718008],
 siglist 
[0.6222, 1.0, 1.0, 0.9863, 1.0, 0.5715, 0.9992, 1.0, 0.26849999999999996, 1.0, 0.9431, 0.9999, 0.9996, 0.9201, 0.9956, 0.5049, 0.8931, 0.9999, 1.0, 1.0],
 powerlist 
[0.10217066444190287, 0.15767146282709812, 0.16963811233166651, 0.12982481671722851, 0.25154135973507702, 0.097595711384309405, 0.11935986458193316, 0.22433190089324234, 0.094262456250032572, 0.16362490810951758, 0.088159757429047331, 0.15553764385445734, 0.11866739090474321, 0.10229144637554551, 0.11358104325004867, 0.098868962926949938, 0.093831195363808087, 0.1372542476621551, 0.18017672975203017, 0.18770474997855929],
 listnumberlist 
[0, 0, 0, 0, 0, 0, 0, 0, 0, 0, 0, 0, 0, 0, 0, 0, 0, 0, 0, 0],
 end of file
