fullmaglist 
[17.0, 17.0, 17.0, 17.0, 17.0, 17.0, 17.0, 17.0, 17.0, 17.0, 17.0, 17.0, 17.0, 17.0, 17.0, 17.0, 17.0, 17.0, 17.0, 17.0],
 periodlist 
[0.0031622776601683798, 0.0054555947811685199, 0.0094120496726806703, 0.016237767391887217, 0.028013567611988671, 0.048329302385717518, 0.083378222347178912, 0.14384498882876623, 0.24816289228368255, 0.42813323987193919, 0.73861998220793579, 1.2742749857031335, 2.1983926488622894, 3.7926901907322494, 6.5431891297129621, 11.288378916846883, 19.474830399087551, 33.59818286283781, 57.963939533849604, 100.0],
 measuredperiodlist 
[0.0031622775556188337, 0.0054555947031890654, 0.0094120496541802903, 0.016237765807842679, 0.028013566731657391, 0.048329327312586337, 0.083378204140952955, 0.14384491910798597, 0.24816179288308368, 0.42813069344009036, 0.7386337307052524, 1.2742678121706035, 2.198483931032396, 3.7927513556968324, 6.5431470940735705, 11.2893281626882, 19.477497982499013, 33.607168048830836, 57.936363617134042, 99.909019795885499],
 siglist 
[0.7416, 1.0, 1.0, 1.0, 1.0, 0.9825, 1.0, 1.0, 1.0, 1.0, 1.0, 1.0, 0.9999, 1.0, 1.0, 0.9992, 1.0, 1.0, 1.0, 1.0],
 powerlist 
[0.074791508731000211, 0.17857384717668809, 0.19529339440699028, 0.15075372742341256, 0.23131342860896981, 0.081887009431236044, 0.11619942786368051, 0.19365373429470997, 0.09776421104233568, 0.15827137554083581, 0.11413322444793425, 0.14520707903402691, 0.093627492499624695, 0.12869347009595944, 0.11666090747975554, 0.084961133350750714, 0.10355081363978857, 0.13641117470211184, 0.17690841061725313, 0.19915421882638074],
 listnumberlist 
[0, 0, 0, 0, 0, 0, 0, 0, 0, 0, 0, 0, 0, 0, 0, 0, 0, 0, 0, 0],
 end of file
