fullmaglist 
[17.736842105263158, 17.736842105263158, 17.736842105263158, 17.736842105263158, 17.736842105263158, 17.736842105263158, 17.736842105263158, 17.736842105263158, 17.736842105263158, 17.736842105263158, 17.736842105263158, 17.736842105263158, 17.736842105263158, 17.736842105263158, 17.736842105263158, 17.736842105263158, 17.736842105263158, 17.736842105263158, 17.736842105263158, 17.736842105263158],
 periodlist 
[0.0031622776601683798, 0.0054555947811685199, 0.0094120496726806703, 0.016237767391887217, 0.028013567611988671, 0.048329302385717518, 0.083378222347178912, 0.14384498882876623, 0.24816289228368255, 0.42813323987193919, 0.73861998220793579, 1.2742749857031335, 2.1983926488622894, 3.7926901907322494, 6.5431891297129621, 11.288378916846883, 19.474830399087551, 33.59818286283781, 57.963939533849604, 100.0],
 measuredperiodlist 
[0.0031622775498294439, 0.0054555947376515816, 0.0094120488848861358, 0.016237772066329745, 0.028013574000908946, 0.048329327312586337, 0.083378353056609705, 0.14384443994817461, 0.24816179288308368, 0.42813228520303448, 0.73861256886553128, 1.2742725124732259, 2.1983412318892848, 3.7923350006255467, 6.5438659665645762, 11.289106811568988, 19.473545376841354, 33.612399885943184, 58.033690814372669, 100.00735711352435],
 siglist 
[0.14870000000000005, 1.0, 0.9998, 1.0, 1.0, 1.0, 1.0, 1.0, 1.0, 1.0, 1.0, 1.0, 1.0, 1.0, 1.0, 0.931, 1.0, 1.0, 1.0, 1.0],
 powerlist 
[0.067623894694020525, 0.17055515059531129, 0.098697514319830634, 0.17377913397414119, 0.25963683223306078, 0.10563196799779992, 0.13735085532074473, 0.15495229567749744, 0.1035427600482979, 0.14958188245003343, 0.13000253226630296, 0.13672378107963551, 0.11663591774053722, 0.15606544806559203, 0.12384803777256746, 0.071394225436489267, 0.10345535130685091, 0.17172030399464314, 0.21264665924790138, 0.18993702663472009],
 listnumberlist 
[0, 0, 0, 0, 0, 0, 0, 0, 0, 0, 0, 0, 0, 0, 0, 0, 0, 0, 0, 0],
 end of file
