fullmaglist 
[18.842105263157894, 18.842105263157894, 18.842105263157894, 18.842105263157894, 18.842105263157894, 18.842105263157894, 18.842105263157894, 18.842105263157894, 18.842105263157894, 18.842105263157894, 18.842105263157894, 18.842105263157894, 18.842105263157894, 18.842105263157894, 18.842105263157894, 18.842105263157894, 18.842105263157894, 18.842105263157894, 18.842105263157894, 18.842105263157894],
 periodlist 
[0.0031622776601683798, 0.0054555947811685199, 0.0094120496726806703, 0.016237767391887217, 0.028013567611988671, 0.048329302385717518, 0.083378222347178912, 0.14384498882876623, 0.24816289228368255, 0.42813323987193919, 0.73861998220793579, 1.2742749857031335, 2.1983926488622894, 3.7926901907322494, 6.5431891297129621, 11.288378916846883, 19.474830399087551, 33.59818286283781, 57.963939533849604, 100.0],
 measuredperiodlist 
[0.0031622776626047387, 0.0054555943013613129, 0.0094120474805638888, 0.016237768677266229, 0.028013576584689531, 0.048329329183521431, 0.08337814011368902, 0.14384474657677868, 0.24816302590912925, 0.42812745923484768, 0.73862235512195018, 1.2743085402972099, 2.1984061663200691, 3.7925680825605523, 6.5431851990440855, 11.290661407902604, 19.470092592550941, 33.585737690788193, 57.977198799766931, 99.903144092922304],
 siglist 
[0.7641, 1.0, 1.0, 1.0, 1.0, 1.0, 0.9991, 1.0, 0.9726, 1.0, 1.0, 1.0, 1.0, 1.0, 1.0, 1.0, 1.0, 1.0, 1.0, 1.0],
 powerlist 
[0.085235519387946226, 0.14473482293622794, 0.14375888091164266, 0.15318915797157653, 0.2638989730315035, 0.12900986687919269, 0.10857470598517449, 0.18646012654652372, 0.091704133854796435, 0.12059672437636361, 0.14165706277526208, 0.20799648424640821, 0.13625535926593824, 0.13671753789863067, 0.11469944619276015, 0.11539087192843217, 0.16319061786312619, 0.2146977231785353, 0.14801108413040914, 0.19481340356783416],
 listnumberlist 
[0, 0, 0, 0, 0, 0, 0, 0, 0, 0, 0, 0, 0, 0, 0, 0, 0, 0, 0, 0],
 end of file
