fullmaglist 
[20.31578947368421, 20.31578947368421, 20.31578947368421, 20.31578947368421, 20.31578947368421, 20.31578947368421, 20.31578947368421, 20.31578947368421, 20.31578947368421, 20.31578947368421, 20.31578947368421, 20.31578947368421, 20.31578947368421, 20.31578947368421, 20.31578947368421, 20.31578947368421, 20.31578947368421, 20.31578947368421, 20.31578947368421, 20.31578947368421],
 periodlist 
[0.0031622776601683798, 0.0054555947811685199, 0.0094120496726806703, 0.016237767391887217, 0.028013567611988671, 0.048329302385717518, 0.083378222347178912, 0.14384498882876623, 0.24816289228368255, 0.42813323987193919, 0.73861998220793579, 1.2742749857031335, 2.1983926488622894, 3.7926901907322494, 6.5431891297129621, 11.288378916846883, 19.474830399087551, 33.59818286283781, 57.963939533849604, 100.0],
 measuredperiodlist 
[0.0031622775357961512, 0.0054555945758535951, 0.0094120488592266544, 0.01623776305410839, 0.028013589250160623, 0.048329241673033672, 0.083378276355382461, 0.14384528327251478, 0.24816291941609039, 0.42813686234907883, 0.73861826711294032, 1.2743160283298074, 2.1984145235966017, 3.7927504873927864, 6.5438515644096524, 11.284419123987526, 19.464631491515558, 33.605254523315061, 57.977198799766946, 100.11067751988942],
 siglist 
[0.32630000000000003, 1.0, 1.0, 1.0, 1.0, 0.9983, 1.0, 1.0, 0.9996, 1.0, 0.9999, 1.0, 1.0, 1.0, 0.9999, 1.0, 1.0, 1.0, 1.0, 1.0],
 powerlist 
[0.07932461769071697, 0.14306110327583402, 0.17154447528102768, 0.12696311804555896, 0.18200912059173088, 0.10284830598893414, 0.11587505833663786, 0.18581956468081318, 0.1070707192994432, 0.14936705671995554, 0.10069653222736635, 0.13298425133630765, 0.1343685449502123, 0.11827190328642802, 0.1018874924771578, 0.12803019901143917, 0.15407162352079812, 0.18921464359435688, 0.17024246472767199, 0.19164248232855122],
 listnumberlist 
[0, 0, 0, 0, 0, 0, 0, 0, 0, 0, 0, 0, 0, 0, 0, 0, 0, 0, 0, 0],
 end of file
