fullmaglist 
[19.210526315789473, 19.210526315789473, 19.210526315789473, 19.210526315789473, 19.210526315789473, 19.210526315789473, 19.210526315789473, 19.210526315789473, 19.210526315789473, 19.210526315789473, 19.210526315789473, 19.210526315789473, 19.210526315789473, 19.210526315789473, 19.210526315789473, 19.210526315789473, 19.210526315789473, 19.210526315789473, 19.210526315789473, 19.210526315789473],
 periodlist 
[0.0031622776601683798, 0.0054555947811685199, 0.0094120496726806703, 0.016237767391887217, 0.028013567611988671, 0.048329302385717518, 0.083378222347178912, 0.14384498882876623, 0.24816289228368255, 0.42813323987193919, 0.73861998220793579, 1.2742749857031335, 2.1983926488622894, 3.7926901907322494, 6.5431891297129621, 11.288378916846883, 19.474830399087551, 33.59818286283781, 57.963939533849604, 100.0],
 measuredperiodlist 
[0.0031622776510766845, 0.0054555947302555169, 0.0094120494209041922, 0.016237769741107338, 0.028013572513647687, 0.048329241673033672, 0.083378348483518064, 0.14384514015326022, 0.24816203197765407, 0.42813348140651769, 0.73862990233439363, 1.2742346007002843, 2.1983978091070768, 3.7923774053577981, 6.5433332685078849, 11.287576122345202, 19.475994024636815, 33.605905475052481, 57.967512946170693, 100.07025629660613],
 siglist 
[0.6986, 1.0, 1.0, 1.0, 1.0, 0.9997, 0.9723, 1.0, 1.0, 1.0, 1.0, 1.0, 1.0, 1.0, 0.9982, 0.9981, 1.0, 1.0, 1.0, 1.0],
 powerlist 
[0.084277628162709686, 0.18232238796797778, 0.17697498401713252, 0.18896948905343502, 0.21194242009065778, 0.11095842668920319, 0.093646258589270073, 0.17622024056990321, 0.12630608487565098, 0.14519318873228046, 0.13191332567500957, 0.18468840009768303, 0.11416870496843864, 0.1174224919088261, 0.094016237995835583, 0.093547750870772925, 0.21617524833759499, 0.15061350253106795, 0.17770717966022959, 0.25311576706288047],
 listnumberlist 
[0, 0, 0, 0, 0, 0, 0, 0, 0, 0, 0, 0, 0, 0, 0, 0, 0, 0, 0, 0],
 end of file
