fullmaglist 
[20.684210526315788, 20.684210526315788, 20.684210526315788, 20.684210526315788, 20.684210526315788, 20.684210526315788, 20.684210526315788, 20.684210526315788, 20.684210526315788, 20.684210526315788, 20.684210526315788, 20.684210526315788, 20.684210526315788, 20.684210526315788, 20.684210526315788, 20.684210526315788, 20.684210526315788, 20.684210526315788, 20.684210526315788, 20.684210526315788],
 periodlist 
[0.0031622776601683798, 0.0054555947811685199, 0.0094120496726806703, 0.016237767391887217, 0.028013567611988671, 0.048329302385717518, 0.083378222347178912, 0.14384498882876623, 0.24816289228368255, 0.42813323987193919, 0.73861998220793579, 1.2742749857031335, 2.1983926488622894, 3.7926901907322494, 6.5431891297129621, 11.288378916846883, 19.474830399087551, 33.59818286283781, 57.963939533849604, 100.0],
 measuredperiodlist 
[0.0031622775394926353, 0.0054555941784059647, 0.0094120481857753267, 0.016237769017436499, 0.0280136038008785, 0.048329223357312656, 0.083378418282947911, 0.14384492790412143, 0.24816504671563777, 0.42813013580965992, 0.73862385266885089, 1.2742847995003184, 0.68605366835197035, 0.78963303553154185, 6.5399535593155198, 11.294301691142939, 19.49628104541868, 33.61142261092558, 57.905391284995623, 100.20693128697363],
 siglist 
[0.5352, 1.0, 1.0, 0.8449, 1.0, 0.9999, 0.983, 1.0, 0.9999, 1.0, 1.0, 1.0, 0.9735, 0.9998, 1.0, 0.9986, 1.0, 1.0, 0.955, 1.0],
 powerlist 
[0.10124425067253784, 0.20204809160116929, 0.15332585565438703, 0.1044931688098899, 0.21545111141134723, 0.14935593899173399, 0.11978160277439953, 0.20741427978663801, 0.1454747785252575, 0.22106081972940839, 0.15982179007396857, 0.14346140492835024, 0.10249063870123526, 0.13231563200398105, 0.17462219806791046, 0.11826492570550286, 0.15236990521811275, 0.19982877474495236, 0.098074677612111583, 0.31160900849551509],
 listnumberlist 
[0, 0, 0, 0, 0, 0, 0, 0, 0, 0, 0, 0, 0, 0, 0, 0, 0, 0, 0, 0],
 end of file
