fullmaglist 
[19.57894736842105, 19.57894736842105, 19.57894736842105, 19.57894736842105, 19.57894736842105, 19.57894736842105, 19.57894736842105, 19.57894736842105, 19.57894736842105, 19.57894736842105, 19.57894736842105, 19.57894736842105, 19.57894736842105, 19.57894736842105, 19.57894736842105, 19.57894736842105, 19.57894736842105, 19.57894736842105, 19.57894736842105, 19.57894736842105],
 periodlist 
[0.0031622776601683798, 0.0054555947811685199, 0.0094120496726806703, 0.016237767391887217, 0.028013567611988671, 0.048329302385717518, 0.083378222347178912, 0.14384498882876623, 0.24816289228368255, 0.42813323987193919, 0.73861998220793579, 1.2742749857031335, 2.1983926488622894, 3.7926901907322494, 6.5431891297129621, 11.288378916846883, 19.474830399087551, 33.59818286283781, 57.963939533849604, 100.0],
 measuredperiodlist 
[0.0031622775093037197, 0.0054555946859578073, 0.0094120495516077287, 0.016237766418426572, 0.028013573546580614, 0.048329274575221938, 0.083378184017256371, 0.14384464359070437, 0.24816275553232522, 0.42813302802979236, 0.73863025629015855, 1.2742602917585322, 2.1983720085689504, 3.7925764754321984, 6.5432214528689157, 11.290287451185455, 19.482111384213422, 33.589522616589264, 57.870367379514107, 100.09428623374949],
 siglist 
[0.7188, 1.0, 1.0, 1.0, 1.0, 0.984, 1.0, 1.0, 0.9995, 1.0, 1.0, 1.0, 1.0, 1.0, 1.0, 1.0, 1.0, 1.0, 1.0, 1.0],
 powerlist 
[0.07474337269389944, 0.18818698317551028, 0.17901359596951688, 0.171368164423364, 0.23849723702887432, 0.083266773387524654, 0.1015788676404604, 0.18565794100453892, 0.092511803443978413, 0.18727212502116614, 0.11667241284554516, 0.13607261042225369, 0.10942496045910033, 0.11651751218044661, 0.11108033449642864, 0.12412076716881049, 0.13921182634313067, 0.19677117347517004, 0.2092022186108668, 0.21797646956163699],
 listnumberlist 
[0, 0, 0, 0, 0, 0, 0, 0, 0, 0, 0, 0, 0, 0, 0, 0, 0, 0, 0, 0],
 end of file
