fullmaglist 
[20.31578947368421, 20.31578947368421, 20.31578947368421, 20.31578947368421, 20.31578947368421, 20.31578947368421, 20.31578947368421, 20.31578947368421, 20.31578947368421, 20.31578947368421, 20.31578947368421, 20.31578947368421, 20.31578947368421, 20.31578947368421, 20.31578947368421, 20.31578947368421, 20.31578947368421, 20.31578947368421, 20.31578947368421, 20.31578947368421],
 periodlist 
[0.0031622776601683798, 0.0054555947811685199, 0.0094120496726806703, 0.016237767391887217, 0.028013567611988671, 0.048329302385717518, 0.083378222347178912, 0.14384498882876623, 0.24816289228368255, 0.42813323987193919, 0.73861998220793579, 1.2742749857031335, 2.1983926488622894, 3.7926901907322494, 6.5431891297129621, 11.288378916846883, 19.474830399087551, 33.59818286283781, 57.963939533849604, 100.0],
 measuredperiodlist 
[0.0031622777168410429, 0.0054555945480587687, 0.0094120510759341351, 0.016237762943254564, 0.028013586618669196, 0.048329331380600686, 0.083378091486051381, 0.14384464109675618, 0.24816346305924022, 0.42813703418831273, 0.73861078320738949, 1.2742989310677744, 2.1984049572853444, 3.7927938097793596, 6.5428376003987694, 11.286675511329912, 19.47239162802483, 33.575416590058595, 57.932464244639959, 100.08936742600406],
 siglist 
[0.9826, 1.0, 1.0, 1.0, 1.0, 0.9937, 0.9997, 1.0, 0.9897, 1.0, 0.9998, 1.0, 0.9942, 1.0, 1.0, 1.0, 0.9999, 1.0, 1.0, 1.0],
 powerlist 
[0.093296168379805866, 0.17205560576452572, 0.17412085450445747, 0.14770101222262216, 0.20590650868615371, 0.093608852629573247, 0.10620823658919405, 0.20397338098021228, 0.094072990272685356, 0.14090340986855771, 0.095105298084492404, 0.17442848102690206, 0.089919515156019425, 0.11240756157205437, 0.13119919154038731, 0.10566137364585448, 0.10635757205090804, 0.20879576994364596, 0.17903730630834608, 0.28486734933529217],
 listnumberlist 
[0, 0, 0, 0, 0, 0, 0, 0, 0, 0, 0, 0, 0, 0, 0, 0, 0, 0, 0, 0],
 end of file
