fullmaglist 
[17.736842105263158, 17.736842105263158, 17.736842105263158, 17.736842105263158, 17.736842105263158, 17.736842105263158, 17.736842105263158, 17.736842105263158, 17.736842105263158, 17.736842105263158, 17.736842105263158, 17.736842105263158, 17.736842105263158, 17.736842105263158, 17.736842105263158, 17.736842105263158, 17.736842105263158, 17.736842105263158, 17.736842105263158, 17.736842105263158],
 periodlist 
[0.0031622776601683798, 0.0054555947811685199, 0.0094120496726806703, 0.016237767391887217, 0.028013567611988671, 0.048329302385717518, 0.083378222347178912, 0.14384498882876623, 0.24816289228368255, 0.42813323987193919, 0.73861998220793579, 1.2742749857031335, 2.1983926488622894, 3.7926901907322494, 6.5431891297129621, 11.288378916846883, 19.474830399087551, 33.59818286283781, 57.963939533849604, 100.0],
 measuredperiodlist 
[0.0031622776280205772, 0.0054555942327382465, 0.0094120491145346184, 0.016237762902131206, 0.028013568894944815, 0.0483293103350819, 0.083378112063983878, 0.14384479428290414, 0.24816259993752215, 0.42813062877776592, 0.73862770104816544, 1.274269229569797, 2.1983504527669551, 3.791871789100091, 6.5428150547013075, 11.288310561194047, 19.469437098632277, 33.579887060807849, 57.948150944630683, 99.989511695164111],
 siglist 
[0.09079999999999999, 1.0, 1.0, 1.0, 1.0, 1.0, 0.4302, 1.0, 0.657, 1.0, 1.0, 1.0, 1.0, 1.0, 1.0, 0.9995, 1.0, 1.0, 1.0, 1.0],
 powerlist 
[0.078424484367277655, 0.15123010238749521, 0.14031454770717741, 0.14143305678243284, 0.22318116495052959, 0.16527953229508527, 0.078144605744750253, 0.16529901206100139, 0.082208415840220567, 0.14830702897064174, 0.11971811689900494, 0.16061143928542701, 0.11088818792051819, 0.17221492912199446, 0.11843126681860483, 0.10657954453187789, 0.14181273406393899, 0.16409227630209658, 0.13500700848014283, 0.22643534572694821],
 listnumberlist 
[0, 0, 0, 0, 0, 0, 0, 0, 0, 0, 0, 0, 0, 0, 0, 0, 0, 0, 0, 0],
 end of file
