fullmaglist 
[21.05263157894737, 21.05263157894737, 21.05263157894737, 21.05263157894737, 21.05263157894737, 21.05263157894737, 21.05263157894737, 21.05263157894737, 21.05263157894737, 21.05263157894737, 21.05263157894737, 21.05263157894737, 21.05263157894737, 21.05263157894737, 21.05263157894737, 21.05263157894737, 21.05263157894737, 21.05263157894737, 21.05263157894737, 21.05263157894737],
 periodlist 
[0.0031622776601683798, 0.0054555947811685199, 0.0094120496726806703, 0.016237767391887217, 0.028013567611988671, 0.048329302385717518, 0.083378222347178912, 0.14384498882876623, 0.24816289228368255, 0.42813323987193919, 0.73861998220793579, 1.2742749857031335, 2.1983926488622894, 3.7926901907322494, 6.5431891297129621, 11.288378916846883, 19.474830399087551, 33.59818286283781, 57.963939533849604, 100.0],
 measuredperiodlist 
[0.0031622780672217066, 0.0054555937986747018, 0.0094120499324694927, 0.016237770852299327, 0.028013591513163592, 0.05655089777071165, 0.083377878052724355, 0.14384517989147763, 0.2481619395484036, 0.42812769099161763, 0.73860866648848811, 1.2742518416098907, 2.1984530668737223, 3.7933421406777592, 6.5438749158380576, 11.281887454557234, 19.461075733963551, 33.587853606629999, 58.055505813917804, 100.41116027299181],
 siglist 
[0.9802, 1.0, 1.0, 0.9999, 1.0, 0.9984, 0.48009999999999997, 1.0, 1.0, 0.9996, 1.0, 0.9832, 0.9106, 0.9659, 1.0, 0.98, 0.9233, 1.0, 0.9995, 1.0],
 powerlist 
[0.12347550650897889, 0.22045887227546479, 0.23853357297775907, 0.16245386028248132, 0.17319351500284183, 0.13477307552896461, 0.095459197560549297, 0.19209415223818505, 0.16947637059688939, 0.14441653554222106, 0.17647267354408555, 0.10508484694298184, 0.093577195297791627, 0.099549131838628485, 0.13103421563298631, 0.10324011922542253, 0.095167382668168571, 0.20488978865207325, 0.12543401781848124, 0.17576123730906057],
 listnumberlist 
[0, 0, 0, 0, 0, 0, 0, 0, 0, 0, 0, 0, 0, 0, 0, 0, 0, 0, 0, 0],
 end of file
