fullmaglist 
[21.421052631578945, 21.421052631578945, 21.421052631578945, 21.421052631578945, 21.421052631578945, 21.421052631578945, 21.421052631578945, 21.421052631578945, 21.421052631578945, 21.421052631578945, 21.421052631578945, 21.421052631578945, 21.421052631578945, 21.421052631578945, 21.421052631578945, 21.421052631578945, 21.421052631578945, 21.421052631578945, 21.421052631578945, 21.421052631578945],
 periodlist 
[0.0031622776601683798, 0.0054555947811685199, 0.0094120496726806703, 0.016237767391887217, 0.028013567611988671, 0.048329302385717518, 0.083378222347178912, 0.14384498882876623, 0.24816289228368255, 0.42813323987193919, 0.73861998220793579, 1.2742749857031335, 2.1983926488622894, 3.7926901907322494, 6.5431891297129621, 11.288378916846883, 19.474830399087551, 33.59818286283781, 57.963939533849604, 100.0],
 measuredperiodlist 
[0.0031622774300723452, 0.0054555946050777763, 0.0094120501046507273, 0.016237766951411652, 0.028013574599819534, 0.050790725188424021, 0.083377986306231097, 0.14384527217764631, 0.24816221076579789, 0.42812848624792349, 0.73863667431684266, 1.2742817436065705, 2.1984591268804214, 3.7926453042131794, 6.5438210567310167, 11.291665003283871, 19.45852293611409, 33.596092811309418, 57.960154713059168, 100.37419439295003],
 siglist 
[0.10760000000000003, 1.0, 1.0, 1.0, 1.0, 1.0, 1.0, 1.0, 1.0, 1.0, 0.9997, 1.0, 1.0, 1.0, 1.0, 1.0, 1.0, 1.0, 1.0, 1.0],
 powerlist 
[0.06713964481013239, 0.2010597885747567, 0.18658897213345108, 0.14093594299050741, 0.23071663021861849, 0.12175993601235369, 0.11361567879414976, 0.16552535305759106, 0.10807084085686111, 0.19332905537475673, 0.088467823811395466, 0.17531877312350277, 0.10675350721087309, 0.16518374911083536, 0.13001051943836708, 0.10613108814644312, 0.13755055541092906, 0.17569021454443506, 0.16266099454178093, 0.25013460564699164],
 listnumberlist 
[0, 0, 0, 0, 0, 0, 0, 0, 0, 0, 0, 0, 0, 0, 0, 0, 0, 0, 0, 0],
 end of file
