fullmaglist 
[23.63157894736842, 23.63157894736842, 23.63157894736842, 23.63157894736842, 23.63157894736842, 23.63157894736842, 23.63157894736842, 23.63157894736842, 23.63157894736842, 23.63157894736842, 23.63157894736842, 23.63157894736842, 23.63157894736842, 23.63157894736842, 23.63157894736842, 23.63157894736842, 23.63157894736842, 23.63157894736842, 23.63157894736842, 23.63157894736842],
 periodlist 
[0.0031622776601683798, 0.0054555947811685199, 0.0094120496726806703, 0.016237767391887217, 0.028013567611988671, 0.048329302385717518, 0.083378222347178912, 0.14384498882876623, 0.24816289228368255, 0.42813323987193919, 0.73861998220793579, 1.2742749857031335, 2.1983926488622894, 3.7926901907322494, 6.5431891297129621, 11.288378916846883, 19.474830399087551, 33.59818286283781, 57.963939533849604, 100.0],
 measuredperiodlist 
[0.0031622769998375516, 0.0054555944619514634, 0.0094120496541802885, 0.024625700165772691, 0.028013541289306648, 0.048329246178227245, 0.083378155844097454, 0.14384448786401208, 0.33037651284265906, 0.016034353322269285, 0.73861509558861482, 1.2742856735050427, 2.1982740857610588, 3.7930345293694887, 6.5421310265594839, 11.285861325448989, 19.470691714739431, 33.584297898285051, 58.103969119724525, 100.01314769043391],
 siglist 
[0.854, 1.0, 0.9899, 0.9683, 1.0, 0.43489999999999995, 0.43689999999999996, 1.0, 0.731, 0.8797, 0.7534, 1.0, 0.9945, 0.9985, 0.9554, 0.7517, 0.9957, 1.0, 0.9969, 1.0],
 powerlist 
[0.09689650564830149, 0.12873686245019988, 0.10958958962181775, 0.10611767276055983, 0.13425644247457935, 0.08115926125248038, 0.079257980634884651, 0.13748011908732316, 0.08200483751852955, 0.090127450874409987, 0.078032134458305549, 0.17835170781438903, 0.099823724571007133, 0.1018758019641447, 0.083612401350456014, 0.081295603085072485, 0.096920361621131143, 0.14449689287734901, 0.097520204417867518, 0.16464691436020457],
 listnumberlist 
[0, 0, 0, 0, 0, 0, 0, 0, 0, 0, 0, 0, 0, 0, 0, 0, 0, 0, 0, 0],
 end of file
