fullmaglist 
[18.105263157894736, 18.105263157894736, 18.105263157894736, 18.105263157894736, 18.105263157894736, 18.105263157894736, 18.105263157894736, 18.105263157894736, 18.105263157894736, 18.105263157894736, 18.105263157894736, 18.105263157894736, 18.105263157894736, 18.105263157894736, 18.105263157894736, 18.105263157894736, 18.105263157894736, 18.105263157894736, 18.105263157894736, 18.105263157894736],
 periodlist 
[0.0031622776601683798, 0.0054555947811685199, 0.0094120496726806703, 0.016237767391887217, 0.028013567611988671, 0.048329302385717518, 0.083378222347178912, 0.14384498882876623, 0.24816289228368255, 0.42813323987193919, 0.73861998220793579, 1.2742749857031335, 2.1983926488622894, 3.7926901907322494, 6.5431891297129621, 11.288378916846883, 19.474830399087551, 33.59818286283781, 57.963939533849604, 100.0],
 measuredperiodlist 
[0.003162277654038456, 0.0054555950995080283, 0.0094120482181646401, 0.016237764434029092, 0.02801356491434509, 0.048329305676730612, 0.083378204140952955, 0.14384494306606033, 0.24816157896204427, 0.42813143626132472, 0.73860656796749125, 1.274268752228354, 2.1984363625929784, 3.7927929962322295, 6.5429983815529553, 11.288442810288966, 19.472228198091255, 33.604552740986549, 58.008354299464649, 100.05949645728403],
 siglist 
[0.24619999999999997, 1.0, 1.0, 1.0, 1.0, 0.9985, 0.9945, 1.0, 0.9288, 1.0, 1.0, 1.0, 1.0, 1.0, 1.0, 1.0, 1.0, 1.0, 1.0, 1.0],
 powerlist 
[0.069534778435784803, 0.20599341442270785, 0.14493605998746206, 0.1252570275627875, 0.23095283277895004, 0.08939661072260513, 0.086350445026182637, 0.16307586343354141, 0.077919461563728823, 0.11674886793557647, 0.10563086896712685, 0.18016493956742136, 0.12237020563263552, 0.090313130980234121, 0.10044421957077795, 0.10835755608359528, 0.12282973104851014, 0.11534249370451283, 0.18771996604485316, 0.24208968127403471],
 listnumberlist 
[0, 0, 0, 0, 0, 0, 0, 0, 0, 0, 0, 0, 0, 0, 0, 0, 0, 0, 0, 0],
 end of file
