fullmaglist 
[24.0, 24.0, 24.0, 24.0, 24.0, 24.0, 24.0, 24.0, 24.0, 24.0, 24.0, 24.0, 24.0, 24.0, 24.0, 24.0, 24.0, 24.0, 24.0, 24.0],
 periodlist 
[0.0031622776601683798, 0.0054555947811685199, 0.0094120496726806703, 0.016237767391887217, 0.028013567611988671, 0.048329302385717518, 0.083378222347178912, 0.14384498882876623, 0.24816289228368255, 0.42813323987193919, 0.73861998220793579, 1.2742749857031335, 2.1983926488622894, 3.7926901907322494, 6.5431891297129621, 11.288378916846883, 19.474830399087551, 33.59818286283781, 57.963939533849604, 100.0],
 measuredperiodlist 
[0.0031622775167334648, 0.005455593900058368, 0.0094120488763272982, 0.016237762990830289, 0.028013561904957584, 0.048329316102190455, 0.083378315651524454, 0.14384511677187001, 0.24816356280832122, 0.42813632272755126, 0.73863037024559741, 1.2742432813500979, 2.1983781517078635, 3.7931523012645028, 6.5436726213887928, 11.291885996434745, 19.487002369871405, 33.598049209165424, 57.923301993886966, 99.985715058084821],
 siglist 
[0.25780000000000003, 1.0, 1.0, 0.9999, 1.0, 0.968, 0.9976, 1.0, 0.7363999999999999, 1.0, 0.9998, 1.0, 1.0, 0.9999, 1.0, 0.973, 0.9998, 1.0, 1.0, 1.0],
 powerlist 
[0.070855557651599191, 0.11501944878417722, 0.1304421589015935, 0.11100154978510586, 0.1932682424079803, 0.082516190557113234, 0.091529836409430201, 0.16880034070602079, 0.071806356808336025, 0.11062793103664374, 0.095845581437093527, 0.12387894437737021, 0.12701913215054611, 0.097098123001909703, 0.10812914735432758, 0.073782941207664876, 0.098649762962676982, 0.15152108226128377, 0.095787010866995759, 0.19927988493830259],
 listnumberlist 
[0, 0, 0, 0, 0, 0, 0, 0, 0, 0, 0, 0, 0, 0, 0, 0, 0, 0, 0, 0],
 end of file
