fullmaglist 
[19.94736842105263, 19.94736842105263, 19.94736842105263, 19.94736842105263, 19.94736842105263, 19.94736842105263, 19.94736842105263, 19.94736842105263, 19.94736842105263, 19.94736842105263, 19.94736842105263, 19.94736842105263, 19.94736842105263, 19.94736842105263, 19.94736842105263, 19.94736842105263, 19.94736842105263, 19.94736842105263, 19.94736842105263, 19.94736842105263],
 periodlist 
[0.0031622776601683798, 0.0054555947811685199, 0.0094120496726806703, 0.016237767391887217, 0.028013567611988671, 0.048329302385717518, 0.083378222347178912, 0.14384498882876623, 0.24816289228368255, 0.42813323987193919, 0.73861998220793579, 1.2742749857031335, 2.1983926488622894, 3.7926901907322494, 6.5431891297129621, 11.288378916846883, 19.474830399087551, 33.59818286283781, 57.963939533849604, 100.0],
 measuredperiodlist 
[0.0031622775069760196, 0.0054555938038441205, 0.009412048501795528, 0.016237770045061967, 0.028013534064977492, 0.048329286101395544, 0.083378228270028054, 0.14384517593304716, 0.24816476530836887, 0.42813179095526116, 0.73861669481383185, 1.2743122843025083, 2.1982919565752872, 3.7927919454834678, 6.5428890802196076, 11.290000133304698, 19.464849876736501, 33.584437374614332, 57.969449857977409, 100.11645464619096],
 siglist 
[0.776, 1.0, 0.9997, 1.0, 1.0, 1.0, 0.9068, 1.0, 0.8911, 0.995, 1.0, 1.0, 1.0, 1.0, 1.0, 0.9766, 1.0, 1.0, 1.0, 1.0],
 powerlist 
[0.085210983099949983, 0.15378540466694887, 0.11371546427920666, 0.15915308201343259, 0.18361876332727639, 0.12451270590564122, 0.088350442709969251, 0.17668477021928752, 0.08751458637391385, 0.098099418275501282, 0.11166086417469148, 0.19318786186268022, 0.12985901155099899, 0.13567518199604822, 0.13462222704661336, 0.083671994028311436, 0.12934960116966632, 0.1405252995869494, 0.18738565211941483, 0.23357373851335786],
 listnumberlist 
[0, 0, 0, 0, 0, 0, 0, 0, 0, 0, 0, 0, 0, 0, 0, 0, 0, 0, 0, 0],
 end of file
