fullmaglist 
[21.789473684210527, 21.789473684210527, 21.789473684210527, 21.789473684210527, 21.789473684210527, 21.789473684210527, 21.789473684210527, 21.789473684210527, 21.789473684210527, 21.789473684210527, 21.789473684210527, 21.789473684210527, 21.789473684210527, 21.789473684210527, 21.789473684210527, 21.789473684210527, 21.789473684210527, 21.789473684210527, 21.789473684210527, 21.789473684210527],
 periodlist 
[0.0031622776601683798, 0.0054555947811685199, 0.0094120496726806703, 0.016237767391887217, 0.028013567611988671, 0.048329302385717518, 0.083378222347178912, 0.14384498882876623, 0.24816289228368255, 0.42813323987193919, 0.73861998220793579, 1.2742749857031335, 2.1983926488622894, 3.7926901907322494, 6.5431891297129621, 11.288378916846883, 19.474830399087551, 33.59818286283781, 57.963939533849604, 100.0],
 measuredperiodlist 
[0.0031622778435433383, 0.0054555950965831839, 0.0094120490351822066, 0.016237763854353281, 0.02801355633743776, 0.048329254704943293, 0.083378199587121948, 0.14384473642891255, 0.24816286010366398, 0.42812943351359412, 0.7386186380535289, 1.2743036070839342, 2.1983938237023968, 3.7928849443926738, 6.5433307251211259, 11.290785494001192, 19.474794035230044, 33.602706790815937, 57.934397193048113, 99.692849512189539],
 siglist 
[0.04200000000000004, 1.0, 1.0, 0.7531, 1.0, 0.4515, 0.9994, 1.0, 0.8304, 1.0, 0.9042, 1.0, 0.9813, 1.0, 1.0, 1.0, 1.0, 1.0, 1.0, 1.0],
 powerlist 
[0.071685453223326798, 0.1611600673537007, 0.17353071623974803, 0.079146059810633246, 0.21503375154017912, 0.081274496018214293, 0.10286608056263687, 0.16332164753032571, 0.083725555193719908, 0.20243735547589509, 0.076318189214010346, 0.18000869742391035, 0.079258109289267215, 0.1217290262169607, 0.12665932038569822, 0.10016084238142642, 0.11858092349097862, 0.16970332133131094, 0.16646041480534637, 0.15786771755071011],
 listnumberlist 
[0, 0, 0, 0, 0, 0, 0, 0, 0, 0, 0, 0, 0, 0, 0, 0, 0, 0, 0, 0],
 end of file
