fullmaglist 
[19.94736842105263, 19.94736842105263, 19.94736842105263, 19.94736842105263, 19.94736842105263, 19.94736842105263, 19.94736842105263, 19.94736842105263, 19.94736842105263, 19.94736842105263, 19.94736842105263, 19.94736842105263, 19.94736842105263, 19.94736842105263, 19.94736842105263, 19.94736842105263, 19.94736842105263, 19.94736842105263, 19.94736842105263, 19.94736842105263],
 periodlist 
[0.0031622776601683798, 0.0054555947811685199, 0.0094120496726806703, 0.016237767391887217, 0.028013567611988671, 0.048329302385717518, 0.083378222347178912, 0.14384498882876623, 0.24816289228368255, 0.42813323987193919, 0.73861998220793579, 1.2742749857031335, 2.1983926488622894, 3.7926901907322494, 6.5431891297129621, 11.288378916846883, 19.474830399087551, 33.59818286283781, 57.963939533849604, 100.0],
 measuredperiodlist 
[0.0031622776246939257, 0.0054555949080279031, 0.0094120492902761508, 0.016237769169097849, 0.02801355452960512, 0.048329285644214369, 0.083378291673440186, 0.14384505817587309, 0.24816211528023266, 0.42813819542627085, 0.73861958064629252, 1.2742839680466709, 2.1984244413268579, 3.7924790148093961, 6.5427882920144684, 11.286748877638734, 19.480474809427346, 33.61116275080385, 57.976954715904384, 100.03746891275888],
 siglist 
[0.38949999999999996, 1.0, 1.0, 1.0, 1.0, 0.9761, 1.0, 1.0, 0.967, 1.0, 1.0, 1.0, 1.0, 1.0, 1.0, 0.9627, 1.0, 1.0, 1.0, 1.0],
 powerlist 
[0.075151542596802998, 0.2016460166661484, 0.18241094105457314, 0.12215884604440441, 0.20051226924076587, 0.086497114123021884, 0.11268592669279549, 0.18578155402896909, 0.085763086800051291, 0.18655456366585318, 0.092945296946965433, 0.24191261981508011, 0.099779471933929859, 0.13363403232097698, 0.13227576798727728, 0.075554670153288192, 0.13836855292587563, 0.19702241623439426, 0.22039315417634053, 0.21380921049707607],
 listnumberlist 
[0, 0, 0, 0, 0, 0, 0, 0, 0, 0, 0, 0, 0, 0, 0, 0, 0, 0, 0, 0],
 end of file
