fullmaglist 
[22.157894736842106, 22.157894736842106, 22.157894736842106, 22.157894736842106, 22.157894736842106, 22.157894736842106, 22.157894736842106, 22.157894736842106, 22.157894736842106, 22.157894736842106, 22.157894736842106, 22.157894736842106, 22.157894736842106, 22.157894736842106, 22.157894736842106, 22.157894736842106, 22.157894736842106, 22.157894736842106, 22.157894736842106, 22.157894736842106],
 periodlist 
[0.0031622776601683798, 0.0054555947811685199, 0.0094120496726806703, 0.016237767391887217, 0.028013567611988671, 0.048329302385717518, 0.083378222347178912, 0.14384498882876623, 0.24816289228368255, 0.42813323987193919, 0.73861998220793579, 1.2742749857031335, 2.1983926488622894, 3.7926901907322494, 6.5431891297129621, 11.288378916846883, 19.474830399087551, 33.59818286283781, 57.963939533849604, 100.0],
 measuredperiodlist 
[0.0031622775357961512, 0.0054555936494422525, 0.0094120473784407369, 0.016237764725857612, 0.028013559395854228, 0.048329279369820309, 0.083378212241588909, 0.14384545024533837, 0.24816469431200422, 0.4281339040214176, 0.73861575143757985, 1.2742645498828487, 2.1983253825893283, 3.7922281930944419, 6.5440737163607094, 11.289192013980431, 19.466160290977196, 33.558452179029345, 57.94040976515906, 99.771003171383015],
 siglist 
[0.8067, 1.0, 1.0, 0.9965, 1.0, 0.9659, 0.08650000000000002, 0.9974, 0.5694, 1.0, 1.0, 1.0, 1.0, 1.0, 1.0, 1.0, 0.9999, 1.0, 1.0, 1.0],
 powerlist 
[0.086024901789847549, 0.12608971166600308, 0.15036128243381605, 0.10153925598170194, 0.1535094318621697, 0.092127736700871737, 0.073150374545456823, 0.10236782480486575, 0.081665546541903458, 0.13939233217102973, 0.10854124538798707, 0.12213019473609463, 0.12017155506943136, 0.13030587672000235, 0.14565957264845364, 0.13873305305681716, 0.10805861651390654, 0.12838067443769571, 0.14628208414109184, 0.22280170183351941],
 listnumberlist 
[0, 0, 0, 0, 0, 0, 0, 0, 0, 0, 0, 0, 0, 0, 0, 0, 0, 0, 0, 0],
 end of file
