fullmaglist 
[22.526315789473685, 22.526315789473685, 22.526315789473685, 22.526315789473685, 22.526315789473685, 22.526315789473685, 22.526315789473685, 22.526315789473685, 22.526315789473685, 22.526315789473685, 22.526315789473685, 22.526315789473685, 22.526315789473685, 22.526315789473685, 22.526315789473685, 22.526315789473685, 22.526315789473685, 22.526315789473685, 22.526315789473685, 22.526315789473685],
 periodlist 
[0.0031622776601683798, 0.0054555947811685199, 0.0094120496726806703, 0.016237767391887217, 0.028013567611988671, 0.048329302385717518, 0.083378222347178912, 0.14384498882876623, 0.24816289228368255, 0.42813323987193919, 0.73861998220793579, 1.2742749857031335, 2.1983926488622894, 3.7926901907322494, 6.5431891297129621, 11.288378916846883, 19.474830399087551, 33.59818286283781, 57.963939533849604, 100.0],
 measuredperiodlist 
[0.0056182998565635772, 0.004626351049311919, 0.004652678307878984, 0.016237787121081902, 0.028013568392693804, 0.011444377133636524, 0.096346216616477978, 0.036382424608438796, 0.014995104233845893, 0.016891877025796045, 0.81198332583779786, 1.2742944488505921, 0.65561734617841638, 3.7922313934057295, 0.58783924652075448, 11.281333409453303, 56.174518466966305, 62.624410552969728, 19.595101969884318, 16.207782311014167],
 siglist 
[0.27769999999999995, 0.2863, 0.119, 0.4849, 0.9935, 0.7816, 0.7947, 0.7309, 0.5447, 0.7878000000000001, 0.3266, 0.6008, 0.32489999999999997, 0.2722, 0.28380000000000005, 0.886, 0.6972, 0.9669, 0.9943, 0.8],
 powerlist 
[0.38209304688272971, 0.39809541713843288, 0.38598588712484183, 0.36863853536837426, 0.46502816812648617, 0.39838990283588305, 0.40616945473334559, 0.40152030551558099, 0.37653350453026235, 0.4015404748043081, 0.30887515146862027, 0.35207473288639557, 0.33609839945461234, 0.31847699249468597, 0.32410153997025526, 0.36570515475094501, 0.35619854162871917, 0.42318040544760915, 0.42687197100750307, 0.35719635299475883],
 listnumberlist 
[0, 0, 0, 0, 0, 0, 0, 0, 0, 0, 0, 0, 0, 0, 0, 0, 0, 0, 0, 0],
 end of file
