fullmaglist 
[19.210526315789473, 19.210526315789473, 19.210526315789473, 19.210526315789473, 19.210526315789473, 19.210526315789473, 19.210526315789473, 19.210526315789473, 19.210526315789473, 19.210526315789473, 19.210526315789473, 19.210526315789473, 19.210526315789473, 19.210526315789473, 19.210526315789473, 19.210526315789473, 19.210526315789473, 19.210526315789473, 19.210526315789473, 19.210526315789473],
 periodlist 
[0.0031622776601683798, 0.0054555947811685199, 0.0094120496726806703, 0.016237767391887217, 0.028013567611988671, 0.048329302385717518, 0.083378222347178912, 0.14384498882876623, 0.24816289228368255, 0.42813323987193919, 0.73861998220793579, 1.2742749857031335, 2.1983926488622894, 3.7926901907322494, 6.5431891297129621, 11.288378916846883, 19.474830399087551, 33.59818286283781, 57.963939533849604, 100.0],
 measuredperiodlist 
[0.0032275647233152775, 0.0041241084367083548, 0.0080599847047024224, 0.011993488152916371, 0.011993494365906018, 0.015506270385590791, 0.40786710938212478, 0.011993491473651417, 0.14785867881509651, 0.011993494151664889, 0.81259507310467305, 2.1200856514145916, 1.0148332228369499, 1.8832167153018813, 2.0268338157700194, 86.564026905027916, 86.815870249746752, 33.688068780821091, 34.292875678568109, 33.094435118390287],
 siglist 
[0.5093, 0.585, 0.6063000000000001, 0.4494, 0.3478, 0.7764, 0.6073, 0.5619000000000001, 0.6726, 0.6106, 0.6665, 0.9178, 0.5705, 0.8271, 0.7199, 0.771, 0.8932, 0.8867, 0.9716, 0.7295],
 powerlist 
[0.69465400473264016, 0.66539995055320122, 0.72578555981455417, 0.66775739711636761, 0.64194773652762416, 0.66815525693162492, 0.68823717662346329, 0.6668566768255213, 0.6793269681887788, 0.67559245230303977, 0.61306476743861982, 0.66698370723190026, 0.57808194772471555, 0.62751881540659205, 0.58658564385308187, 0.61901525937963831, 0.6460389004955257, 0.6362331441725948, 0.65870486399732386, 0.61988657287989901],
 listnumberlist 
[0, 0, 0, 0, 0, 0, 0, 0, 0, 0, 0, 0, 0, 0, 0, 0, 0, 0, 0, 0],
 end of file
