fullmaglist 
[17.0, 17.0, 17.0, 17.0, 17.0, 17.0, 17.0, 17.0, 17.0, 17.0, 17.0, 17.0, 17.0, 17.0, 17.0, 17.0, 17.0, 17.0, 17.0, 17.0],
 periodlist 
[0.0031622776601683798, 0.0054555947811685199, 0.0094120496726806703, 0.016237767391887217, 0.028013567611988671, 0.048329302385717518, 0.083378222347178912, 0.14384498882876623, 0.24816289228368255, 0.42813323987193919, 0.73861998220793579, 1.2742749857031335, 2.1983926488622894, 3.7926901907322494, 6.5431891297129621, 11.288378916846883, 19.474830399087551, 33.59818286283781, 57.963939533849604, 100.0],
 measuredperiodlist 
[0.0055142539410891972, 0.0041483186900370412, 0.0095573300863875006, 0.012837660418036686, 0.028598797977000531, 0.010829564740033852, 0.010131583099459236, 0.01283766251224689, 0.077467753451784957, 0.012877485063182342, 3.5582614902281366, 0.94785503506627811, 0.9478565241748973, 3.7932416266006506, 0.97145281539033257, 18.254361092647414, 19.468771518426248, 33.624076804351908, 57.935726487031083, 100.60282476696305],
 siglist 
[0.6444, 0.4689, 0.17500000000000004, 0.3638, 0.8155, 0.7258, 0.9965, 0.9893, 0.848, 0.5787, 0.9627, 0.97, 0.8110999999999999, 0.3952, 0.45020000000000004, 0.17689999999999995, 0.014100000000000001, 0.4476, 0.25260000000000005, 0.9716],
 powerlist 
[0.35917606835620997, 0.36054122363332936, 0.34292912194490699, 0.34306911250172528, 0.35278737347622868, 0.34545057518424443, 0.40014654235879393, 0.40453174237591444, 0.35390316756342644, 0.34213941048077229, 0.3366965766742217, 0.34662590764079776, 0.32246346263702441, 0.30463608293973171, 0.29594845440198903, 0.29487903621212336, 0.27540825882639947, 0.30696335487923782, 0.28455539942913965, 0.35339202227489352],
 listnumberlist 
[0, 0, 0, 0, 0, 0, 0, 0, 0, 0, 0, 0, 0, 0, 0, 0, 0, 0, 0, 0],
 end of file
