fullmaglist 
[21.789473684210527, 21.789473684210527, 21.789473684210527, 21.789473684210527, 21.789473684210527, 21.789473684210527, 21.789473684210527, 21.789473684210527, 21.789473684210527, 21.789473684210527, 21.789473684210527, 21.789473684210527, 21.789473684210527, 21.789473684210527, 21.789473684210527, 21.789473684210527, 21.789473684210527, 21.789473684210527, 21.789473684210527, 21.789473684210527],
 periodlist 
[0.0031622776601683798, 0.0054555947811685199, 0.0094120496726806703, 0.016237767391887217, 0.028013567611988671, 0.048329302385717518, 0.083378222347178912, 0.14384498882876623, 0.24816289228368255, 0.42813323987193919, 0.73861998220793579, 1.2742749857031335, 2.1983926488622894, 3.7926901907322494, 6.5431891297129621, 11.288378916846883, 19.474830399087551, 33.59818286283781, 57.963939533849604, 100.0],
 measuredperiodlist 
[0.0039209919654823854, 0.0072838720072859195, 0.0036067443488051886, 0.037661581180666634, 0.023816724997656597, 0.017750522420356917, 0.010386023435155503, 0.025335585929098695, 0.011406814580823751, 0.02716853139602381, 1.4267853710620189, 1.2742910242111452, 0.94928980353554382, 0.88530869392377998, 6.543157109029905, 11.65382023667528, 13.323923605611371, 13.410666280960433, 15.575656320829903, 99.958749156307704],
 siglist 
[0.6414, 0.11160000000000003, 0.34950000000000003, 0.4618, 0.8792, 0.1674, 0.6638, 0.6262, 0.028299999999999992, 0.8813, 0.794, 0.9686, 0.30469999999999997, 0.6687000000000001, 0.33220000000000005, 0.11919999999999997, 0.7388, 0.8765000000000001, 0.7769, 0.41479999999999995],
 powerlist 
[0.36657555745900899, 0.35258226123742503, 0.36302516493094766, 0.35829447096279043, 0.40188273459754414, 0.33713547357632279, 0.38546786884453493, 0.38441841961160667, 0.33559303660903433, 0.38394093792446915, 0.33658927189724308, 0.38969970287620193, 0.29738734053326321, 0.33183892881774063, 0.29533469325773981, 0.30035564021795863, 0.33173699752501862, 0.34681980483869401, 0.34563618198108947, 0.32037933092322773],
 listnumberlist 
[0, 0, 0, 0, 0, 0, 0, 0, 0, 0, 0, 0, 0, 0, 0, 0, 0, 0, 0, 0],
 end of file
