fullmaglist 
[19.57894736842105, 19.57894736842105, 19.57894736842105, 19.57894736842105, 19.57894736842105, 19.57894736842105, 19.57894736842105, 19.57894736842105, 19.57894736842105, 19.57894736842105, 19.57894736842105, 19.57894736842105, 19.57894736842105, 19.57894736842105, 19.57894736842105, 19.57894736842105, 19.57894736842105, 19.57894736842105, 19.57894736842105, 19.57894736842105],
 periodlist 
[0.0031622776601683798, 0.0054555947811685199, 0.0094120496726806703, 0.016237767391887217, 0.028013567611988671, 0.048329302385717518, 0.083378222347178912, 0.14384498882876623, 0.24816289228368255, 0.42813323987193919, 0.73861998220793579, 1.2742749857031335, 2.1983926488622894, 3.7926901907322494, 6.5431891297129621, 11.288378916846883, 19.474830399087551, 33.59818286283781, 57.963939533849604, 100.0],
 measuredperiodlist 
[0.0064724048405287848, 0.0030427866202073091, 0.0046113247273523051, 0.012619856251696142, 0.012324558042890957, 0.011204190558602875, 0.095005365537456504, 0.016193993683178563, 0.014700985777001397, 0.012324559805202409, 2.1163310581472952, 2.6316553399942806, 4.0266740383141668, 0.6670695682286677, 0.66481274343679464, 14.05123157565566, 19.493303376840075, 33.574803517030119, 57.845001071033678, 100.31845606967485],
 siglist 
[0.5843, 0.02529999999999999, 0.19120000000000004, 0.4756, 0.8123, 0.9714, 0.5169, 0.7097, 0.38939999999999997, 0.7867999999999999, 0.7995, 0.9448, 0.379, 0.07830000000000004, 0.7525999999999999, 0.2669, 0.09570000000000001, 0.2913, 0.7698, 0.3964],
 powerlist 
[0.36147753097160151, 0.33037350022472223, 0.35086622169264514, 0.33912362029749926, 0.35816710517427325, 0.38643733579983525, 0.3500373937659601, 0.36078983411694043, 0.35299614577924388, 0.36338016038362891, 0.32138177547233659, 0.34484682107149084, 0.29953483656246743, 0.29025459826415034, 0.31935610669673392, 0.30058763381522191, 0.29441085781961701, 0.296076349732391, 0.33512642969571071, 0.3032500154704636],
 listnumberlist 
[0, 0, 0, 0, 0, 0, 0, 0, 0, 0, 0, 0, 0, 0, 0, 0, 0, 0, 0, 0],
 end of file
