fullmaglist 
[19.94736842105263, 19.94736842105263, 19.94736842105263, 19.94736842105263, 19.94736842105263, 19.94736842105263, 19.94736842105263, 19.94736842105263, 19.94736842105263, 19.94736842105263, 19.94736842105263, 19.94736842105263, 19.94736842105263, 19.94736842105263, 19.94736842105263, 19.94736842105263, 19.94736842105263, 19.94736842105263, 19.94736842105263, 19.94736842105263],
 periodlist 
[0.0031622776601683798, 0.0054555947811685199, 0.0094120496726806703, 0.016237767391887217, 0.028013567611988671, 0.048329302385717518, 0.083378222347178912, 0.14384498882876623, 0.24816289228368255, 0.42813323987193919, 0.73861998220793579, 1.2742749857031335, 2.1983926488622894, 3.7926901907322494, 6.5431891297129621, 11.288378916846883, 19.474830399087551, 33.59818286283781, 57.963939533849604, 100.0],
 measuredperiodlist 
[0.0050002362568279581, 0.0030343088991223975, 0.0034972889145430536, 0.011852816001492765, 0.2530331833103075, 0.053516282396881346, 0.017148833119953223, 0.036192888852198131, 0.021842818242993976, 0.012972629356396535, 2.8476398536390799, 1.2742625063267543, 0.99725710622183272, 0.99725710622183272, 0.99725710622183272, 12.012641094276848, 18.487067924007619, 12.018147646858731, 27.351619402455906, 21.491350319456473],
 siglist 
[0.17079999999999995, 0.39259999999999995, 0.07569999999999999, 0.6399, 0.963, 0.6348, 0.8378, 0.7625, 0.08440000000000003, 0.4638, 0.5365, 0.9887, 0.9913, 0.5868, 0.9739, 0.8452999999999999, 0.41269999999999996, 0.39659999999999995, 0.4596, 0.5944],
 powerlist 
[0.37772886172172626, 0.38808408447847176, 0.36016582702894184, 0.37312534313677492, 0.42693422469985537, 0.39990807840286174, 0.40517823409826692, 0.37448878227059429, 0.33469035307767042, 0.38344958127559403, 0.33039972501395626, 0.38419712320979588, 0.39660629653899754, 0.3307407525523936, 0.37531381098603944, 0.34589143403776246, 0.31732721045672946, 0.32344101622584615, 0.32585867283458159, 0.34291009191767319],
 listnumberlist 
[0, 0, 0, 0, 0, 0, 0, 0, 0, 0, 0, 0, 0, 0, 0, 0, 0, 0, 0, 0],
 end of file
