fullmaglist 
[19.210526315789473, 19.210526315789473, 19.210526315789473, 19.210526315789473, 19.210526315789473, 19.210526315789473, 19.210526315789473, 19.210526315789473, 19.210526315789473, 19.210526315789473, 19.210526315789473, 19.210526315789473, 19.210526315789473, 19.210526315789473, 19.210526315789473, 19.210526315789473, 19.210526315789473, 19.210526315789473, 19.210526315789473, 19.210526315789473],
 periodlist 
[0.0031622776601683798, 0.0054555947811685199, 0.0094120496726806703, 0.016237767391887217, 0.028013567611988671, 0.048329302385717518, 0.083378222347178912, 0.14384498882876623, 0.24816289228368255, 0.42813323987193919, 0.73861998220793579, 1.2742749857031335, 2.1983926488622894, 3.7926901907322494, 6.5431891297129621, 11.288378916846883, 19.474830399087551, 33.59818286283781, 57.963939533849604, 100.0],
 measuredperiodlist 
[0.0059329349714783691, 0.0096865301372578566, 0.0043163473579749126, 0.012014006609829238, 0.012014008125776356, 0.01016169274060667, 0.032844632323518128, 0.010271838324763669, 0.031341704796188169, 0.031797430986612946, 0.73862190302870412, 0.99726590237444379, 1.1898676790448259, 1.0961549726202808, 0.86534105382107174, 11.055216432635707, 12.842035896869977, 19.720214761266547, 57.915384265613028, 11.797057703681757],
 siglist 
[0.6029, 0.042100000000000026, 0.8122, 0.4383, 0.8414, 0.4214, 0.3658, 0.3499, 0.11029999999999995, 0.5832999999999999, 0.6944, 0.9789, 0.5279, 0.8153, 0.2259, 0.8497, 0.5462, 0.7988999999999999, 0.9439, 0.30600000000000005],
 powerlist 
[0.3722374332864905, 0.34924270421020198, 0.40188982169573517, 0.37332733473001994, 0.38773767928982006, 0.35875625407654504, 0.35729420728135097, 0.37133430056296157, 0.34875530262778837, 0.37295671271604958, 0.33002688867266733, 0.37404991636584517, 0.32470681359991449, 0.34760587479396221, 0.32257377906965645, 0.3430555998451163, 0.32472565847807283, 0.34345756355883278, 0.3810595092605189, 0.31180726133285708],
 listnumberlist 
[0, 0, 0, 0, 0, 0, 0, 0, 0, 0, 0, 0, 0, 0, 0, 0, 0, 0, 0, 0],
 end of file
