fullmaglist 
[22.157894736842106, 22.157894736842106, 22.157894736842106, 22.157894736842106, 22.157894736842106, 22.157894736842106, 22.157894736842106, 22.157894736842106, 22.157894736842106, 22.157894736842106, 22.157894736842106, 22.157894736842106, 22.157894736842106, 22.157894736842106, 22.157894736842106, 22.157894736842106, 22.157894736842106, 22.157894736842106, 22.157894736842106, 22.157894736842106],
 periodlist 
[0.0031622776601683798, 0.0054555947811685199, 0.0094120496726806703, 0.016237767391887217, 0.028013567611988671, 0.048329302385717518, 0.083378222347178912, 0.14384498882876623, 0.24816289228368255, 0.42813323987193919, 0.73861998220793579, 1.2742749857031335, 2.1983926488622894, 3.7926901907322494, 6.5431891297129621, 11.288378916846883, 19.474830399087551, 33.59818286283781, 57.963939533849604, 100.0],
 measuredperiodlist 
[0.0054593946459874469, 0.0029269879915869751, 0.009501725839641954, 0.025155944147593753, 0.011175092057420788, 0.025155950921191269, 0.024537037510689235, 0.020658523777093103, 0.013935633126012386, 0.018644082623215225, 3.1797858453483765, 0.71036927571057784, 0.97719627372560325, 0.71037081897116572, 0.99725661425764334, 11.295224377820198, 48.659770748484661, 13.720713916926719, 57.923917383872109, 48.79774351812253],
 siglist 
[0.922, 0.29279999999999995, 0.9852, 0.8654, 0.7862, 0.9946, 0.10019999999999996, 0.3114, 0.9308, 0.26680000000000004, 0.22740000000000005, 0.9308, 0.40480000000000005, 0.952, 0.4655, 0.5023, 0.8599, 0.8732, 0.9993, 0.774],
 powerlist 
[0.40452089077586845, 0.3544988280146581, 0.42642064820452258, 0.40785214568718281, 0.36091364927885328, 0.44889548269793306, 0.32573446314512688, 0.33082588841864818, 0.41306316176036634, 0.3498354972723437, 0.2942097855175827, 0.34520743795877573, 0.30368409136017421, 0.35975408768787087, 0.31662976050337654, 0.30953620786455222, 0.33318287886835979, 0.33526597951479975, 0.41828661219611141, 0.31684105217310837],
 listnumberlist 
[0, 0, 0, 0, 0, 0, 0, 0, 0, 0, 0, 0, 0, 0, 0, 0, 0, 0, 0, 0],
 end of file
