fullmaglist 
[23.63157894736842, 23.63157894736842, 23.63157894736842, 23.63157894736842, 23.63157894736842, 23.63157894736842, 23.63157894736842, 23.63157894736842, 23.63157894736842, 23.63157894736842, 23.63157894736842, 23.63157894736842, 23.63157894736842, 23.63157894736842, 23.63157894736842, 23.63157894736842, 23.63157894736842, 23.63157894736842, 23.63157894736842, 23.63157894736842],
 periodlist 
[0.0031622776601683798, 0.0054555947811685199, 0.0094120496726806703, 0.016237767391887217, 0.028013567611988671, 0.048329302385717518, 0.083378222347178912, 0.14384498882876623, 0.24816289228368255, 0.42813323987193919, 0.73861998220793579, 1.2742749857031335, 2.1983926488622894, 3.7926901907322494, 6.5431891297129621, 11.288378916846883, 19.474830399087551, 33.59818286283781, 57.963939533849604, 100.0],
 measuredperiodlist 
[0.0031622774515741494, 0.0054555955844344615, 0.0094120512156324471, 0.016237777057704118, 0.028013583812252382, 0.050790796820946608, 0.090984820462941929, 0.1438457518532468, 0.24816620547668944, 0.42814014393611149, 0.60448244429658771, 0.55944561871428122, 0.68605437411407311, 0.71157480241966209, 0.86539124330648376, 11.286310189808836, 19.476973640547396, 33.578156470216612, 57.944599136069911, 99.902670047875446],
 siglist 
[0.30610000000000004, 1.0, 1.0, 0.9991, 1.0, 0.9628, 0.9071, 0.7177, 0.832, 0.9596, 0.9984, 0.9877, 0.8547, 0.8875, 0.9606, 0.698, 1.0, 0.8395, 1.0, 1.0],
 powerlist 
[0.095914847063397785, 0.1907331183387278, 0.15430727612940065, 0.13248443393151491, 0.18762511049884062, 0.11011980655308473, 0.11000390905566725, 0.10006974861398885, 0.1023972706815959, 0.11511350987431196, 0.11717864924265292, 0.10275956577916379, 0.091073798117477234, 0.09256782345048041, 0.098933974277959996, 0.083161747672194836, 0.15576456556615498, 0.089796067398093232, 0.1423346749066684, 0.14827176370995662],
 listnumberlist 
[0, 0, 0, 0, 0, 0, 0, 0, 0, 0, 0, 0, 0, 0, 0, 0, 0, 0, 0, 0],
 end of file
