fullmaglist 
[23.63157894736842, 23.63157894736842, 23.63157894736842, 23.63157894736842, 23.63157894736842, 23.63157894736842, 23.63157894736842, 23.63157894736842, 23.63157894736842, 23.63157894736842, 23.63157894736842, 23.63157894736842, 23.63157894736842, 23.63157894736842, 23.63157894736842, 23.63157894736842, 23.63157894736842, 23.63157894736842, 23.63157894736842, 23.63157894736842],
 periodlist 
[0.0031622776601683798, 0.0054555947811685199, 0.0094120496726806703, 0.016237767391887217, 0.028013567611988671, 0.048329302385717518, 0.083378222347178912, 0.14384498882876623, 0.24816289228368255, 0.42813323987193919, 0.73861998220793579, 1.2742749857031335, 2.1983926488622894, 3.7926901907322494, 6.5431891297129621, 11.288378916846883, 19.474830399087551, 33.59818286283781, 57.963939533849604, 100.0],
 measuredperiodlist 
[0.0080011872887221537, 0.0037070853541183689, 0.005364823054874567, 0.023328857906485898, 0.010675203825453564, 0.018669322351404689, 0.022833054369283189, 0.036033735623160937, 0.057130237740494492, 0.010829027466594037, 2.847541241034655, 0.50005854386849236, 4.2623556084937633, 0.99726590237444379, 0.99726590237444379, 39.93465220512909, 11.529984661505923, 33.581546468917828, 38.65386155488364, 15.329745711217351],
 siglist 
[0.9176, 0.48719999999999997, 0.10399999999999998, 0.5544, 0.9799, 0.8396, 0.548, 0.8764, 0.0033999999999999586, 0.618, 0.9804, 0.9832, 0.3135, 0.24329999999999996, 0.4226, 0.8737, 0.24019999999999997, 0.41559999999999997, 0.485, 0.7535000000000001],
 powerlist 
[0.45805850419962718, 0.42918370834434511, 0.39559337474509709, 0.40250149789783529, 0.47812621242375219, 0.43264541796098677, 0.42395692149808234, 0.43971234142225202, 0.37652662144124271, 0.41064470153572885, 0.4114120782316919, 0.42275636316283272, 0.3449695841530484, 0.36140414469836257, 0.37903015033448428, 0.40031358232667302, 0.3425859032100923, 0.34746437204770619, 0.36417792644462599, 0.376511788475279],
 listnumberlist 
[0, 0, 0, 0, 0, 0, 0, 0, 0, 0, 0, 0, 0, 0, 0, 0, 0, 0, 0, 0],
 end of file
