fullmaglist 
[21.789473684210527, 21.789473684210527, 21.789473684210527, 21.789473684210527, 21.789473684210527, 21.789473684210527, 21.789473684210527, 21.789473684210527, 21.789473684210527, 21.789473684210527, 21.789473684210527, 21.789473684210527, 21.789473684210527, 21.789473684210527, 21.789473684210527, 21.789473684210527, 21.789473684210527, 21.789473684210527, 21.789473684210527, 21.789473684210527],
 periodlist 
[0.0031622776601683798, 0.0054555947811685199, 0.0094120496726806703, 0.016237767391887217, 0.028013567611988671, 0.048329302385717518, 0.083378222347178912, 0.14384498882876623, 0.24816289228368255, 0.42813323987193919, 0.73861998220793579, 1.2742749857031335, 2.1983926488622894, 3.7926901907322494, 6.5431891297129621, 11.288378916846883, 19.474830399087551, 33.59818286283781, 57.963939533849604, 100.0],
 measuredperiodlist 
[0.0046529971323726032, 0.0088689920397437214, 0.009225018846152528, 0.013253708037660903, 0.013055072730590551, 0.12507245672201811, 0.011249746499849521, 0.11959277329636618, 0.011058136696771264, 0.021820076343064387, 0.56942294775375801, 0.5249523810707426, 1.4842195069105619, 0.70587205245873363, 5.9433072654770376, 11.285720366302984, 19.481140355220319, 33.584528362325003, 57.979102996346469, 38.246360079403303],
 siglist 
[0.5071, 0.28290000000000004, 0.3143, 0.02839999999999998, 0.8149, 0.39680000000000004, 0.35019999999999996, 0.7268, 0.3608, 0.1815, 0.8913, 0.41659999999999997, 0.5658000000000001, 0.7053, 0.24119999999999997, 0.6865, 0.12070000000000003, 0.31989999999999996, 0.526, 0.7126],
 powerlist 
[0.32639120678339639, 0.34933786872962913, 0.33563825081975041, 0.30993238198570983, 0.35426679181345011, 0.3516174210475983, 0.33328141884517798, 0.35220247150660677, 0.36165797893285762, 0.33037296251974341, 0.33261091644520535, 0.32217584361775031, 0.32358608374851133, 0.33911845988776856, 0.33161022452639366, 0.30514942509837872, 0.31502688462007555, 0.32723858702774999, 0.29405217370402864, 0.3158430902395073],
 listnumberlist 
[0, 0, 0, 0, 0, 0, 0, 0, 0, 0, 0, 0, 0, 0, 0, 0, 0, 0, 0, 0],
 end of file
