fullmaglist 
[23.263157894736842, 23.263157894736842, 23.263157894736842, 23.263157894736842, 23.263157894736842, 23.263157894736842, 23.263157894736842, 23.263157894736842, 23.263157894736842, 23.263157894736842, 23.263157894736842, 23.263157894736842, 23.263157894736842, 23.263157894736842, 23.263157894736842, 23.263157894736842, 23.263157894736842, 23.263157894736842, 23.263157894736842, 23.263157894736842],
 periodlist 
[0.0031622776601683798, 0.0054555947811685199, 0.0094120496726806703, 0.016237767391887217, 0.028013567611988671, 0.048329302385717518, 0.083378222347178912, 0.14384498882876623, 0.24816289228368255, 0.42813323987193919, 0.73861998220793579, 1.2742749857031335, 2.1983926488622894, 3.7926901907322494, 6.5431891297129621, 11.288378916846883, 19.474830399087551, 33.59818286283781, 57.963939533849604, 100.0],
 measuredperiodlist 
[0.0040852920579399791, 0.0046505693501791836, 0.0047878342962762591, 0.012422806268347481, 0.31628675289779745, 0.016488981234215275, 0.024488668879323237, 0.011249953536759011, 0.010305234578214136, 0.01179438346088525, 0.89487273968003744, 0.9786974413728855, 0.74155390139009292, 0.6332030736994354, 0.60706770329812376, 19.07811756571822, 23.099037547809889, 14.292245260813258, 14.288341957538719, 24.030138505996756],
 siglist 
[0.25880000000000003, 0.7524, 0.31279999999999997, 0.4776, 0.20140000000000002, 0.43679999999999997, 0.7936, 0.8371999999999999, 0.5051, 0.3991, 0.6689, 0.6362, 0.12180000000000002, 0.8533, 0.627, 0.47529999999999994, 0.06830000000000003, 0.12639999999999996, 0.2842, 0.15000000000000002],
 powerlist 
[0.37799879977403783, 0.40726923283617594, 0.37800438478145842, 0.41890576452243006, 0.38806871341395344, 0.36712574543018145, 0.4456919039269579, 0.39322825521036053, 0.40338441919464452, 0.37948146699934077, 0.37063092804435871, 0.33550755137444654, 0.33297579809284072, 0.37609468017653575, 0.33782750713476584, 0.38035491519382642, 0.33098832839178827, 0.31868240725135288, 0.33830005800259993, 0.30097115452829981],
 listnumberlist 
[0, 0, 0, 0, 0, 0, 0, 0, 0, 0, 0, 0, 0, 0, 0, 0, 0, 0, 0, 0],
 end of file
