fullmaglist 
[17.736842105263158, 17.736842105263158, 17.736842105263158, 17.736842105263158, 17.736842105263158, 17.736842105263158, 17.736842105263158, 17.736842105263158, 17.736842105263158, 17.736842105263158, 17.736842105263158, 17.736842105263158, 17.736842105263158, 17.736842105263158, 17.736842105263158, 17.736842105263158, 17.736842105263158, 17.736842105263158, 17.736842105263158, 17.736842105263158],
 periodlist 
[0.0031622776601683798, 0.0054555947811685199, 0.0094120496726806703, 0.016237767391887217, 0.028013567611988671, 0.048329302385717518, 0.083378222347178912, 0.14384498882876623, 0.24816289228368255, 0.42813323987193919, 0.73861998220793579, 1.2742749857031335, 2.1983926488622894, 3.7926901907322494, 6.5431891297129621, 11.288378916846883, 19.474830399087551, 33.59818286283781, 57.963939533849604, 100.0],
 measuredperiodlist 
[0.003162277608209532, 0.0048367849728911186, 0.0094120440053155792, 0.011487924934113993, 0.014292714363489709, 0.048329348858787029, 0.014292710553843782, 0.10999721318691427, 0.010642231049467951, 0.04384274904129478, 0.97582634858950001, 2.1161456250046622, 0.95117102009962939, 1.2041182150927359, 0.70348136244365211, 45.164829193091677, 19.469517911485603, 33.57080137506518, 57.867928038239505, 10.685693571311148],
 siglist 
[0.03090000000000004, 0.9746, 0.9979, 0.3186, 0.9345, 0.8745, 0.9099, 0.8398, 0.8275, 0.6079, 0.8909, 0.4043, 0.8341000000000001, 0.16900000000000004, 0.542, 0.9711, 0.9407, 0.16369999999999996, 0.9939, 0.9018],
 powerlist 
[0.33335133618765522, 0.40678948483943406, 0.57885533692925573, 0.3458922369112265, 0.40549957971529216, 0.37875556209843386, 0.38347948602237247, 0.378892713868489, 0.36950853386772092, 0.35603012174956916, 0.33927252736572339, 0.30421266990180751, 0.34539254560609628, 0.29441034051196979, 0.31624660275014704, 0.3773316750477298, 0.37627422396469457, 0.29013026962852062, 0.38502169789616314, 0.33299854401532886],
 listnumberlist 
[0, 0, 0, 0, 0, 0, 0, 0, 0, 0, 0, 0, 0, 0, 0, 0, 0, 0, 0, 0],
 end of file
