fullmaglist 
[19.94736842105263, 19.94736842105263, 19.94736842105263, 19.94736842105263, 19.94736842105263, 19.94736842105263, 19.94736842105263, 19.94736842105263, 19.94736842105263, 19.94736842105263, 19.94736842105263, 19.94736842105263, 19.94736842105263, 19.94736842105263, 19.94736842105263, 19.94736842105263, 19.94736842105263, 19.94736842105263, 19.94736842105263, 19.94736842105263],
 periodlist 
[0.0031622776601683798, 0.0054555947811685199, 0.0094120496726806703, 0.016237767391887217, 0.028013567611988671, 0.048329302385717518, 0.083378222347178912, 0.14384498882876623, 0.24816289228368255, 0.42813323987193919, 0.73861998220793579, 1.2742749857031335, 2.1983926488622894, 3.7926901907322494, 6.5431891297129621, 11.288378916846883, 19.474830399087551, 33.59818286283781, 57.963939533849604, 100.0],
 measuredperiodlist 
[0.0031622775515976337, 0.0054555952072258933, 0.0094120509233871844, 0.016237770770805911, 0.028013568906235947, 0.048329354458763941, 0.083378190645485795, 0.14384543560906934, 0.24816377140390361, 0.29953874331323421, 0.73861675623658463, 1.2743080924669439, 1.8252936362046472, 1.3530438165001157, 0.86537618332206856, 11.285580419573879, 19.471013822506261, 33.609659159846025, 57.944132381015997, 99.918020576684285],
 siglist 
[0.9627, 1.0, 1.0, 1.0, 1.0, 1.0, 1.0, 1.0, 1.0, 1.0, 1.0, 1.0, 1.0, 1.0, 1.0, 1.0, 1.0, 1.0, 1.0, 1.0],
 powerlist 
[0.082035543604823347, 0.19244795976103932, 0.16744279675236107, 0.19362470832171302, 0.22975663320266979, 0.11448339294584681, 0.15440234185324483, 0.14631487952318664, 0.12874931197433667, 0.19630596070054418, 0.11034455113534188, 0.19012701146388283, 0.10376072343180917, 0.1571654907479357, 0.14369658128145552, 0.1185366171888019, 0.10815866047917508, 0.22849463261293262, 0.2383462487940976, 0.15498952992627674],
 listnumberlist 
[0, 0, 0, 0, 0, 0, 0, 0, 0, 0, 0, 0, 0, 0, 0, 0, 0, 0, 0, 0],
 end of file
