fullmaglist 
[20.684210526315788, 20.684210526315788, 20.684210526315788, 20.684210526315788, 20.684210526315788, 20.684210526315788, 20.684210526315788, 20.684210526315788, 20.684210526315788, 20.684210526315788, 20.684210526315788, 20.684210526315788, 20.684210526315788, 20.684210526315788, 20.684210526315788, 20.684210526315788, 20.684210526315788, 20.684210526315788, 20.684210526315788, 20.684210526315788],
 periodlist 
[0.0031622776601683798, 0.0054555947811685199, 0.0094120496726806703, 0.016237767391887217, 0.028013567611988671, 0.048329302385717518, 0.083378222347178912, 0.14384498882876623, 0.24816289228368255, 0.42813323987193919, 0.73861998220793579, 1.2742749857031335, 2.1983926488622894, 3.7926901907322494, 6.5431891297129621, 11.288378916846883, 19.474830399087551, 33.59818286283781, 57.963939533849604, 100.0],
 measuredperiodlist 
[0.0035336048199868827, 0.0098892357869342536, 0.0037955407868305599, 0.023969564320697412, 0.031096585078698377, 0.010354570872675366, 0.12019579597660111, 0.031587293502292134, 0.018598577466948561, 0.018395156109799173, 6.1002656442185472, 0.92368910210610311, 0.7023595837224279, 0.90250407415494183, 0.98341251534042085, 11.284082607836146, 16.174788665419857, 16.168945839240841, 58.152299402081418, 16.161940017413496],
 siglist 
[0.38959999999999995, 0.9167, 0.49529999999999996, 0.2639, 0.2369, 0.7646999999999999, 0.09689999999999999, 0.4981, 0.6056, 0.4841, 0.2603, 0.4507, 0.5524, 0.6703, 0.133, 0.012800000000000034, 0.22840000000000005, 0.20089999999999997, 0.7994, 0.5951],
 powerlist 
[0.4948465152467586, 0.55320615446075716, 0.50866251173291399, 0.48954562964007781, 0.47574390181696624, 0.49794166633875547, 0.47233558750492138, 0.49523358497316627, 0.49684048194977565, 0.49482779677670519, 0.40975905733740864, 0.42567297852420227, 0.44439638913142349, 0.44593723393740747, 0.40364564943778336, 0.37799558569145053, 0.42178498329338965, 0.40012135445511665, 0.45384046133515415, 0.42233571019068267],
 listnumberlist 
[0, 0, 0, 0, 0, 0, 0, 0, 0, 0, 0, 0, 0, 0, 0, 0, 0, 0, 0, 0],
 end of file
