fullmaglist 
[24.0, 24.0, 24.0, 24.0, 24.0, 24.0, 24.0, 24.0, 24.0, 24.0, 24.0, 24.0, 24.0, 24.0, 24.0, 24.0, 24.0, 24.0, 24.0, 24.0],
 periodlist 
[0.0031622776601683798, 0.0054555947811685199, 0.0094120496726806703, 0.016237767391887217, 0.028013567611988671, 0.048329302385717518, 0.083378222347178912, 0.14384498882876623, 0.24816289228368255, 0.42813323987193919, 0.73861998220793579, 1.2742749857031335, 2.1983926488622894, 3.7926901907322494, 6.5431891297129621, 11.288378916846883, 19.474830399087551, 33.59818286283781, 57.963939533849604, 100.0],
 measuredperiodlist 
[0.0051912156672342929, 0.0032863003830467296, 0.0029526443444842024, 0.15135366401524888, 0.031798793837327734, 0.041759741480400452, 0.24327662556991431, 0.021317223653886361, 0.025628747308065358, 0.078070348900765155, 0.85266813615273629, 0.99725661425764334, 0.98177997692743846, 0.72950326768622287, 1.0399911428102631, 18.117504886664364, 18.877931278982388, 61.552097415041246, 15.277710988629059, 52.250098171288769],
 siglist 
[0.9675, 0.2693, 0.9237, 0.8639, 0.40980000000000005, 0.6451, 0.3992, 0.15600000000000003, 0.6704, 0.5544, 0.2177, 0.8955, 0.7721, 0.8465, 0.35860000000000003, 0.09989999999999999, 0.5429999999999999, 0.5132, 0.5933999999999999, 0.10709999999999997],
 powerlist 
[0.44921492342301722, 0.3778897289632952, 0.42279637617873328, 0.42483633411616717, 0.39385804833231641, 0.3931437903805618, 0.37030008708116835, 0.37578228067610042, 0.39767467887997149, 0.38186867438979621, 0.31108742782347887, 0.37413753315498866, 0.34132670302893742, 0.37450290704636779, 0.35043911093407359, 0.309818227729934, 0.35588867042698397, 0.34513362623008725, 0.32329109714407139, 0.31475222484810583],
 listnumberlist 
[0, 0, 0, 0, 0, 0, 0, 0, 0, 0, 0, 0, 0, 0, 0, 0, 0, 0, 0, 0],
 end of file
