fullmaglist 
[18.842105263157894, 18.842105263157894, 18.842105263157894, 18.842105263157894, 18.842105263157894, 18.842105263157894, 18.842105263157894, 18.842105263157894, 18.842105263157894, 18.842105263157894, 18.842105263157894, 18.842105263157894, 18.842105263157894, 18.842105263157894, 18.842105263157894, 18.842105263157894, 18.842105263157894, 18.842105263157894, 18.842105263157894, 18.842105263157894],
 periodlist 
[0.0031622776601683798, 0.0054555947811685199, 0.0094120496726806703, 0.016237767391887217, 0.028013567611988671, 0.048329302385717518, 0.083378222347178912, 0.14384498882876623, 0.24816289228368255, 0.42813323987193919, 0.73861998220793579, 1.2742749857031335, 2.1983926488622894, 3.7926901907322494, 6.5431891297129621, 11.288378916846883, 19.474830399087551, 33.59818286283781, 57.963939533849604, 100.0],
 measuredperiodlist 
[0.0090498500058928885, 0.0094284417067303297, 0.00598117873804, 0.30094793220092458, 0.028749654430359418, 0.021777763082955065, 0.083377976230875339, 0.032841405136946597, 0.24816496949202957, 0.42813881445416124, 2.8478991306413324, 0.96838728972995647, 2.0463439290797307, 3.7929892876905993, 1.0809164892181513, 11.293404322890535, 19.46200986201946, 33.487595361604377, 10.546652364976115, 100.01701311856102],
 siglist 
[0.5195000000000001, 0.5183, 0.9209, 0.09640000000000004, 0.8527, 0.09019999999999995, 0.636, 0.4406, 0.279, 0.3801, 0.4508, 0.1995, 0.7489, 0.18110000000000004, 0.13560000000000005, 0.5048, 0.5354, 0.981, 0.7756000000000001, 0.9984],
 powerlist 
[0.36420380442424588, 0.36693658787357486, 0.39535778895479651, 0.33857602171462359, 0.3752990011355849, 0.32989327529175178, 0.35203614478447987, 0.3410542553902014, 0.33587736771048188, 0.34452414245389901, 0.30682034934679459, 0.30443219264894855, 0.32476213479695071, 0.30484359164881214, 0.29129144558612619, 0.3111244492963044, 0.3262028791860625, 0.36226808220343382, 0.34050409393409331, 0.39792638257672386],
 listnumberlist 
[0, 0, 0, 0, 0, 0, 0, 0, 0, 0, 0, 0, 0, 0, 0, 0, 0, 0, 0, 0],
 end of file
