fullmaglist 
[23.263157894736842, 23.263157894736842, 23.263157894736842, 23.263157894736842, 23.263157894736842, 23.263157894736842, 23.263157894736842, 23.263157894736842, 23.263157894736842, 23.263157894736842, 23.263157894736842, 23.263157894736842, 23.263157894736842, 23.263157894736842, 23.263157894736842, 23.263157894736842, 23.263157894736842, 23.263157894736842, 23.263157894736842, 23.263157894736842],
 periodlist 
[0.0031622776601683798, 0.0054555947811685199, 0.0094120496726806703, 0.016237767391887217, 0.028013567611988671, 0.048329302385717518, 0.083378222347178912, 0.14384498882876623, 0.24816289228368255, 0.42813323987193919, 0.73861998220793579, 1.2742749857031335, 2.1983926488622894, 3.7926901907322494, 6.5431891297129621, 11.288378916846883, 19.474830399087551, 33.59818286283781, 57.963939533849604, 100.0],
 measuredperiodlist 
[0.0033106294998411167, 0.0038843391131222001, 0.0033069753644664676, 0.012052463907238726, 0.013299108675492425, 0.051424505988614568, 0.012557340720406348, 0.014117306017547182, 0.012461678780954605, 0.011586629279686157, 1.0717757395450973, 1.2018859847278656, 0.64226851231036586, 4.4889472829568229, 0.64531310161550648, 33.230842183337295, 10.471734427614264, 57.444785907092104, 10.470886320517247, 36.663067198568505],
 siglist 
[0.611, 0.13729999999999998, 0.24470000000000003, 0.18379999999999996, 0.9937, 0.9414, 0.07140000000000002, 0.5158, 0.9844, 0.05269999999999997, 0.6544, 0.8472, 0.6826, 0.3114, 0.07989999999999997, 0.10199999999999998, 0.781, 0.5268999999999999, 0.1473, 0.9613],
 powerlist 
[0.40704535085713994, 0.44531297823022692, 0.40027735003238413, 0.4314964703025152, 0.45693092064503815, 0.50960911256830421, 0.35414462067678804, 0.41364939835492198, 0.46065694310014926, 0.42906447018267529, 0.43627203762746219, 0.3633620640607122, 0.35859958489190014, 0.38412976725641795, 0.41047812551430674, 0.3478852833726318, 0.37404366238133069, 0.3670186656971699, 0.32765072714392768, 0.43036699580330146],
 listnumberlist 
[0, 0, 0, 0, 0, 0, 0, 0, 0, 0, 0, 0, 0, 0, 0, 0, 0, 0, 0, 0],
 end of file
