fullmaglist 
[19.57894736842105, 19.57894736842105, 19.57894736842105, 19.57894736842105, 19.57894736842105, 19.57894736842105, 19.57894736842105, 19.57894736842105, 19.57894736842105, 19.57894736842105, 19.57894736842105, 19.57894736842105, 19.57894736842105, 19.57894736842105, 19.57894736842105, 19.57894736842105, 19.57894736842105, 19.57894736842105, 19.57894736842105, 19.57894736842105],
 periodlist 
[0.0031622776601683798, 0.0054555947811685199, 0.0094120496726806703, 0.016237767391887217, 0.028013567611988671, 0.048329302385717518, 0.083378222347178912, 0.14384498882876623, 0.24816289228368255, 0.42813323987193919, 0.73861998220793579, 1.2742749857031335, 2.1983926488622894, 3.7926901907322494, 6.5431891297129621, 11.288378916846883, 19.474830399087551, 33.59818286283781, 57.963939533849604, 100.0],
 measuredperiodlist 
[0.0083568032793751076, 0.0040257304518296439, 0.0030991432250662733, 0.018955903384958877, 0.015468143768831693, 0.023504703326592494, 0.023018678579086745, 0.1438435433810073, 0.018778314103003662, 0.18712161443484288, 0.56169905893454486, 1.2743026630100598, 2.1986593315918461, 0.68778720144513938, 0.57022480244876161, 11.288532038326924, 19.452301018785644, 33.4878110178025, 58.002136388318711, 98.490122826451568],
 siglist 
[0.9312, 0.43700000000000006, 0.6558999999999999, 0.6998, 0.8141, 0.25849999999999995, 0.9492, 0.8243, 0.027200000000000002, 0.5613, 0.6372, 0.8935, 0.42000000000000004, 0.7814, 0.05479999999999996, 0.03390000000000004, 0.3742, 0.5413, 0.5809, 0.3066],
 powerlist 
[0.35730557396477458, 0.31973561904225511, 0.33818553758671277, 0.32208641738078314, 0.32925174781780842, 0.31041122354344014, 0.3591539885460987, 0.33278982000717466, 0.29222097921227547, 0.3132939615913593, 0.29778272433593689, 0.30409880507802867, 0.27561564545430284, 0.29052954214837401, 0.25894057147060862, 0.25463338272733543, 0.2751465691003453, 0.28788877830552528, 0.28860107780123245, 0.26981665794164422],
 listnumberlist 
[0, 0, 0, 0, 0, 0, 0, 0, 0, 0, 0, 0, 0, 0, 0, 0, 0, 0, 0, 0],
 end of file
