fullmaglist 
[22.526315789473685, 22.526315789473685, 22.526315789473685, 22.526315789473685, 22.526315789473685, 22.526315789473685, 22.526315789473685, 22.526315789473685, 22.526315789473685, 22.526315789473685, 22.526315789473685, 22.526315789473685, 22.526315789473685, 22.526315789473685, 22.526315789473685, 22.526315789473685, 22.526315789473685, 22.526315789473685, 22.526315789473685, 22.526315789473685],
 periodlist 
[0.0031622776601683798, 0.0054555947811685199, 0.0094120496726806703, 0.016237767391887217, 0.028013567611988671, 0.048329302385717518, 0.083378222347178912, 0.14384498882876623, 0.24816289228368255, 0.42813323987193919, 0.73861998220793579, 1.2742749857031335, 2.1983926488622894, 3.7926901907322494, 6.5431891297129621, 11.288378916846883, 19.474830399087551, 33.59818286283781, 57.963939533849604, 100.0],
 measuredperiodlist 
[0.0074157327939272837, 0.0049889617013530903, 0.0029198263011244938, 0.013951935558759896, 0.076587805630425665, 0.010473080949534072, 0.076944848399306362, 0.047873380131734984, 0.034340353481917968, 0.021020491326325143, 0.99727030050893839, 0.99726590237444379, 0.99726590237444379, 0.99726590237444379, 0.99726590237444379, 10.951878958088566, 13.658226868040407, 33.594018790830305, 58.028708121294194, 100.35264941803688],
 siglist 
[0.44110000000000005, 0.17769999999999997, 0.5206, 0.4206, 0.011099999999999999, 0.5791, 0.9916, 0.6767000000000001, 0.13680000000000003, 0.16449999999999998, 0.8524, 0.5674, 0.9696, 0.11780000000000002, 0.5889, 0.5434, 0.17320000000000002, 0.887, 0.5952999999999999, 0.27649999999999997],
 powerlist 
[0.40182108101596725, 0.40201569049982883, 0.42517255635165863, 0.42543600883524041, 0.34951217313444638, 0.41411197585618031, 0.46894808432155999, 0.41398025679390271, 0.37261080203152108, 0.39040819783227826, 0.38865810317797655, 0.35429457582389262, 0.40381145024121479, 0.32522026880376248, 0.34558058586443324, 0.35065363264479993, 0.33352614285531562, 0.40271212425235242, 0.35116984746450797, 0.35166763459154643],
 listnumberlist 
[0, 0, 0, 0, 0, 0, 0, 0, 0, 0, 0, 0, 0, 0, 0, 0, 0, 0, 0, 0],
 end of file
