fullmaglist 
[17.0, 17.0, 17.0, 17.0, 17.0, 17.0, 17.0, 17.0, 17.0, 17.0, 17.0, 17.0, 17.0, 17.0, 17.0, 17.0, 17.0, 17.0, 17.0, 17.0],
 periodlist 
[0.0031622776601683798, 0.0054555947811685199, 0.0094120496726806703, 0.016237767391887217, 0.028013567611988671, 0.048329302385717518, 0.083378222347178912, 0.14384498882876623, 0.24816289228368255, 0.42813323987193919, 0.73861998220793579, 1.2742749857031335, 2.1983926488622894, 3.7926901907322494, 6.5431891297129621, 11.288378916846883, 19.474830399087551, 33.59818286283781, 57.963939533849604, 100.0],
 measuredperiodlist 
[0.0041267458787508831, 0.003241340202134992, 0.0039030199956315115, 0.038564132789330498, 0.019686682935087272, 0.022569866725356946, 0.014301124454995392, 0.012741279312980028, 0.031807683687205289, 0.051526006517148337, 0.87772300452992014, 7.32313158429334, 7.324329889316072, 0.6217014764815636, 1.7860761417252409, 11.295282833286061, 14.00853160551557, 61.590363480379928, 14.001374445038094, 41.938986934390655],
 siglist 
[0.48040000000000005, 0.6807000000000001, 0.27090000000000003, 0.3527, 0.17359999999999998, 0.6646000000000001, 0.45330000000000004, 0.9341, 0.7611, 0.9858, 0.9964, 0.7061, 0.23050000000000004, 0.6011, 0.21040000000000003, 0.4406, 0.5402, 0.23219999999999996, 0.5366, 0.7737],
 powerlist 
[0.48697157785002199, 0.50809052675929545, 0.47612970158521023, 0.46358805376006662, 0.45937659335602843, 0.49347810178390894, 0.46613040996717775, 0.54197296882220958, 0.51595843877149905, 0.5688216530057979, 0.5532604818843504, 0.4131695574607987, 0.38863697931466051, 0.39909865114223542, 0.38900963237983188, 0.40650105640585066, 0.41216868294702574, 0.38824633964749045, 0.40610102198108888, 0.44362106991618944],
 listnumberlist 
[0, 0, 0, 0, 0, 0, 0, 0, 0, 0, 0, 0, 0, 0, 0, 0, 0, 0, 0, 0],
 end of file
