fullmaglist 
[17.736842105263158, 17.736842105263158, 17.736842105263158, 17.736842105263158, 17.736842105263158, 17.736842105263158, 17.736842105263158, 17.736842105263158, 17.736842105263158, 17.736842105263158, 17.736842105263158, 17.736842105263158, 17.736842105263158, 17.736842105263158, 17.736842105263158, 17.736842105263158, 17.736842105263158, 17.736842105263158, 17.736842105263158, 17.736842105263158],
 periodlist 
[0.0031622776601683798, 0.0054555947811685199, 0.0094120496726806703, 0.016237767391887217, 0.028013567611988671, 0.048329302385717518, 0.083378222347178912, 0.14384498882876623, 0.24816289228368255, 0.42813323987193919, 0.73861998220793579, 1.2742749857031335, 2.1983926488622894, 3.7926901907322494, 6.5431891297129621, 11.288378916846883, 19.474830399087551, 33.59818286283781, 57.963939533849604, 100.0],
 measuredperiodlist 
[0.0041973360227733356, 0.0030800176348786869, 0.003109420575975688, 0.010076130646983858, 0.10053248583227184, 0.013012046607757614, 0.012173947259966341, 0.026291996829597063, 0.36192903773833335, 0.422014053888213, 1.8452921802746527, 0.5594230646700723, 1.8453392131963553, 0.78959308402194084, 1.8451172388520114, 33.235113454574389, 33.20523759321965, 10.763414092552038, 19.560715928134449, 99.980433043366034],
 siglist 
[0.5327, 0.8476, 0.6673, 0.4992, 0.6282, 0.7791, 0.3899, 0.8636, 0.5014000000000001, 0.15159999999999996, 0.8216, 0.7218, 0.3853, 0.5665, 0.46950000000000003, 0.9338, 0.5355, 0.21919999999999995, 0.4609, 0.9006],
 powerlist 
[0.35649801947637183, 0.38862208457698799, 0.36794147685718487, 0.35329367922775656, 0.36299897291707034, 0.37164909354394582, 0.37851273776696248, 0.38162363769121455, 0.35643581101364274, 0.34923611930771481, 0.33337043248189124, 0.32852958064649584, 0.31725130870559093, 0.32054023787085911, 0.32102052809680404, 0.35035285145329181, 0.320226755187486, 0.29584250210611107, 0.31387343369350279, 0.34944161663142692],
 listnumberlist 
[0, 0, 0, 0, 0, 0, 0, 0, 0, 0, 0, 0, 0, 0, 0, 0, 0, 0, 0, 0],
 end of file
