fullmaglist 
[20.31578947368421, 20.31578947368421, 20.31578947368421, 20.31578947368421, 20.31578947368421, 20.31578947368421, 20.31578947368421, 20.31578947368421, 20.31578947368421, 20.31578947368421, 20.31578947368421, 20.31578947368421, 20.31578947368421, 20.31578947368421, 20.31578947368421, 20.31578947368421, 20.31578947368421, 20.31578947368421, 20.31578947368421, 20.31578947368421],
 periodlist 
[0.0031622776601683798, 0.0054555947811685199, 0.0094120496726806703, 0.016237767391887217, 0.028013567611988671, 0.048329302385717518, 0.083378222347178912, 0.14384498882876623, 0.24816289228368255, 0.42813323987193919, 0.73861998220793579, 1.2742749857031335, 2.1983926488622894, 3.7926901907322494, 6.5431891297129621, 11.288378916846883, 19.474830399087551, 33.59818286283781, 57.963939533849604, 100.0],
 measuredperiodlist 
[0.0032213764751899245, 0.0037999146614338558, 0.0049874647469040859, 0.016237772679464156, 0.055132837569356018, 0.052244603988387879, 0.083378099815967333, 0.013011289060800778, 0.022320346941353299, 0.015834535486651431, 1.9415436881462342, 0.81923010197963575, 1.6788021892400948, 3.7927588231655021, 6.5434908681712285, 11.294547901052788, 13.126939376621666, 33.628362761697112, 40.672006960244353, 100.27899586810184],
 siglist 
[0.9429, 0.6961999999999999, 0.9625, 0.9114, 0.8013, 0.9784, 0.02839999999999998, 0.8551, 0.3183, 0.6724, 0.8062, 0.7749, 0.6512, 0.6875, 0.7639, 0.3933, 0.235, 0.7616, 0.8501, 0.5169],
 powerlist 
[0.36110489297592729, 0.34083222062754226, 0.36341423277835622, 0.33881636811850929, 0.33927110967090063, 0.36459631285271799, 0.29572789815521205, 0.33875332658361873, 0.30083299621107845, 0.32485543829388075, 0.28480240839304904, 0.29506672161445158, 0.29432709886406716, 0.2884056439747994, 0.31303659022705627, 0.27976522177920704, 0.2627237450252532, 0.28880567730549223, 0.30008414000095041, 0.27580437913436739],
 listnumberlist 
[0, 0, 0, 0, 0, 0, 0, 0, 0, 0, 0, 0, 0, 0, 0, 0, 0, 0, 0, 0],
 end of file
