fullmaglist 
[18.473684210526315, 18.473684210526315, 18.473684210526315, 18.473684210526315, 18.473684210526315, 18.473684210526315, 18.473684210526315, 18.473684210526315, 18.473684210526315, 18.473684210526315, 18.473684210526315, 18.473684210526315, 18.473684210526315, 18.473684210526315, 18.473684210526315, 18.473684210526315, 18.473684210526315, 18.473684210526315, 18.473684210526315, 18.473684210526315],
 periodlist 
[0.0031622776601683798, 0.0054555947811685199, 0.0094120496726806703, 0.016237767391887217, 0.028013567611988671, 0.048329302385717518, 0.083378222347178912, 0.14384498882876623, 0.24816289228368255, 0.42813323987193919, 0.73861998220793579, 1.2742749857031335, 2.1983926488622894, 3.7926901907322494, 6.5431891297129621, 11.288378916846883, 19.474830399087551, 33.59818286283781, 57.963939533849604, 100.0],
 measuredperiodlist 
[0.0031622776206104634, 0.0054555947108269496, 0.0094120512290681631, 0.016237770619170224, 0.028013568454915004, 0.048329263115044298, 0.083378122677857977, 0.125712176105096, 0.24816143383071049, 0.42813168372838428, 0.73862711020776339, 1.2742529951148018, 2.1984704892180584, 3.7928888189351921, 6.5431237863969844, 11.289463905191795, 19.480612081227701, 33.59147890877604, 57.965380449258731, 100.15975303552865],
 siglist 
[0.8967, 1.0, 1.0, 1.0, 1.0, 1.0, 1.0, 1.0, 1.0, 1.0, 1.0, 1.0, 1.0, 1.0, 1.0, 1.0, 1.0, 1.0, 1.0, 1.0],
 powerlist 
[0.077923849973412257, 0.19430837670893292, 0.19090073308231709, 0.20378685302967028, 0.21310428855890012, 0.15249617167527857, 0.20363771701851852, 0.17773540380297917, 0.15225691766704649, 0.25773353807068006, 0.11262607123854936, 0.18387332598781245, 0.11279094250486169, 0.14612206369226324, 0.1588444525301515, 0.13386331317581157, 0.201207546682872, 0.21540938264579679, 0.27641570278656785, 0.20088659289346181],
 listnumberlist 
[0, 0, 0, 0, 0, 0, 0, 0, 0, 0, 0, 0, 0, 0, 0, 0, 0, 0, 0, 0],
 end of file
