fullmaglist 
[22.157894736842106, 22.157894736842106, 22.157894736842106, 22.157894736842106, 22.157894736842106, 22.157894736842106, 22.157894736842106, 22.157894736842106, 22.157894736842106, 22.157894736842106, 22.157894736842106, 22.157894736842106, 22.157894736842106, 22.157894736842106, 22.157894736842106, 22.157894736842106, 22.157894736842106, 22.157894736842106, 22.157894736842106, 22.157894736842106],
 periodlist 
[0.0031622776601683798, 0.0054555947811685199, 0.0094120496726806703, 0.016237767391887217, 0.028013567611988671, 0.048329302385717518, 0.083378222347178912, 0.14384498882876623, 0.24816289228368255, 0.42813323987193919, 0.73861998220793579, 1.2742749857031335, 2.1983926488622894, 3.7926901907322494, 6.5431891297129621, 11.288378916846883, 19.474830399087551, 33.59818286283781, 57.963939533849604, 100.0],
 measuredperiodlist 
[0.0035054312274103621, 0.0052831660274971623, 0.003068771361384713, 0.09083607177569325, 0.010595780598363665, 0.010396698415361094, 0.011985124417417546, 0.014720046728459613, 0.016608908477823162, 0.043625605710139397, 0.99726590237444379, 1.9296922008507431, 3.0956482916479282, 0.54688797154256508, 1.9299618895405868, 21.750522869044044, 36.603176290390245, 33.608997811772731, 57.854262216603935, 12.061497806935781],
 siglist 
[0.19999999999999996, 0.9318, 0.22150000000000003, 0.17110000000000003, 0.11429999999999996, 0.5286, 0.08660000000000001, 0.25780000000000003, 0.10629999999999995, 0.5852999999999999, 0.059699999999999975, 0.7196, 0.09079999999999999, 0.8743, 0.6811, 0.904, 0.8271, 0.6256999999999999, 0.8526, 0.585],
 powerlist 
[0.35988806872261281, 0.4411049099513652, 0.35381037648043712, 0.33667709698722303, 0.3265583536886239, 0.35478965680682473, 0.34486986273979481, 0.36423466381387604, 0.3553412451517135, 0.37010946501356629, 0.29647781966451281, 0.33407812159808914, 0.30748085342096287, 0.34341566855785788, 0.32774710126888029, 0.35371849952728596, 0.33770867213005035, 0.33113580758112504, 0.34329073774030322, 0.33172781667487772],
 listnumberlist 
[0, 0, 0, 0, 0, 0, 0, 0, 0, 0, 0, 0, 0, 0, 0, 0, 0, 0, 0, 0],
 end of file
