fullmaglist 
[19.210526315789473, 19.210526315789473, 19.210526315789473, 19.210526315789473, 19.210526315789473, 19.210526315789473, 19.210526315789473, 19.210526315789473, 19.210526315789473, 19.210526315789473, 19.210526315789473, 19.210526315789473, 19.210526315789473, 19.210526315789473, 19.210526315789473, 19.210526315789473, 19.210526315789473, 19.210526315789473, 19.210526315789473, 19.210526315789473],
 periodlist 
[0.0031622776601683798, 0.0054555947811685199, 0.0094120496726806703, 0.016237767391887217, 0.028013567611988671, 0.048329302385717518, 0.083378222347178912, 0.14384498882876623, 0.24816289228368255, 0.42813323987193919, 0.73861998220793579, 1.2742749857031335, 2.1983926488622894, 3.7926901907322494, 6.5431891297129621, 11.288378916846883, 19.474830399087551, 33.59818286283781, 57.963939533849604, 100.0],
 measuredperiodlist 
[0.0033707645654880232, 0.0063760651824824217, 0.0033707646031522179, 0.031569531068437122, 0.037364731500715773, 0.037364750784158039, 0.010314336266281872, 0.045821836365112556, 0.013690581578117877, 0.012764683589963551, 3.2387401710778283, 1.7450503289012049, 3.6014855749634993, 3.7930111041555596, 0.75090250858337215, 11.288000012756426, 19.487846511487412, 26.02427660700539, 57.902365732241833, 13.861730449876374],
 siglist 
[0.8939, 0.6123000000000001, 0.7781, 0.8987, 0.7129, 0.6736, 0.15190000000000003, 0.16549999999999998, 0.02070000000000005, 0.7213, 0.4868, 0.6644, 0.6079, 0.3116, 0.544, 0.5729, 0.03749999999999998, 0.47230000000000005, 0.42110000000000003, 0.12180000000000002],
 powerlist 
[0.37963142223391566, 0.37438444181578068, 0.38816440178794509, 0.37860660404057089, 0.38181476433367922, 0.37888813347176525, 0.34713949429005192, 0.33968090291063363, 0.33135157532945769, 0.35851569827818691, 0.31951074379417899, 0.31480672641601454, 0.33096593254976092, 0.32052628975184216, 0.31379154312028551, 0.30821926305631192, 0.29811513126557382, 0.31733000865326755, 0.32304115590372418, 0.29141774576042018],
 listnumberlist 
[0, 0, 0, 0, 0, 0, 0, 0, 0, 0, 0, 0, 0, 0, 0, 0, 0, 0, 0, 0],
 end of file
