fullmaglist 
[18.842105263157894, 18.842105263157894, 18.842105263157894, 18.842105263157894, 18.842105263157894, 18.842105263157894, 18.842105263157894, 18.842105263157894, 18.842105263157894, 18.842105263157894, 18.842105263157894, 18.842105263157894, 18.842105263157894, 18.842105263157894, 18.842105263157894, 18.842105263157894, 18.842105263157894, 18.842105263157894, 18.842105263157894, 18.842105263157894],
 periodlist 
[0.0031622776601683798, 0.0054555947811685199, 0.0094120496726806703, 0.016237767391887217, 0.028013567611988671, 0.048329302385717518, 0.083378222347178912, 0.14384498882876623, 0.24816289228368255, 0.42813323987193919, 0.73861998220793579, 1.2742749857031335, 2.1983926488622894, 3.7926901907322494, 6.5431891297129621, 11.288378916846883, 19.474830399087551, 33.59818286283781, 57.963939533849604, 100.0],
 measuredperiodlist 
[0.0045735182470253615, 0.0040175304886579917, 0.0029705353009646111, 0.016123625171711058, 0.050349403296234489, 0.011095212149295843, 0.012864059989888809, 0.011422049561397979, 0.010619398841729705, 0.011691722404586141, 0.99726590237444379, 0.99727249959073327, 0.99726590237444379, 0.99726590237444379, 0.99726590237444379, 11.293247672925663, 19.483821221631711, 33.617741744299643, 11.124696620566008, 100.41949655196831],
 siglist 
[0.9342, 0.18769999999999998, 0.30410000000000004, 0.38380000000000003, 0.8356, 0.9271, 0.5847, 0.9435, 0.7734, 0.18500000000000005, 0.7558, 0.8953, 0.3449, 0.0030999999999999917, 0.8182, 0.9955, 0.9885, 0.7528, 0.7585, 0.6313],
 powerlist 
[0.41438133000186184, 0.3676567226757651, 0.36810860480712404, 0.3652710013753373, 0.40495833413273347, 0.42356188605767064, 0.36774864440273441, 0.41604625247949034, 0.37726885769273677, 0.36232991191655195, 0.34794255277288821, 0.37138095369399809, 0.31703824886831411, 0.29223578572515152, 0.33494119931617189, 0.40877952985959176, 0.3981283467297021, 0.33640827976060572, 0.34027655739442425, 0.33717295032629424],
 listnumberlist 
[0, 0, 0, 0, 0, 0, 0, 0, 0, 0, 0, 0, 0, 0, 0, 0, 0, 0, 0, 0],
 end of file
