fullmaglist 
[17.0, 17.0, 17.0, 17.0, 17.0, 17.0, 17.0, 17.0, 17.0, 17.0, 17.0, 17.0, 17.0, 17.0, 17.0, 17.0, 17.0, 17.0, 17.0, 17.0],
 periodlist 
[0.0031622776601683798, 0.0054555947811685199, 0.0094120496726806703, 0.016237767391887217, 0.028013567611988671, 0.048329302385717518, 0.083378222347178912, 0.14384498882876623, 0.24816289228368255, 0.42813323987193919, 0.73861998220793579, 1.2742749857031335, 2.1983926488622894, 3.7926901907322494, 6.5431891297129621, 11.288378916846883, 19.474830399087551, 33.59818286283781, 57.963939533849604, 100.0],
 measuredperiodlist 
[0.0031622777758893422, 0.0054555947964129679, 0.0094120507705467045, 0.016237767131550226, 0.028013561685102592, 0.04609545033841702, 0.083378098689309912, 0.14384526901163205, 0.19871447478858803, 0.29953869171265884, 0.73862397261008506, 1.2742688701344091, 2.1984315748267886, 3.792665447814052, 6.5428283387598567, 11.290123630490971, 19.470359740189796, 33.603813361986091, 57.992445993558363, 100.02147717711865],
 siglist 
[0.9786, 1.0, 1.0, 1.0, 1.0, 0.987, 1.0, 1.0, 1.0, 1.0, 1.0, 1.0, 1.0, 1.0, 1.0, 1.0, 1.0, 1.0, 1.0, 1.0],
 powerlist 
[0.084661580005339021, 0.19943943551154011, 0.23154838462585881, 0.14194968098599792, 0.1980935407188561, 0.084302003159080485, 0.16366559888314269, 0.19057956474831556, 0.12274563178843614, 0.22571391770797772, 0.10651301696886932, 0.23486496429473308, 0.10494542442254945, 0.14916936828921543, 0.15074600517992096, 0.17305978979233427, 0.14060516389730862, 0.26403950035958146, 0.21018749132672279, 0.21880585104359873],
 listnumberlist 
[0, 0, 0, 0, 0, 0, 0, 0, 0, 0, 0, 0, 0, 0, 0, 0, 0, 0, 0, 0],
 end of file
