fullmaglist 
[19.210526315789473, 19.210526315789473, 19.210526315789473, 19.210526315789473, 19.210526315789473, 19.210526315789473, 19.210526315789473, 19.210526315789473, 19.210526315789473, 19.210526315789473, 19.210526315789473, 19.210526315789473, 19.210526315789473, 19.210526315789473, 19.210526315789473, 19.210526315789473, 19.210526315789473, 19.210526315789473, 19.210526315789473, 19.210526315789473],
 periodlist 
[0.0031622776601683798, 0.0054555947811685199, 0.0094120496726806703, 0.016237767391887217, 0.028013567611988671, 0.048329302385717518, 0.083378222347178912, 0.14384498882876623, 0.24816289228368255, 0.42813323987193919, 0.73861998220793579, 1.2742749857031335, 2.1983926488622894, 3.7926901907322494, 6.5431891297129621, 11.288378916846883, 19.474830399087551, 33.59818286283781, 57.963939533849604, 100.0],
 measuredperiodlist 
[0.0071771600380329701, 0.0030992939746660227, 0.01103671158460234, 0.02942482830302896, 0.028823176508445715, 0.02139782234060085, 0.010083129584803577, 0.010289682574790333, 0.012705595479374656, 0.010065104505701564, 2.6281051911762274, 2.6283732930643118, 0.92160345292826629, 1.423274181877086, 3.8474747135032974, 11.284557325463375, 57.094852182830145, 12.143458431883474, 13.192439919565434, 23.396197287059927],
 siglist 
[0.8885, 0.24039999999999995, 0.45030000000000003, 0.632, 0.8676, 0.05230000000000001, 0.523, 0.12070000000000003, 0.4475, 0.34830000000000005, 0.16659999999999997, 0.16210000000000002, 0.7125, 0.3506, 0.41800000000000004, 0.5346, 0.8851, 0.16559999999999997, 0.9316, 0.3791],
 powerlist 
[0.33652880696515364, 0.30591799946424292, 0.32206051398351493, 0.32479660804708782, 0.33756584206946139, 0.29350464547787886, 0.32909089030917671, 0.31579707231733822, 0.30645048898122623, 0.30576399004189764, 0.26865195143631687, 0.2673605891256719, 0.28938349430612231, 0.26701506129185837, 0.26852106234906553, 0.27749487019503738, 0.29615805882957413, 0.26090630124610714, 0.30099204224815895, 0.27126286012541673],
 listnumberlist 
[0, 0, 0, 0, 0, 0, 0, 0, 0, 0, 0, 0, 0, 0, 0, 0, 0, 0, 0, 0],
 end of file
