fullmaglist 
[22.157894736842106, 22.157894736842106, 22.157894736842106, 22.157894736842106, 22.157894736842106, 22.157894736842106, 22.157894736842106, 22.157894736842106, 22.157894736842106, 22.157894736842106, 22.157894736842106, 22.157894736842106, 22.157894736842106, 22.157894736842106, 22.157894736842106, 22.157894736842106, 22.157894736842106, 22.157894736842106, 22.157894736842106, 22.157894736842106],
 periodlist 
[0.0031622776601683798, 0.0054555947811685199, 0.0094120496726806703, 0.016237767391887217, 0.028013567611988671, 0.048329302385717518, 0.083378222347178912, 0.14384498882876623, 0.24816289228368255, 0.42813323987193919, 0.73861998220793579, 1.2742749857031335, 2.1983926488622894, 3.7926901907322494, 6.5431891297129621, 11.288378916846883, 19.474830399087551, 33.59818286283781, 57.963939533849604, 100.0],
 measuredperiodlist 
[0.0029682152972369375, 0.0038485455088871881, 0.0095017284785529361, 0.11752479395716883, 0.27296115171645569, 0.058998753209409012, 0.10003514281545367, 0.38874336739517285, 0.039786766518041021, 0.033354110883027852, 0.58284920914427718, 1.2743709015378, 0.53595837897400533, 1.3529768674393388, 6.5479162107821605, 11.292929960018052, 14.974599462061994, 33.599733954954729, 34.846239063246287, 99.349332715385174],
 siglist 
[0.29800000000000004, 0.6962999999999999, 0.9841, 0.3224, 0.0048000000000000265, 0.3326, 0.7745, 0.2552, 0.9643, 0.7771, 0.2471, 0.02949999999999997, 0.5841000000000001, 0.10270000000000001, 0.9943, 0.6757, 0.5937, 0.14390000000000003, 0.917, 0.12919999999999998],
 powerlist 
[0.42734966050852036, 0.41636790109408622, 0.51963801330590986, 0.38222341915377644, 0.35618275679824124, 0.38572092296996896, 0.39599859667361104, 0.36783613290002048, 0.42698414416192715, 0.39496310399217421, 0.33515702311603057, 0.32849721817644761, 0.3572814798872167, 0.32399298260225085, 0.43268208291165466, 0.34660768715891549, 0.36881254547675868, 0.33091806601225759, 0.38680437225688297, 0.32914010121135712],
 listnumberlist 
[0, 0, 0, 0, 0, 0, 0, 0, 0, 0, 0, 0, 0, 0, 0, 0, 0, 0, 0, 0],
 end of file
