fullmaglist 
[17.36842105263158, 17.36842105263158, 17.36842105263158, 17.36842105263158, 17.36842105263158, 17.36842105263158, 17.36842105263158, 17.36842105263158, 17.36842105263158, 17.36842105263158, 17.36842105263158, 17.36842105263158, 17.36842105263158, 17.36842105263158, 17.36842105263158, 17.36842105263158, 17.36842105263158, 17.36842105263158, 17.36842105263158, 17.36842105263158],
 periodlist 
[0.0031622776601683798, 0.0054555947811685199, 0.0094120496726806703, 0.016237767391887217, 0.028013567611988671, 0.048329302385717518, 0.083378222347178912, 0.14384498882876623, 0.24816289228368255, 0.42813323987193919, 0.73861998220793579, 1.2742749857031335, 2.1983926488622894, 3.7926901907322494, 6.5431891297129621, 11.288378916846883, 19.474830399087551, 33.59818286283781, 57.963939533849604, 100.0],
 measuredperiodlist 
[0.003106407673811143, 0.0089981947443353028, 0.0045903545228813524, 0.073270561001428494, 0.018919472091889045, 0.020147911428271915, 0.018958524206562875, 0.143844774426509, 0.49406844129615857, 0.12610658803591418, 0.76300743338092325, 1.2742645275244289, 2.1986703920393458, 3.7924276205179832, 6.5431820596690242, 11.283824086704628, 23.658861312160756, 33.674235639284198, 57.700579516301254, 100.05200410978503],
 siglist 
[0.06740000000000002, 0.7143999999999999, 0.7384, 0.8063, 0.2328, 0.5237, 0.5931, 0.7952, 0.9741, 0.129, 0.8936, 0.43700000000000006, 0.6266, 0.1904, 0.9039, 0.3911, 0.6126, 0.21989999999999998, 0.8558, 0.9747],
 powerlist 
[0.32500431010665071, 0.37034485593439542, 0.36329858894026301, 0.36520876121006063, 0.32915050979520921, 0.37559141897394821, 0.36281924610213395, 0.37827890552551297, 0.39771102796890956, 0.32632234398746268, 0.34767356195257115, 0.29790872365014465, 0.31561791811438139, 0.29560263795052305, 0.33975130445965018, 0.30666567789035221, 0.30097615937251376, 0.29144016828126551, 0.33392181906121893, 0.36848253029634614],
 listnumberlist 
[0, 0, 0, 0, 0, 0, 0, 0, 0, 0, 0, 0, 0, 0, 0, 0, 0, 0, 0, 0],
 end of file
