fullmaglist 
[24.0, 24.0, 24.0, 24.0, 24.0, 24.0, 24.0, 24.0, 24.0, 24.0, 24.0, 24.0, 24.0, 24.0, 24.0, 24.0, 24.0, 24.0, 24.0, 24.0],
 periodlist 
[0.0031622776601683798, 0.0054555947811685199, 0.0094120496726806703, 0.016237767391887217, 0.028013567611988671, 0.048329302385717518, 0.083378222347178912, 0.14384498882876623, 0.24816289228368255, 0.42813323987193919, 0.73861998220793579, 1.2742749857031335, 2.1983926488622894, 3.7926901907322494, 6.5431891297129621, 11.288378916846883, 19.474830399087551, 33.59818286283781, 57.963939533849604, 100.0],
 measuredperiodlist 
[0.0036495719059711617, 0.005420408201951105, 0.010738321906760797, 0.077291660794025149, 0.013083171434490242, 0.038496772863136859, 0.090164104863539443, 0.014766596837356727, 0.026085381764764468, 0.01453005389291114, 0.99726590237444379, 0.99726590237444379, 0.99727030050893839, 0.99726590237444379, 0.99726590237444379, 11.291414956670964, 92.753025743069401, 10.332538580729489, 31.515231367061091, 20.107080281908168],
 siglist 
[0.5135000000000001, 0.7991, 0.7809, 0.9558, 0.13970000000000005, 0.3173, 0.21650000000000003, 0.6445000000000001, 0.898, 0.37329999999999997, 0.388, 0.4927, 0.03749999999999998, 0.9398, 0.8299, 0.5495, 0.6757, 0.4879, 0.8619, 0.7211000000000001],
 powerlist 
[0.39004282773254917, 0.44003601058959285, 0.43472989842900939, 0.46382031865496176, 0.40548278032463103, 0.38523737209025827, 0.37985670805584149, 0.39341200233050028, 0.42770757160151579, 0.36991209632239563, 0.35009366710201328, 0.33100208998339442, 0.32739711692740531, 0.40842135957438302, 0.36694964084637033, 0.34995360756338184, 0.35728209102323005, 0.33604914357453369, 0.37950026586490671, 0.35347394961990458],
 listnumberlist 
[0, 0, 0, 0, 0, 0, 0, 0, 0, 0, 0, 0, 0, 0, 0, 0, 0, 0, 0, 0],
 end of file
