fullmaglist 
[17.0, 17.0, 17.0, 17.0, 17.0, 17.0, 17.0, 17.0, 17.0, 17.0, 17.0, 17.0, 17.0, 17.0, 17.0, 17.0, 17.0, 17.0, 17.0, 17.0],
 periodlist 
[0.0031622776601683798, 0.0054555947811685199, 0.0094120496726806703, 0.016237767391887217, 0.028013567611988671, 0.048329302385717518, 0.083378222347178912, 0.14384498882876623, 0.24816289228368255, 0.42813323987193919, 0.73861998220793579, 1.2742749857031335, 2.1983926488622894, 3.7926901907322494, 6.5431891297129621, 11.288378916846883, 19.474830399087551, 33.59818286283781, 57.963939533849604, 100.0],
 measuredperiodlist 
[0.0062812707365277696, 0.0043831922153569451, 0.0035312418529451872, 0.021247979100338633, 0.013209498645979468, 0.013402152528352225, 0.035458469138584511, 0.012242824985351043, 0.3303750921678047, 0.018559412548246727, 0.50179020561605781, 0.51483735848426482, 1.0518618149577184, 0.78958969005888102, 0.74400672862301964, 39.242203501338359, 50.410168733505166, 33.629303462984382, 58.013554509109476, 10.764928077955734],
 siglist 
[0.5945, 0.8488, 0.2107, 0.10999999999999999, 0.5853999999999999, 0.48560000000000003, 0.9864, 0.8104, 0.011600000000000055, 0.8912, 0.5353, 0.9652000000000001, 0.4778, 0.6951, 0.8046, 0.7881, 0.9868, 0.8552, 0.8587, 0.5789],
 powerlist 
[0.41836753626201473, 0.45331879074922588, 0.40348044842703301, 0.3674327261180324, 0.40187076816177336, 0.38979062125787556, 0.46672098580648025, 0.43378562142334187, 0.36022237381265382, 0.43868654503800097, 0.35325351485375289, 0.39884893458607784, 0.36025645936429118, 0.3738933700239202, 0.36748878297405063, 0.36008837483717515, 0.41967474493601348, 0.38407109231508352, 0.38555379601920031, 0.34780744851498757],
 listnumberlist 
[0, 0, 0, 0, 0, 0, 0, 0, 0, 0, 0, 0, 0, 0, 0, 0, 0, 0, 0, 0],
 end of file
