fullmaglist 
[19.57894736842105, 19.57894736842105, 19.57894736842105, 19.57894736842105, 19.57894736842105, 19.57894736842105, 19.57894736842105, 19.57894736842105, 19.57894736842105, 19.57894736842105, 19.57894736842105, 19.57894736842105, 19.57894736842105, 19.57894736842105, 19.57894736842105, 19.57894736842105, 19.57894736842105, 19.57894736842105, 19.57894736842105, 19.57894736842105],
 periodlist 
[0.0031622776601683798, 0.0054555947811685199, 0.0094120496726806703, 0.016237767391887217, 0.028013567611988671, 0.048329302385717518, 0.083378222347178912, 0.14384498882876623, 0.24816289228368255, 0.42813323987193919, 0.73861998220793579, 1.2742749857031335, 2.1983926488622894, 3.7926901907322494, 6.5431891297129621, 11.288378916846883, 19.474830399087551, 33.59818286283781, 57.963939533849604, 100.0],
 measuredperiodlist 
[0.0055070691919321263, 0.0029286301518661666, 0.010910243737949727, 0.014671170374254356, 0.012100424164353451, 0.014458467284902675, 0.010461620790335855, 0.014458462147546352, 0.014671179030008802, 0.23811501981923147, 1.9685460116831552, 0.98119140638917779, 0.66192413952969587, 0.51264600101876423, 5.0347803835075995, 11.666118745479563, 49.820009730570888, 11.377684412580029, 19.812223086980023, 11.377780816087895],
 siglist 
[0.16669999999999996, 0.16559999999999997, 0.9657, 0.005900000000000016, 0.9025, 0.3458, 0.3628, 0.35719999999999996, 0.13019999999999998, 0.6738999999999999, 0.9558, 0.3014, 0.895, 0.8108, 0.9643, 0.6335999999999999, 0.5464, 0.2127, 0.9452, 0.8904],
 powerlist 
[0.48326568052325919, 0.46027290693458123, 0.55250328272530758, 0.42083921526839191, 0.5030882820025967, 0.47225190013430896, 0.47189502942422129, 0.4773341468472429, 0.46261724176751257, 0.48573345236579818, 0.48637070628803014, 0.40902633802306798, 0.47002074862729215, 0.44607504586680247, 0.50042155541933697, 0.42203438795195369, 0.43519914005930382, 0.3843491743071189, 0.45550409130486885, 0.45219716029949336],
 listnumberlist 
[0, 0, 0, 0, 0, 0, 0, 0, 0, 0, 0, 0, 0, 0, 0, 0, 0, 0, 0, 0],
 end of file
