fullmaglist 
[20.684210526315788, 20.684210526315788, 20.684210526315788, 20.684210526315788, 20.684210526315788, 20.684210526315788, 20.684210526315788, 20.684210526315788, 20.684210526315788, 20.684210526315788, 20.684210526315788, 20.684210526315788, 20.684210526315788, 20.684210526315788, 20.684210526315788, 20.684210526315788, 20.684210526315788, 20.684210526315788, 20.684210526315788, 20.684210526315788],
 periodlist 
[0.0031622776601683798, 0.0054555947811685199, 0.0094120496726806703, 0.016237767391887217, 0.028013567611988671, 0.048329302385717518, 0.083378222347178912, 0.14384498882876623, 0.24816289228368255, 0.42813323987193919, 0.73861998220793579, 1.2742749857031335, 2.1983926488622894, 3.7926901907322494, 6.5431891297129621, 11.288378916846883, 19.474830399087551, 33.59818286283781, 57.963939533849604, 100.0],
 measuredperiodlist 
[0.0031622777356318538, 0.0054555940090216994, 0.0094120481213124853, 0.016237767738092726, 0.028013561233781882, 0.050790743881158638, 0.083378142668325245, 0.14384478112135704, 0.24816433809494604, 0.42813368662707496, 0.73862240382124211, 1.274287547134487, 2.1982731518838401, 0.78963473219049385, 6.5427298621432222, 11.289537204195353, 19.470577762745819, 33.601865214571816, 57.971178081771505, 99.809048318737339],
 siglist 
[0.7439, 1.0, 1.0, 1.0, 1.0, 0.9993, 1.0, 1.0, 1.0, 1.0, 1.0, 1.0, 1.0, 1.0, 1.0, 1.0, 1.0, 1.0, 1.0, 1.0],
 powerlist 
[0.074975902312805306, 0.15416804517116042, 0.17450296029310716, 0.17486931314320686, 0.23243187257988557, 0.093352388774352896, 0.16161613378456396, 0.21572620581384014, 0.11391064125054159, 0.21012497818179215, 0.11716630987127699, 0.23537000325473684, 0.13508802221222613, 0.11088779700103743, 0.13687321619407056, 0.12039141170992082, 0.14398666673175023, 0.2042125271240659, 0.23563176330406077, 0.19029224122428326],
 listnumberlist 
[0, 0, 0, 0, 0, 0, 0, 0, 0, 0, 0, 0, 0, 0, 0, 0, 0, 0, 0, 0],
 end of file
