fullmaglist 
[17.0, 17.0, 17.0, 17.0, 17.0, 17.0, 17.0, 17.0, 17.0, 17.0, 17.0, 17.0, 17.0, 17.0, 17.0, 17.0, 17.0, 17.0, 17.0, 17.0],
 periodlist 
[0.0031622776601683798, 0.0054555947811685199, 0.0094120496726806703, 0.016237767391887217, 0.028013567611988671, 0.048329302385717518, 0.083378222347178912, 0.14384498882876623, 0.24816289228368255, 0.42813323987193919, 0.73861998220793579, 1.2742749857031335, 2.1983926488622894, 3.7926901907322494, 6.5431891297129621, 11.288378916846883, 19.474830399087551, 33.59818286283781, 57.963939533849604, 100.0],
 measuredperiodlist 
[0.0038475952920473348, 0.0072672418598034166, 0.0038624961364047213, 0.013673265428208403, 0.20486031755995429, 0.048329339330273308, 0.012522283161001421, 0.12571250157714101, 0.05769163577808132, 0.42813379371925647, 0.73864876731791329, 1.16905640993705, 1.0627715815786691, 3.7921761816668225, 0.96850972496146759, 10.957340868104929, 19.455169332534386, 33.605647554479347, 57.926534034515605, 33.606305724905738],
 siglist 
[0.35219999999999996, 0.48429999999999995, 0.8235, 0.1169, 0.03759999999999997, 0.042100000000000026, 0.9007000000000001, 0.9532, 0.8126, 0.6194999999999999, 0.2368, 0.5649, 0.8279, 0.9973, 0.8568, 0.7222, 0.13270000000000004, 0.6512, 0.33630000000000004, 0.6581],
 powerlist 
[0.36433400477746253, 0.36739022108809039, 0.40049687693987324, 0.34090877130699659, 0.3292502289485153, 0.35890158170886438, 0.38386306838369066, 0.37520882727255694, 0.36567013692721195, 0.35743002788187106, 0.30067991796818733, 0.30877851781487292, 0.32999375523134844, 0.40297843647932358, 0.32586112691844599, 0.31595708149345358, 0.28958895937273677, 0.31541251193559267, 0.30391927365000099, 0.32494723525730074],
 listnumberlist 
[0, 0, 0, 0, 0, 0, 0, 0, 0, 0, 0, 0, 0, 0, 0, 0, 0, 0, 0, 0],
 end of file
