fullmaglist 
[22.894736842105264, 22.894736842105264, 22.894736842105264, 22.894736842105264, 22.894736842105264, 22.894736842105264, 22.894736842105264, 22.894736842105264, 22.894736842105264, 22.894736842105264, 22.894736842105264, 22.894736842105264, 22.894736842105264, 22.894736842105264, 22.894736842105264, 22.894736842105264, 22.894736842105264, 22.894736842105264, 22.894736842105264, 22.894736842105264],
 periodlist 
[0.0031622776601683798, 0.0054555947811685199, 0.0094120496726806703, 0.016237767391887217, 0.028013567611988671, 0.048329302385717518, 0.083378222347178912, 0.14384498882876623, 0.24816289228368255, 0.42813323987193919, 0.73861998220793579, 1.2742749857031335, 2.1983926488622894, 3.7926901907322494, 6.5431891297129621, 11.288378916846883, 19.474830399087551, 33.59818286283781, 57.963939533849604, 100.0],
 measuredperiodlist 
[0.0032779161712217448, 0.0033908661249120371, 0.0042029326199079058, 0.024860841794704099, 0.018708007426953149, 0.1149036152779168, 0.014921977909447725, 0.024257950478199428, 0.011852876654313704, 0.016896600949298787, 0.89966856617814084, 0.87099858831648613, 2.1985394295771425, 3.7928075822425544, 1.1765617568057811, 12.87301497680895, 14.614782763118347, 33.554139933183976, 49.878480783640754, 12.859928897669372],
 siglist 
[0.5559000000000001, 0.08099999999999996, 0.9662, 0.0014999999999999458, 0.8417, 0.24439999999999995, 0.20399999999999996, 0.3599, 0.044399999999999995, 0.060699999999999976, 0.14339999999999997, 0.852, 0.5037, 0.9339999999999999, 0.20420000000000005, 0.0242, 0.13949999999999996, 0.4171, 0.879, 0.10829999999999995],
 powerlist 
[0.40343349570809528, 0.37903287643119277, 0.4548804568234634, 0.35124377666869283, 0.41432870405002059, 0.38386842136606791, 0.4077800245956435, 0.38253281663498268, 0.36849213725406949, 0.36296490936216563, 0.31368366011834786, 0.37640079645366054, 0.34156036407908474, 0.39130013496638977, 0.32757338474889997, 0.30010561570474198, 0.32860208462508717, 0.34557396463871043, 0.3698095981686973, 0.31315792829229644],
 listnumberlist 
[0, 0, 0, 0, 0, 0, 0, 0, 0, 0, 0, 0, 0, 0, 0, 0, 0, 0, 0, 0],
 end of file
