fullmaglist 
[19.94736842105263, 19.94736842105263, 19.94736842105263, 19.94736842105263, 19.94736842105263, 19.94736842105263, 19.94736842105263, 19.94736842105263, 19.94736842105263, 19.94736842105263, 19.94736842105263, 19.94736842105263, 19.94736842105263, 19.94736842105263, 19.94736842105263, 19.94736842105263, 19.94736842105263, 19.94736842105263, 19.94736842105263, 19.94736842105263],
 periodlist 
[0.0031622776601683798, 0.0054555947811685199, 0.0094120496726806703, 0.016237767391887217, 0.028013567611988671, 0.048329302385717518, 0.083378222347178912, 0.14384498882876623, 0.24816289228368255, 0.42813323987193919, 0.73861998220793579, 1.2742749857031335, 2.1983926488622894, 3.7926901907322494, 6.5431891297129621, 11.288378916846883, 19.474830399087551, 33.59818286283781, 57.963939533849604, 100.0],
 measuredperiodlist 
[0.0048939908053636395, 0.0029250775753989051, 0.0041121762230872721, 0.020013629718055658, 0.19779474322150126, 0.1650560032654973, 0.07830836345796964, 0.013981719029756211, 0.036256748530184991, 0.013557176097141981, 1.263952696912588, 1.2786995209766998, 1.378146870424678, 0.97596389072288126, 0.97599072996301706, 45.701875764717975, 20.594531272513017, 101.00704209084955, 12.922450810891116, 101.20471221247352],
 siglist 
[0.5282, 0.7222999999999999, 0.34730000000000005, 0.12250000000000005, 0.10170000000000001, 0.37429999999999997, 0.7236, 0.8588, 0.3872, 0.5791, 0.13529999999999998, 0.8613, 0.11699999999999999, 0.14780000000000004, 0.20320000000000005, 0.6517, 0.5357000000000001, 0.38970000000000005, 0.5772999999999999, 0.1049],
 powerlist 
[0.36483050123583866, 0.37631032851854052, 0.37318877435209835, 0.32936173545478176, 0.3407963849662094, 0.35898407942973554, 0.37846605475833467, 0.38407947397653736, 0.36232156771044693, 0.36887950729195201, 0.30188483790712745, 0.35646755024341176, 0.31107387867750058, 0.30525030136550252, 0.30170963870634515, 0.32423701690158824, 0.31418764583651687, 0.32893058941271397, 0.33426134427677373, 0.30154807672354561],
 listnumberlist 
[0, 0, 0, 0, 0, 0, 0, 0, 0, 0, 0, 0, 0, 0, 0, 0, 0, 0, 0, 0],
 end of file
