fullmaglist 
[18.842105263157894, 18.842105263157894, 18.842105263157894, 18.842105263157894, 18.842105263157894, 18.842105263157894, 18.842105263157894, 18.842105263157894, 18.842105263157894, 18.842105263157894, 18.842105263157894, 18.842105263157894, 18.842105263157894, 18.842105263157894, 18.842105263157894, 18.842105263157894, 18.842105263157894, 18.842105263157894, 18.842105263157894, 18.842105263157894],
 periodlist 
[0.0031622776601683798, 0.0054555947811685199, 0.0094120496726806703, 0.016237767391887217, 0.028013567611988671, 0.048329302385717518, 0.083378222347178912, 0.14384498882876623, 0.24816289228368255, 0.42813323987193919, 0.73861998220793579, 1.2742749857031335, 2.1983926488622894, 3.7926901907322494, 6.5431891297129621, 11.288378916846883, 19.474830399087551, 33.59818286283781, 57.963939533849604, 100.0],
 measuredperiodlist 
[0.0031622777126275752, 0.0054259116422750719, 0.0095017252784241283, 0.016237766676643377, 0.028013577481336639, 0.048329331622801661, 0.083378166656898622, 0.16809030029736272, 0.24816345264132961, 0.42813315954665521, 0.73863087536016381, 1.2742464584569906, 2.1983203984423212, 3.7927316291070605, 6.5430253008866046, 11.289170718695402, 19.474503003862075, 33.590829977850149, 57.988577939870993, 99.906538608414067],
 siglist 
[0.9041, 1.0, 1.0, 1.0, 1.0, 0.9996, 1.0, 1.0, 1.0, 1.0, 1.0, 1.0, 1.0, 1.0, 1.0, 1.0, 1.0, 1.0, 1.0, 1.0],
 powerlist 
[0.077643826137626548, 0.16651253408127792, 0.19637574356304971, 0.16021597812692523, 0.24176325660580783, 0.096287478175433705, 0.1782243970146534, 0.12338777408953647, 0.14822005583540487, 0.20688156736612254, 0.14588398547603665, 0.13732040711612339, 0.13588344803860758, 0.13512083466955524, 0.14644180404054485, 0.15846043917092167, 0.14270265697739593, 0.18210334140187873, 0.22037072720623502, 0.16905178062286758],
 listnumberlist 
[0, 0, 0, 0, 0, 0, 0, 0, 0, 0, 0, 0, 0, 0, 0, 0, 0, 0, 0, 0],
 end of file
