fullmaglist 
[18.842105263157894, 18.842105263157894, 18.842105263157894, 18.842105263157894, 18.842105263157894, 18.842105263157894, 18.842105263157894, 18.842105263157894, 18.842105263157894, 18.842105263157894, 18.842105263157894, 18.842105263157894, 18.842105263157894, 18.842105263157894, 18.842105263157894, 18.842105263157894, 18.842105263157894, 18.842105263157894, 18.842105263157894, 18.842105263157894],
 periodlist 
[0.0031622776601683798, 0.0054555947811685199, 0.0094120496726806703, 0.016237767391887217, 0.028013567611988671, 0.048329302385717518, 0.083378222347178912, 0.14384498882876623, 0.24816289228368255, 0.42813323987193919, 0.73861998220793579, 1.2742749857031335, 2.1983926488622894, 3.7926901907322494, 6.5431891297129621, 11.288378916846883, 19.474830399087551, 33.59818286283781, 57.963939533849604, 100.0],
 measuredperiodlist 
[0.0085223155211636929, 0.0046299314370994082, 0.010189480582389816, 0.054521570861308405, 0.02098250365020931, 0.054521575788263589, 0.011412483293611962, 0.010294668456971847, 0.044953898628194239, 0.021642956657847517, 2.8480966821204063, 1.2215578465723673, 0.80120932496726971, 1.653565647134202, 6.5429928292726753, 11.289196889883891, 110.67259459709364, 19.982467492373686, 57.983982167130883, 99.837049042382205],
 siglist 
[0.8962, 0.22240000000000004, 0.24919999999999998, 0.7097, 0.6973, 0.8113, 0.06430000000000002, 0.2389, 0.9726, 0.3728, 0.7534, 0.7405999999999999, 0.7261, 0.9057999999999999, 0.42569999999999997, 0.8572, 0.9609, 0.3901, 0.4858, 0.3748],
 powerlist 
[0.38639658603615323, 0.3579803852739657, 0.35811520936776592, 0.36891326715628936, 0.39548816261454567, 0.40804356183357254, 0.36260887517014373, 0.35188405436969955, 0.40463589975904907, 0.3518349098116525, 0.34848134202891001, 0.32619529431830996, 0.34215176543312492, 0.34057523447884425, 0.32200495881454727, 0.35730607620722049, 0.40303961285123557, 0.31020323099801256, 0.32895893854377817, 0.30649411877740335],
 listnumberlist 
[0, 0, 0, 0, 0, 0, 0, 0, 0, 0, 0, 0, 0, 0, 0, 0, 0, 0, 0, 0],
 end of file
