fullmaglist 
[18.105263157894736, 18.105263157894736, 18.105263157894736, 18.105263157894736, 18.105263157894736, 18.105263157894736, 18.105263157894736, 18.105263157894736, 18.105263157894736, 18.105263157894736, 18.105263157894736, 18.105263157894736, 18.105263157894736, 18.105263157894736, 18.105263157894736, 18.105263157894736, 18.105263157894736, 18.105263157894736, 18.105263157894736, 18.105263157894736],
 periodlist 
[0.0031622776601683798, 0.0054555947811685199, 0.0094120496726806703, 0.016237767391887217, 0.028013567611988671, 0.048329302385717518, 0.083378222347178912, 0.14384498882876623, 0.24816289228368255, 0.42813323987193919, 0.73861998220793579, 1.2742749857031335, 2.1983926488622894, 3.7926901907322494, 6.5431891297129621, 11.288378916846883, 19.474830399087551, 33.59818286283781, 57.963939533849604, 100.0],
 measuredperiodlist 
[0.0067868085886539867, 0.002973542746320243, 0.0056544248859628932, 0.035986230883403338, 0.058336171179880547, 0.058336233258908465, 0.012803964006525928, 0.21830990886719068, 0.010469888847316255, 0.010920004924868533, 0.99726590237444379, 0.99722632090961072, 0.99726590237444379, 0.99726590237444379, 0.99726590237444379, 18.49368268483725, 18.498977902658559, 33.643375167926727, 23.889535905300139, 32.923320981945949],
 siglist 
[0.6309, 0.2511, 0.02629999999999999, 0.7765, 0.9772, 0.929, 0.9742999999999999, 0.09389999999999998, 0.9763, 0.8205, 0.9598, 0.0756, 0.3778, 0.14129999999999998, 0.8979, 0.1895, 0.8652, 0.6971, 0.8944, 0.4084],
 powerlist 
[0.34370659704354761, 0.34191318141829774, 0.30948327584802049, 0.33297744454445505, 0.36998175262317395, 0.38574579585220053, 0.37921011385432973, 0.31036262321596558, 0.37984406196051518, 0.35475686304772602, 0.33309910155012767, 0.27582206221230704, 0.28942315725426726, 0.27685923894553516, 0.32683284666146695, 0.2807246270888985, 0.32479360181334749, 0.31094470565108723, 0.31751989915454737, 0.28018816051354495],
 listnumberlist 
[0, 0, 0, 0, 0, 0, 0, 0, 0, 0, 0, 0, 0, 0, 0, 0, 0, 0, 0, 0],
 end of file
