fullmaglist 
[22.894736842105264, 22.894736842105264, 22.894736842105264, 22.894736842105264, 22.894736842105264, 22.894736842105264, 22.894736842105264, 22.894736842105264, 22.894736842105264, 22.894736842105264, 22.894736842105264, 22.894736842105264, 22.894736842105264, 22.894736842105264, 22.894736842105264, 22.894736842105264, 22.894736842105264, 22.894736842105264, 22.894736842105264, 22.894736842105264],
 periodlist 
[0.0031622776601683798, 0.0054555947811685199, 0.0094120496726806703, 0.016237767391887217, 0.028013567611988671, 0.048329302385717518, 0.083378222347178912, 0.14384498882876623, 0.24816289228368255, 0.42813323987193919, 0.73861998220793579, 1.2742749857031335, 2.1983926488622894, 3.7926901907322494, 6.5431891297129621, 11.288378916846883, 19.474830399087551, 33.59818286283781, 57.963939533849604, 100.0],
 measuredperiodlist 
[0.0055811517869566504, 0.0036964663999250603, 0.0030973627157706942, 0.024675159000932811, 0.11028170610433567, 0.012827960543575049, 0.061703183148233053, 0.012942837914004255, 0.076534485358834767, 0.056096422211837402, 1.8632929858044769, 0.55138847865065521, 0.85769416823425904, 5.8688917363793651, 0.56710367622754387, 43.184180087737481, 69.686337862933001, 30.504522689264974, 30.531279428065204, 103.13071010105345],
 siglist 
[0.7105, 0.5825, 0.0383, 0.4003, 0.14259999999999995, 0.2005, 0.9615, 0.397, 0.6875, 0.7118, 0.4071, 0.19840000000000002, 0.40280000000000005, 0.13859999999999995, 0.6698, 0.3248, 0.6525000000000001, 0.42400000000000004, 0.6262, 0.0049000000000000155],
 powerlist 
[0.45616387878432385, 0.41002601758252299, 0.36792507910864608, 0.3799952572434202, 0.39338107545563639, 0.37770718738451897, 0.46680279305387629, 0.37932874582196063, 0.39400758733904512, 0.39955149012297553, 0.33296062738452431, 0.36903664134647779, 0.36988000705861623, 0.32211552076660221, 0.41936164902083645, 0.33796453255391301, 0.33900181855184974, 0.35103628174337836, 0.37488477205929815, 0.30104071153312206],
 listnumberlist 
[0, 0, 0, 0, 0, 0, 0, 0, 0, 0, 0, 0, 0, 0, 0, 0, 0, 0, 0, 0],
 end of file
