fullmaglist 
[17.736842105263158, 17.736842105263158, 17.736842105263158, 17.736842105263158, 17.736842105263158, 17.736842105263158, 17.736842105263158, 17.736842105263158, 17.736842105263158, 17.736842105263158, 17.736842105263158, 17.736842105263158, 17.736842105263158, 17.736842105263158, 17.736842105263158, 17.736842105263158, 17.736842105263158, 17.736842105263158, 17.736842105263158, 17.736842105263158],
 periodlist 
[0.0031622776601683798, 0.0054555947811685199, 0.0094120496726806703, 0.016237767391887217, 0.028013567611988671, 0.048329302385717518, 0.083378222347178912, 0.14384498882876623, 0.24816289228368255, 0.42813323987193919, 0.73861998220793579, 1.2742749857031335, 2.1983926488622894, 3.7926901907322494, 6.5431891297129621, 11.288378916846883, 19.474830399087551, 33.59818286283781, 57.963939533849604, 100.0],
 measuredperiodlist 
[0.0031622774998380124, 0.005455595155874275, 0.0094120494459294102, 0.016237766525007771, 0.028013568454915004, 0.048329324906346269, 0.083378190645485795, 0.14384526901163205, 0.24816348805935295, 0.4281365328837673, 0.73860922625805081, 1.2743249027771872, 2.1983593088977944, 3.7926737203493683, 6.5431484082378315, 11.287192108083916, 19.478211629505527, 33.594723939536721, 57.942201510865118, 100.05025315378697],
 siglist 
[0.42490000000000006, 1.0, 1.0, 1.0, 1.0, 0.9986, 1.0, 1.0, 1.0, 1.0, 1.0, 1.0, 1.0, 1.0, 1.0, 1.0, 1.0, 1.0, 1.0, 1.0],
 powerlist 
[0.071823914498754429, 0.19553816526476536, 0.19543147479331313, 0.1758691195504585, 0.2021450899328468, 0.090190641645102168, 0.17628549367577639, 0.14675387580204433, 0.14666976204563756, 0.19063100034389768, 0.11637399701662821, 0.23412190308163097, 0.11140901986506759, 0.17730465291709019, 0.14690986802567602, 0.1480951981844871, 0.17920603946973609, 0.19980319274035827, 0.21125076823920438, 0.2420549103180811],
 listnumberlist 
[0, 0, 0, 0, 0, 0, 0, 0, 0, 0, 0, 0, 0, 0, 0, 0, 0, 0, 0, 0],
 end of file
