fullmaglist 
[18.473684210526315, 18.473684210526315, 18.473684210526315, 18.473684210526315, 18.473684210526315, 18.473684210526315, 18.473684210526315, 18.473684210526315, 18.473684210526315, 18.473684210526315, 18.473684210526315, 18.473684210526315, 18.473684210526315, 18.473684210526315, 18.473684210526315, 18.473684210526315, 18.473684210526315, 18.473684210526315, 18.473684210526315, 18.473684210526315],
 periodlist 
[0.0031622776601683798, 0.0054555947811685199, 0.0094120496726806703, 0.016237767391887217, 0.028013567611988671, 0.048329302385717518, 0.083378222347178912, 0.14384498882876623, 0.24816289228368255, 0.42813323987193919, 0.73861998220793579, 1.2742749857031335, 2.1983926488622894, 3.7926901907322494, 6.5431891297129621, 11.288378916846883, 19.474830399087551, 33.59818286283781, 57.963939533849604, 100.0],
 measuredperiodlist 
[0.0096769063631722413, 0.0039324114356944859, 0.0049874153566194668, 0.011832970440045684, 0.053683167072852006, 0.015391113957903817, 0.01474827369409026, 0.01538187571971036, 0.33037411677751854, 0.20379144551234843, 0.73863451380529932, 1.6274970014883472, 2.1984434688891401, 3.8330448889868061, 2.575771785051804, 11.280683462650355, 19.481344240541834, 33.573557966241076, 68.68932935097547, 103.50224440835318],
 siglist 
[0.1473, 0.25570000000000004, 0.6811, 0.5813999999999999, 0.6227, 0.042300000000000004, 0.601, 0.6961999999999999, 0.37260000000000004, 0.7149, 0.25849999999999995, 0.6775, 0.982, 0.9564, 0.9359999999999999, 0.8397, 0.9835, 0.8432999999999999, 0.5840000000000001, 0.5974999999999999],
 powerlist 
[0.35990670785114254, 0.35097890156030959, 0.37607207347291105, 0.35439887557781141, 0.36075688160161795, 0.3256912872247032, 0.35379436076793136, 0.35776260633916135, 0.34542001909655728, 0.36661456329734254, 0.29904367646294061, 0.32240886836544563, 0.36435256045530012, 0.37213296984474631, 0.35035286721818631, 0.3412524698679526, 0.37420253897969263, 0.32758701264162926, 0.31963483342714027, 0.31849817589442353],
 listnumberlist 
[0, 0, 0, 0, 0, 0, 0, 0, 0, 0, 0, 0, 0, 0, 0, 0, 0, 0, 0, 0],
 end of file
