fullmaglist 
[21.05263157894737, 21.05263157894737, 21.05263157894737, 21.05263157894737, 21.05263157894737, 21.05263157894737, 21.05263157894737, 21.05263157894737, 21.05263157894737, 21.05263157894737, 21.05263157894737, 21.05263157894737, 21.05263157894737, 21.05263157894737, 21.05263157894737, 21.05263157894737, 21.05263157894737, 21.05263157894737, 21.05263157894737, 21.05263157894737],
 periodlist 
[0.0031622776601683798, 0.0054555947811685199, 0.0094120496726806703, 0.016237767391887217, 0.028013567611988671, 0.048329302385717518, 0.083378222347178912, 0.14384498882876623, 0.24816289228368255, 0.42813323987193919, 0.73861998220793579, 1.2742749857031335, 2.1983926488622894, 3.7926901907322494, 6.5431891297129621, 11.288378916846883, 19.474830399087551, 33.59818286283781, 57.963939533849604, 100.0],
 measuredperiodlist 
[0.0066442190567105631, 0.0070074361102421051, 0.003082792878975811, 0.013744748147752313, 0.028013585578875566, 0.010842506412608246, 0.083378371154100253, 0.012970288373364879, 0.24816303285244265, 0.011505599000847079, 0.99726590237444379, 0.99726590237444379, 0.99726590237444379, 0.99726590237444379, 0.99726590237444379, 11.280853198055905, 14.640922893803591, 14.402321238317166, 14.641633884487035, 12.428937088959387],
 siglist 
[0.9457, 0.37939999999999996, 0.9385, 0.033399999999999985, 0.9361, 0.8286, 0.3741, 0.5032, 0.7698, 0.7612, 0.5074000000000001, 0.9968, 0.7213, 0.07010000000000005, 0.9224, 0.9545, 0.10170000000000001, 0.8629, 0.5019, 0.011199999999999988],
 powerlist 
[0.39875145841870629, 0.36946401072312651, 0.39671293665206953, 0.33609674732890993, 0.39839066364539882, 0.38505626345721367, 0.36076254538694252, 0.35981451413994975, 0.39653979841297082, 0.37716244993441733, 0.31554153598971307, 0.39671070981063378, 0.32938667808003663, 0.29017222220536876, 0.36143138735226948, 0.37791745342192756, 0.30634871155070625, 0.35402194417963689, 0.30989269770379302, 0.28252979848834631],
 listnumberlist 
[0, 0, 0, 0, 0, 0, 0, 0, 0, 0, 0, 0, 0, 0, 0, 0, 0, 0, 0, 0],
 end of file
