fullmaglist 
[21.421052631578945, 21.421052631578945, 21.421052631578945, 21.421052631578945, 21.421052631578945, 21.421052631578945, 21.421052631578945, 21.421052631578945, 21.421052631578945, 21.421052631578945, 21.421052631578945, 21.421052631578945, 21.421052631578945, 21.421052631578945, 21.421052631578945, 21.421052631578945, 21.421052631578945, 21.421052631578945, 21.421052631578945, 21.421052631578945],
 periodlist 
[0.0031622776601683798, 0.0054555947811685199, 0.0094120496726806703, 0.016237767391887217, 0.028013567611988671, 0.048329302385717518, 0.083378222347178912, 0.14384498882876623, 0.24816289228368255, 0.42813323987193919, 0.73861998220793579, 1.2742749857031335, 2.1983926488622894, 3.7926901907322494, 6.5431891297129621, 11.288378916846883, 19.474830399087551, 33.59818286283781, 57.963939533849604, 100.0],
 measuredperiodlist 
[0.0049858944536809325, 0.0041648227995201743, 0.0062632736795297005, 0.021306061750223055, 0.049643322544184638, 0.021708332232544678, 0.018669627107635939, 0.013921452726795003, 0.012302519002067391, 0.019870366417787631, 1.0110297626078117, 2.7735383102413458, 2.7732514246677491, 3.7924360023872663, 0.62791744870431054, 13.445659348489698, 19.484551402558019, 33.5977515197442, 10.246739537534301, 12.168958950892847],
 siglist 
[0.42869999999999997, 0.6774, 0.758, 0.8786, 0.6724, 0.984, 0.4466, 0.8935, 0.40180000000000005, 0.6368, 0.20630000000000004, 0.2904, 0.959, 0.9647, 0.5985, 0.27180000000000004, 0.19269999999999998, 0.9859, 0.46530000000000005, 0.5947],
 powerlist 
[0.3750733567216375, 0.37044944869243623, 0.37595087225487994, 0.3743454510319415, 0.35896311159373373, 0.39626625729984416, 0.35236754289131311, 0.36825524310674046, 0.34664202469443012, 0.38459898142460291, 0.29648553532503019, 0.30395612634343488, 0.35178052247698571, 0.35923197381131861, 0.3174724737192251, 0.29585336689556058, 0.30709318694367665, 0.36742391235879052, 0.32414270383765481, 0.32781990940830069],
 listnumberlist 
[0, 0, 0, 0, 0, 0, 0, 0, 0, 0, 0, 0, 0, 0, 0, 0, 0, 0, 0, 0],
 end of file
