fullmaglist 
[22.894736842105264, 22.894736842105264, 22.894736842105264, 22.894736842105264, 22.894736842105264, 22.894736842105264, 22.894736842105264, 22.894736842105264, 22.894736842105264, 22.894736842105264, 22.894736842105264, 22.894736842105264, 22.894736842105264, 22.894736842105264, 22.894736842105264, 22.894736842105264, 22.894736842105264, 22.894736842105264, 22.894736842105264, 22.894736842105264],
 periodlist 
[0.0031622776601683798, 0.0054555947811685199, 0.0094120496726806703, 0.016237767391887217, 0.028013567611988671, 0.048329302385717518, 0.083378222347178912, 0.14384498882876623, 0.24816289228368255, 0.42813323987193919, 0.73861998220793579, 1.2742749857031335, 2.1983926488622894, 3.7926901907322494, 6.5431891297129621, 11.288378916846883, 19.474830399087551, 33.59818286283781, 57.963939533849604, 100.0],
 measuredperiodlist 
[0.0042135650256782597, 0.0036703630893778418, 0.0036999716812232508, 0.068942010699545739, 0.25440769841081395, 0.12225458991491775, 0.010085894668118198, 0.010246020337372923, 0.03293084529852866, 0.02327606123205124, 0.73865171260634088, 0.53480122136233188, 2.0729184689190085, 3.7939465027437684, 6.5424264921753377, 11.28265522861485, 18.493824546533386, 33.51782047700474, 19.798646737982409, 54.537715311665508],
 siglist 
[0.9731, 0.46519999999999995, 0.17789999999999995, 0.8349, 0.1473, 0.3066, 0.8717, 0.7739, 0.38749999999999996, 0.3519, 0.48819999999999997, 0.11019999999999996, 0.9245, 0.1825, 0.5438000000000001, 0.09440000000000004, 0.8686, 0.49260000000000004, 0.5052, 0.988],
 powerlist 
[0.40080909768444883, 0.36572564344677005, 0.36849730832250943, 0.36312024018377709, 0.32847896091959194, 0.34453486971992686, 0.36266079862683986, 0.37115042786609109, 0.34247898487056938, 0.35445284127365628, 0.3010146195720147, 0.28927253751978649, 0.34279516434189716, 0.28579945471076729, 0.31744758324053751, 0.28034733983944887, 0.35735797650739515, 0.3154928851535167, 0.30930946310652557, 0.35886417147875638],
 listnumberlist 
[0, 0, 0, 0, 0, 0, 0, 0, 0, 0, 0, 0, 0, 0, 0, 0, 0, 0, 0, 0],
 end of file
