fullmaglist 
[18.473684210526315, 18.473684210526315, 18.473684210526315, 18.473684210526315, 18.473684210526315, 18.473684210526315, 18.473684210526315, 18.473684210526315, 18.473684210526315, 18.473684210526315, 18.473684210526315, 18.473684210526315, 18.473684210526315, 18.473684210526315, 18.473684210526315, 18.473684210526315, 18.473684210526315, 18.473684210526315, 18.473684210526315, 18.473684210526315],
 periodlist 
[0.0031622776601683798, 0.0054555947811685199, 0.0094120496726806703, 0.016237767391887217, 0.028013567611988671, 0.048329302385717518, 0.083378222347178912, 0.14384498882876623, 0.24816289228368255, 0.42813323987193919, 0.73861998220793579, 1.2742749857031335, 2.1983926488622894, 3.7926901907322494, 6.5431891297129621, 11.288378916846883, 19.474830399087551, 33.59818286283781, 57.963939533849604, 100.0],
 measuredperiodlist 
[0.0036429126634320353, 0.011176215446852333, 0.0063688533971500896, 0.021760790686138728, 0.017598823866761124, 0.088114570260086733, 0.018017268394114317, 0.011780365954402617, 0.18991310713913909, 0.14779507663930938, 0.99722632090961072, 1.2741808319126815, 0.99725710622183272, 0.99725710622183272, 0.99722632090961072, 11.284864337950014, 16.954704883379648, 33.532992775344297, 13.393193742948839, 100.01421457437121],
 siglist 
[0.6255999999999999, 0.8976, 0.5603, 0.794, 0.8656, 0.11450000000000005, 0.04730000000000001, 0.9572, 0.0806, 0.6162000000000001, 0.11509999999999998, 0.006900000000000017, 0.9262, 0.23470000000000002, 0.4688, 0.1533, 0.007399999999999962, 0.21999999999999997, 0.79, 0.6808000000000001],
 powerlist 
[0.36622341796331231, 0.37680975013544171, 0.35405449503947972, 0.34770372194380783, 0.36061045670039743, 0.31843381648607416, 0.31725679808856982, 0.41831588977630074, 0.32184336968433469, 0.35938886615472404, 0.27848182601366911, 0.2716438669281403, 0.33392395520986823, 0.29736420429063659, 0.30249801709948254, 0.29955930722133206, 0.26800933015664269, 0.29502350072035793, 0.33215227902801076, 0.3122943408960438],
 listnumberlist 
[0, 0, 0, 0, 0, 0, 0, 0, 0, 0, 0, 0, 0, 0, 0, 0, 0, 0, 0, 0],
 end of file
