fullmaglist 
[19.57894736842105, 19.57894736842105, 19.57894736842105, 19.57894736842105, 19.57894736842105, 19.57894736842105, 19.57894736842105, 19.57894736842105, 19.57894736842105, 19.57894736842105, 19.57894736842105, 19.57894736842105, 19.57894736842105, 19.57894736842105, 19.57894736842105, 19.57894736842105, 19.57894736842105, 19.57894736842105, 19.57894736842105, 19.57894736842105],
 periodlist 
[0.0031622776601683798, 0.0054555947811685199, 0.0094120496726806703, 0.016237767391887217, 0.028013567611988671, 0.048329302385717518, 0.083378222347178912, 0.14384498882876623, 0.24816289228368255, 0.42813323987193919, 0.73861998220793579, 1.2742749857031335, 2.1983926488622894, 3.7926901907322494, 6.5431891297129621, 11.288378916846883, 19.474830399087551, 33.59818286283781, 57.963939533849604, 100.0],
 measuredperiodlist 
[0.0076793311409757573, 0.0045586671778146941, 0.0043172507740702869, 0.074748936794345092, 0.028823182902761389, 0.012143634655991898, 0.058061836782493402, 0.010841319199180955, 0.018063087593090416, 0.038884077993134147, 0.99725710622183272, 0.99726590237444379, 1.8252550460950627, 0.78963492390450063, 2.3085033194052502, 13.221502082365841, 19.47123852788291, 33.544185007970022, 16.51165080242848, 99.508083988148528],
 siglist 
[0.7642, 0.8115, 0.621, 0.7069, 0.9987, 0.6391, 0.7006, 0.4675, 0.8946000000000001, 0.05179999999999996, 0.3186, 0.9764, 0.036699999999999955, 0.9839, 0.5423, 0.19420000000000004, 0.487, 0.9519, 0.3133, 0.5095000000000001],
 powerlist 
[0.38362776816595806, 0.38395306940836865, 0.37664683990945147, 0.37020193986391992, 0.45754877639122554, 0.36834060683064768, 0.36950499937557835, 0.38407101530630705, 0.38553289771223948, 0.34523406294461501, 0.30526523491629998, 0.3980092032941156, 0.3005040932339576, 0.37461758853611565, 0.31967675082756819, 0.30858536158483829, 0.33416982139769219, 0.37209596624271007, 0.31133617579850503, 0.31196886527274909],
 listnumberlist 
[0, 0, 0, 0, 0, 0, 0, 0, 0, 0, 0, 0, 0, 0, 0, 0, 0, 0, 0, 0],
 end of file
