fullmaglist 
[17.36842105263158, 17.36842105263158, 17.36842105263158, 17.36842105263158, 17.36842105263158, 17.36842105263158, 17.36842105263158, 17.36842105263158, 17.36842105263158, 17.36842105263158, 17.36842105263158, 17.36842105263158, 17.36842105263158, 17.36842105263158, 17.36842105263158, 17.36842105263158, 17.36842105263158, 17.36842105263158, 17.36842105263158, 17.36842105263158],
 periodlist 
[0.0031622776601683798, 0.0054555947811685199, 0.0094120496726806703, 0.016237767391887217, 0.028013567611988671, 0.048329302385717518, 0.083378222347178912, 0.14384498882876623, 0.24816289228368255, 0.42813323987193919, 0.73861998220793579, 1.2742749857031335, 2.1983926488622894, 3.7926901907322494, 6.5431891297129621, 11.288378916846883, 19.474830399087551, 33.59818286283781, 57.963939533849604, 100.0],
 measuredperiodlist 
[0.003345368794789234, 0.0033000041028635871, 0.0094120457468838663, 0.035907389249223626, 0.028013547858761891, 0.046227639676488484, 0.01966682359539235, 0.020438464272735154, 0.01371783431214958, 0.048474575437779104, 0.73862879999662656, 1.2742186347516911, 1.4925002787916635, 3.7921896446147114, 1.1803847954149644, 11.2873684179358, 33.295194256164073, 33.599986272005886, 57.833648602035709, 99.935798866087552],
 siglist 
[0.9885, 0.023499999999999965, 0.9221, 0.4847, 0.9994, 0.1906, 0.9925, 0.11839999999999995, 0.8901, 0.14470000000000005, 0.9097, 0.9903, 0.44530000000000003, 0.9271, 0.3032, 0.42490000000000006, 0.3659, 0.9925, 0.1725, 1.0],
 powerlist 
[0.38636874535493432, 0.30215555073638284, 0.3540948157648468, 0.32059104365767205, 0.40635644030530738, 0.30814682178495495, 0.37660070450305178, 0.2937256889183455, 0.33346357730255044, 0.30799369749257266, 0.31401844895101116, 0.34365971722178779, 0.27971368160970078, 0.33005859028999973, 0.27464892417216624, 0.281742107864837, 0.26747120823646475, 0.35150924333108496, 0.26563898963257759, 0.49168951546334577],
 listnumberlist 
[0, 0, 0, 0, 0, 0, 0, 0, 0, 0, 0, 0, 0, 0, 0, 0, 0, 0, 0, 0],
 end of file
