fullmaglist 
[24.0, 24.0, 24.0, 24.0, 24.0, 24.0, 24.0, 24.0, 24.0, 24.0, 24.0, 24.0, 24.0, 24.0, 24.0, 24.0, 24.0, 24.0, 24.0, 24.0],
 periodlist 
[0.0031622776601683798, 0.0054555947811685199, 0.0094120496726806703, 0.016237767391887217, 0.028013567611988671, 0.048329302385717518, 0.083378222347178912, 0.14384498882876623, 0.24816289228368255, 0.42813323987193919, 0.73861998220793579, 1.2742749857031335, 2.1983926488622894, 3.7926901907322494, 6.5431891297129621, 11.288378916846883, 19.474830399087551, 33.59818286283781, 57.963939533849604, 100.0],
 measuredperiodlist 
[0.0031723371963068518, 0.0054856042217958732, 0.009412046570309281, 0.015481540021375449, 0.027248165757051628, 0.013105944090245273, 0.083378114802446515, 0.2298625392282494, 0.14208925834502856, 0.42813192038570536, 2.8479911978159191, 0.55945072473794411, 0.68604642140468042, 0.78962112931766848, 0.72546275595579468, 11.286903964760434, 19.480952964108667, 33.544030853003321, 58.044541495445827, 100.10661501401677],
 siglist 
[0.5298, 0.9999, 0.8442000000000001, 0.9748, 1.0, 0.8025, 0.9999, 0.09650000000000003, 0.6997, 0.7573, 0.9101, 0.5009, 0.8263, 0.9105, 0.29469999999999996, 0.9467, 0.9998, 0.8841, 0.9787, 0.9697],
 powerlist 
[0.097473648829610002, 0.14841000659158177, 0.10485397437810878, 0.11346051521986414, 0.16497926501831572, 0.10316036960816508, 0.13947352541706071, 0.08450577125853348, 0.10053150260711868, 0.10006880821885374, 0.090528403159978871, 0.077119280686298072, 0.086929724757459997, 0.094467251660195511, 0.073898132511452788, 0.092448057724572624, 0.12143667863124327, 0.087870122366271175, 0.09821403111034599, 0.10216942444563133],
 listnumberlist 
[0, 0, 0, 0, 0, 0, 0, 0, 0, 0, 0, 0, 0, 0, 0, 0, 0, 0, 0, 0],
 end of file
