fullmaglist 
[22.157894736842106, 22.157894736842106, 22.157894736842106, 22.157894736842106, 22.157894736842106, 22.157894736842106, 22.157894736842106, 22.157894736842106, 22.157894736842106, 22.157894736842106, 22.157894736842106, 22.157894736842106, 22.157894736842106, 22.157894736842106, 22.157894736842106, 22.157894736842106, 22.157894736842106, 22.157894736842106, 22.157894736842106, 22.157894736842106],
 periodlist 
[0.0031622776601683798, 0.0054555947811685199, 0.0094120496726806703, 0.016237767391887217, 0.028013567611988671, 0.048329302385717518, 0.083378222347178912, 0.14384498882876623, 0.24816289228368255, 0.42813323987193919, 0.73861998220793579, 1.2742749857031335, 2.1983926488622894, 3.7926901907322494, 6.5431891297129621, 11.288378916846883, 19.474830399087551, 33.59818286283781, 57.963939533849604, 100.0],
 measuredperiodlist 
[0.0055387662510891214, 0.0032632045138772945, 0.0075768437950690416, 0.015977634216715102, 0.015443101962027864, 0.010974846115237705, 0.010855379642696349, 0.034684491393158864, 0.015936666325931336, 0.032814027738877032, 0.73864238780800895, 2.0119564667742282, 1.8253793209385154, 0.56306554448204948, 6.5401366889043668, 11.291673554646842, 19.487326385281317, 33.606288275774794, 58.001590316737854, 21.957518114225106],
 siglist 
[0.9644, 0.35819999999999996, 0.7465999999999999, 0.04039999999999999, 0.8203, 0.5187999999999999, 0.49829999999999997, 0.20209999999999995, 0.3952, 0.6006, 0.6415, 0.949, 0.6073, 0.6936, 0.09050000000000002, 0.7919, 0.5305, 0.9984, 0.6910000000000001, 0.872],
 powerlist 
[0.44922226129073722, 0.38580251666528592, 0.40123606855223831, 0.34124957021185764, 0.38876325025306058, 0.3935140104480917, 0.37434432716420374, 0.35506401587795744, 0.37930286208040742, 0.38859914870105566, 0.35217286208092946, 0.37664175846815684, 0.34374579824891743, 0.34193926745747955, 0.29984073194163602, 0.34865472654315827, 0.33777521221823087, 0.44319786529552918, 0.33702824754361793, 0.36127082584826187],
 listnumberlist 
[0, 0, 0, 0, 0, 0, 0, 0, 0, 0, 0, 0, 0, 0, 0, 0, 0, 0, 0, 0],
 end of file
