fullmaglist 
[19.94736842105263, 19.94736842105263, 19.94736842105263, 19.94736842105263, 19.94736842105263, 19.94736842105263, 19.94736842105263, 19.94736842105263, 19.94736842105263, 19.94736842105263, 19.94736842105263, 19.94736842105263, 19.94736842105263, 19.94736842105263, 19.94736842105263, 19.94736842105263, 19.94736842105263, 19.94736842105263, 19.94736842105263, 19.94736842105263],
 periodlist 
[0.0031622776601683798, 0.0054555947811685199, 0.0094120496726806703, 0.016237767391887217, 0.028013567611988671, 0.048329302385717518, 0.083378222347178912, 0.14384498882876623, 0.24816289228368255, 0.42813323987193919, 0.73861998220793579, 1.2742749857031335, 2.1983926488622894, 3.7926901907322494, 6.5431891297129621, 11.288378916846883, 19.474830399087551, 33.59818286283781, 57.963939533849604, 100.0],
 measuredperiodlist 
[0.0039972294317258258, 0.0032128046542440332, 0.0045750072440760223, 0.010644369093175243, 0.026240047684044455, 0.023050023925698767, 0.011425613313331532, 0.037645007846164966, 0.010360296420168813, 0.097964820346336273, 2.8474952036266044, 0.60649142257864319, 2.5400049274665326, 4.964604493690457, 0.62187336211327149, 11.487082905854701, 17.675117992789733, 11.486493343341417, 11.490424903593565, 100.22950385842648],
 siglist 
[0.8044, 0.8502000000000001, 0.7878000000000001, 0.05720000000000003, 0.10429999999999995, 0.48350000000000004, 0.17610000000000003, 0.35740000000000005, 0.1049, 0.2774, 0.8982, 0.969, 0.6157, 0.9045, 0.6890000000000001, 0.7466999999999999, 0.626, 0.16100000000000003, 0.2096, 0.6881999999999999],
 powerlist 
[0.53616777356199474, 0.53863066153007999, 0.51413046937169238, 0.44330981850145723, 0.45974983060567243, 0.48077375511462817, 0.46856081840946373, 0.48311219667663985, 0.44324347018331223, 0.47806954716599859, 0.47230940648917596, 0.49677344594978179, 0.41832044452812533, 0.45682644811087569, 0.43199877404384257, 0.4467118117783333, 0.42908034954318769, 0.39800052903501365, 0.38798956851759026, 0.45886978769017506],
 listnumberlist 
[0, 0, 0, 0, 0, 0, 0, 0, 0, 0, 0, 0, 0, 0, 0, 0, 0, 0, 0, 0],
 end of file
