fullmaglist 
[17.36842105263158, 17.36842105263158, 17.36842105263158, 17.36842105263158, 17.36842105263158, 17.36842105263158, 17.36842105263158, 17.36842105263158, 17.36842105263158, 17.36842105263158, 17.36842105263158, 17.36842105263158, 17.36842105263158, 17.36842105263158, 17.36842105263158, 17.36842105263158, 17.36842105263158, 17.36842105263158, 17.36842105263158, 17.36842105263158],
 periodlist 
[0.0031622776601683798, 0.0054555947811685199, 0.0094120496726806703, 0.016237767391887217, 0.028013567611988671, 0.048329302385717518, 0.083378222347178912, 0.14384498882876623, 0.24816289228368255, 0.42813323987193919, 0.73861998220793579, 1.2742749857031335, 2.1983926488622894, 3.7926901907322494, 6.5431891297129621, 11.288378916846883, 19.474830399087551, 33.59818286283781, 57.963939533849604, 100.0],
 measuredperiodlist 
[0.0034396072391146702, 0.0029102593832898032, 0.0055519590086112848, 0.017211408953577916, 0.062731917728334127, 0.014866219280007833, 0.094795226310171968, 0.020491113681716109, 0.025676814756832048, 0.042458170802819932, 0.89171941014261857, 5.7031272080638598, 0.79629462956355168, 1.389854211215265, 0.89171721356794342, 11.290605305612228, 19.482392700419133, 33.597862887932621, 49.854694736244539, 33.243659291900215],
 siglist 
[0.03610000000000002, 0.19840000000000002, 0.4292, 0.9789, 0.12480000000000002, 0.7451, 0.3709, 0.3851, 0.6196999999999999, 0.5373, 0.9872, 0.5649, 0.35650000000000004, 0.6419, 0.08199999999999996, 0.9968, 0.4466, 0.41869999999999996, 0.20289999999999997, 0.7524],
 powerlist 
[0.37195468392486003, 0.39347225083096071, 0.42198441722641655, 0.40405804658558109, 0.36753645838028143, 0.40084896075383347, 0.35879943227666333, 0.35563265812580236, 0.36878939771847508, 0.39917378220743821, 0.39792857709654805, 0.36418902712354556, 0.31569221662969371, 0.36595465050468917, 0.29955435521349383, 0.41033812923383473, 0.34448126440584964, 0.35657651458271583, 0.32759258485876624, 0.35556522585402911],
 listnumberlist 
[0, 0, 0, 0, 0, 0, 0, 0, 0, 0, 0, 0, 0, 0, 0, 0, 0, 0, 0, 0],
 end of file
