fullmaglist 
[18.473684210526315, 18.473684210526315, 18.473684210526315, 18.473684210526315, 18.473684210526315, 18.473684210526315, 18.473684210526315, 18.473684210526315, 18.473684210526315, 18.473684210526315, 18.473684210526315, 18.473684210526315, 18.473684210526315, 18.473684210526315, 18.473684210526315, 18.473684210526315, 18.473684210526315, 18.473684210526315, 18.473684210526315, 18.473684210526315],
 periodlist 
[0.0031622776601683798, 0.0054555947811685199, 0.0094120496726806703, 0.016237767391887217, 0.028013567611988671, 0.048329302385717518, 0.083378222347178912, 0.14384498882876623, 0.24816289228368255, 0.42813323987193919, 0.73861998220793579, 1.2742749857031335, 2.1983926488622894, 3.7926901907322494, 6.5431891297129621, 11.288378916846883, 19.474830399087551, 33.59818286283781, 57.963939533849604, 100.0],
 measuredperiodlist 
[0.0031178281955955602, 0.0030276908231734274, 0.0094120488480564802, 0.061854629698497657, 0.047232774595545528, 0.024226866973557061, 0.01068263062978367, 0.039466608349310817, 0.02113966410905798, 0.016940572969571212, 0.54918155233755461, 1.3316460576573665, 0.70965832530423312, 1.850978738764443, 6.543262780500875, 11.287465377139121, 19.463538197475387, 33.602563973824161, 57.772622753856645, 99.602492293889824],
 siglist 
[0.15290000000000004, 0.7046, 0.15600000000000003, 0.8208, 0.7839, 0.25049999999999994, 0.22899999999999998, 0.3589, 0.8492, 0.3385, 0.29290000000000005, 0.3507, 0.9255, 0.7914, 0.49250000000000005, 0.005199999999999982, 0.3405, 0.9553, 0.4265, 0.4696],
 powerlist 
[0.30423245051345438, 0.34123210865798709, 0.30422288556412103, 0.31654286356596723, 0.32645891506882224, 0.29555709324593427, 0.2929754464517994, 0.30582011135178244, 0.34104037602084813, 0.29585339992904269, 0.2797212780065107, 0.26481146250208853, 0.30184309843736706, 0.29588545353580592, 0.26867144023540968, 0.24624620433361058, 0.27052215607678781, 0.31282940192353281, 0.26790710653970651, 0.27317954506195602],
 listnumberlist 
[0, 0, 0, 0, 0, 0, 0, 0, 0, 0, 0, 0, 0, 0, 0, 0, 0, 0, 0, 0],
 end of file
