fullmaglist 
[21.05263157894737, 21.05263157894737, 21.05263157894737, 21.05263157894737, 21.05263157894737, 21.05263157894737, 21.05263157894737, 21.05263157894737, 21.05263157894737, 21.05263157894737, 21.05263157894737, 21.05263157894737, 21.05263157894737, 21.05263157894737, 21.05263157894737, 21.05263157894737, 21.05263157894737, 21.05263157894737, 21.05263157894737, 21.05263157894737],
 periodlist 
[0.0031622776601683798, 0.0054555947811685199, 0.0094120496726806703, 0.016237767391887217, 0.028013567611988671, 0.048329302385717518, 0.083378222347178912, 0.14384498882876623, 0.24816289228368255, 0.42813323987193919, 0.73861998220793579, 1.2742749857031335, 2.1983926488622894, 3.7926901907322494, 6.5431891297129621, 11.288378916846883, 19.474830399087551, 33.59818286283781, 57.963939533849604, 100.0],
 measuredperiodlist 
[0.0031622777643872026, 0.0054259121671499455, 0.0094120489364613175, 0.016237770467534541, 0.028013563490385581, 0.050790662283114102, 0.083378282601864515, 0.1438448644194624, 0.24816299220794613, 0.42813284329902634, 0.73862648268609521, 1.2742567303779473, 2.1984565910630294, 3.7927068108515161, 6.5430253008866046, 11.285800168176989, 19.478429827943643, 33.593425852000387, 57.996314563307259, 100.20592998797895],
 siglist 
[0.14490000000000003, 1.0, 1.0, 1.0, 1.0, 1.0, 1.0, 1.0, 1.0, 1.0, 1.0, 1.0, 1.0, 1.0, 1.0, 1.0, 1.0, 1.0, 1.0, 1.0],
 powerlist 
[0.072404146343945389, 0.15544012471158739, 0.15505911865721062, 0.18537764061942372, 0.22023034236136999, 0.13430439842757086, 0.20855996194246232, 0.17682831861030721, 0.13675558392971129, 0.17741849898329881, 0.11767101409390256, 0.22556362072652347, 0.13005932459690339, 0.14388500678100244, 0.1417253137168171, 0.1540271950212688, 0.17001948025989591, 0.19770817836846502, 0.18821362782803508, 0.1650085139345332],
 listnumberlist 
[0, 0, 0, 0, 0, 0, 0, 0, 0, 0, 0, 0, 0, 0, 0, 0, 0, 0, 0, 0],
 end of file
