fullmaglist 
[23.63157894736842, 23.63157894736842, 23.63157894736842, 23.63157894736842, 23.63157894736842, 23.63157894736842, 23.63157894736842, 23.63157894736842, 23.63157894736842, 23.63157894736842, 23.63157894736842, 23.63157894736842, 23.63157894736842, 23.63157894736842, 23.63157894736842, 23.63157894736842, 23.63157894736842, 23.63157894736842, 23.63157894736842, 23.63157894736842],
 periodlist 
[0.0031622776601683798, 0.0054555947811685199, 0.0094120496726806703, 0.016237767391887217, 0.028013567611988671, 0.048329302385717518, 0.083378222347178912, 0.14384498882876623, 0.24816289228368255, 0.42813323987193919, 0.73861998220793579, 1.2742749857031335, 2.1983926488622894, 3.7926901907322494, 6.5431891297129621, 11.288378916846883, 19.474830399087551, 33.59818286283781, 57.963939533849604, 100.0],
 measuredperiodlist 
[0.0061246913578820884, 0.0029560976558890379, 0.009088022564282601, 0.11695010774791764, 0.025852207083428811, 0.02228001906791471, 0.019062598081613594, 0.011585792874919589, 0.013471806433891429, 0.02831500516326604, 0.85673337347914214, 3.3691319996704747, 1.3538094706110571, 1.1097437435212216, 0.98708808015249139, 61.822282329646029, 16.344006699325469, 21.679614402247459, 45.536030487750807, 12.383195226108565],
 siglist 
[0.4131, 0.4387, 0.3255, 0.21609999999999996, 0.08430000000000004, 0.6218, 0.23709999999999998, 0.005299999999999971, 0.006700000000000039, 0.729, 0.128, 0.32899999999999996, 0.6925, 0.08140000000000003, 0.5529, 0.8187, 0.5464, 0.6694, 0.31079999999999997, 0.6268],
 powerlist 
[0.4986595767312656, 0.53822813943690206, 0.50143131418274134, 0.51162078080704521, 0.47793178956886878, 0.50392940190043334, 0.47852886082993695, 0.43317733336455633, 0.44796689122279343, 0.51345034935393186, 0.41599431712851431, 0.41157219437723114, 0.41964703329153247, 0.40036034781885299, 0.43178495434313324, 0.46883028288724027, 0.4341469144964713, 0.43047562070118028, 0.42717086095120677, 0.43135220091269644],
 listnumberlist 
[0, 0, 0, 0, 0, 0, 0, 0, 0, 0, 0, 0, 0, 0, 0, 0, 0, 0, 0, 0],
 end of file
