fullmaglist 
[22.526315789473685, 22.526315789473685, 22.526315789473685, 22.526315789473685, 22.526315789473685, 22.526315789473685, 22.526315789473685, 22.526315789473685, 22.526315789473685, 22.526315789473685, 22.526315789473685, 22.526315789473685, 22.526315789473685, 22.526315789473685, 22.526315789473685, 22.526315789473685, 22.526315789473685, 22.526315789473685, 22.526315789473685, 22.526315789473685],
 periodlist 
[0.0031622776601683798, 0.0054555947811685199, 0.0094120496726806703, 0.016237767391887217, 0.028013567611988671, 0.048329302385717518, 0.083378222347178912, 0.14384498882876623, 0.24816289228368255, 0.42813323987193919, 0.73861998220793579, 1.2742749857031335, 2.1983926488622894, 3.7926901907322494, 6.5431891297129621, 11.288378916846883, 19.474830399087551, 33.59818286283781, 57.963939533849604, 100.0],
 measuredperiodlist 
[0.0078756086839334317, 0.0045534745016942825, 0.0094120462437698622, 0.010705394626620375, 0.020137526256851952, 0.010821558059201373, 0.083378031500807387, 0.12590718228791511, 0.025390535945444197, 0.37768806922618475, 0.73862501614571741, 1.2742656315539356, 2.1984414242596566, 2.1745157901545316, 0.73449005417858659, 11.286549646009989, 16.592742984849206, 33.549631324396508, 57.80615682843284, 78.243207058442778],
 siglist 
[0.8953, 0.6588, 0.39380000000000004, 0.5828, 0.38539999999999996, 0.4958, 0.7076, 0.5172, 0.20189999999999997, 0.6588, 0.2764, 0.8383, 0.6302, 0.21189999999999998, 0.7888, 0.9377, 0.4831, 0.9975, 0.6588, 0.5944],
 powerlist 
[0.38647174965053316, 0.36575152100595337, 0.35971621459409031, 0.35036694640484406, 0.33257378308914254, 0.3355257895978726, 0.35878404123957686, 0.33707059812432888, 0.33018658600214346, 0.34558028564522403, 0.28879057742464997, 0.3388660259106282, 0.31920542701792792, 0.29246232190034294, 0.32326229113304084, 0.34638462946219967, 0.29328651871429334, 0.38023582632855757, 0.31784035526736487, 0.30799362622714554],
 listnumberlist 
[0, 0, 0, 0, 0, 0, 0, 0, 0, 0, 0, 0, 0, 0, 0, 0, 0, 0, 0, 0],
 end of file
