fullmaglist 
[21.789473684210527, 21.789473684210527, 21.789473684210527, 21.789473684210527, 21.789473684210527, 21.789473684210527, 21.789473684210527, 21.789473684210527, 21.789473684210527, 21.789473684210527, 21.789473684210527, 21.789473684210527, 21.789473684210527, 21.789473684210527, 21.789473684210527, 21.789473684210527, 21.789473684210527, 21.789473684210527, 21.789473684210527, 21.789473684210527],
 periodlist 
[0.0031622776601683798, 0.0054555947811685199, 0.0094120496726806703, 0.016237767391887217, 0.028013567611988671, 0.048329302385717518, 0.083378222347178912, 0.14384498882876623, 0.24816289228368255, 0.42813323987193919, 0.73861998220793579, 1.2742749857031335, 2.1983926488622894, 3.7926901907322494, 6.5431891297129621, 11.288378916846883, 19.474830399087551, 33.59818286283781, 57.963939533849604, 100.0],
 measuredperiodlist 
[0.0034565306226406788, 0.0055669266234381586, 0.0040919010050971191, 0.012615825697857536, 0.014783410270666987, 0.064297500979093175, 0.090985032311292194, 0.020928292071892753, 0.052997067958933552, 0.015202731533782066, 4.8910506347941105, 0.99723205501697421, 0.75443802130127102, 0.54364933466612209, 0.99723205501697421, 10.455100296729707, 19.743788431443257, 10.455643849973525, 19.557122911480661, 10.457758205521451],
 siglist 
[0.07889999999999997, 0.08699999999999997, 0.3164, 0.3801, 0.041200000000000014, 0.6266, 0.5282, 0.27390000000000003, 0.47309999999999997, 0.10299999999999998, 0.2471, 0.2985, 0.05279999999999996, 0.43420000000000003, 0.09260000000000002, 0.7165, 0.30189999999999995, 0.37070000000000003, 0.03610000000000002, 0.7705],
 powerlist 
[0.33331932436406697, 0.34732496672084795, 0.34228472855017616, 0.34129476041842438, 0.31572108095929591, 0.34993592641293259, 0.34183809177273666, 0.34425359409390455, 0.34745972288934329, 0.33637109104115842, 0.29452417360671279, 0.30219795951142542, 0.28071214305696701, 0.30714922404780365, 0.29058225381624303, 0.32242348711645502, 0.29633152177662742, 0.30384447122455643, 0.28267783417085068, 0.32354682871460605],
 listnumberlist 
[0, 0, 0, 0, 0, 0, 0, 0, 0, 0, 0, 0, 0, 0, 0, 0, 0, 0, 0, 0],
 end of file
