fullmaglist 
[23.263157894736842, 23.263157894736842, 23.263157894736842, 23.263157894736842, 23.263157894736842, 23.263157894736842, 23.263157894736842, 23.263157894736842, 23.263157894736842, 23.263157894736842, 23.263157894736842, 23.263157894736842, 23.263157894736842, 23.263157894736842, 23.263157894736842, 23.263157894736842, 23.263157894736842, 23.263157894736842, 23.263157894736842, 23.263157894736842],
 periodlist 
[0.0031622776601683798, 0.0054555947811685199, 0.0094120496726806703, 0.016237767391887217, 0.028013567611988671, 0.048329302385717518, 0.083378222347178912, 0.14384498882876623, 0.24816289228368255, 0.42813323987193919, 0.73861998220793579, 1.2742749857031335, 2.1983926488622894, 3.7926901907322494, 6.5431891297129621, 11.288378916846883, 19.474830399087551, 33.59818286283781, 57.963939533849604, 100.0],
 measuredperiodlist 
[0.0074551635057767728, 0.0032366899723979322, 0.0030709064675364392, 0.012251903793977984, 0.17369390037558893, 0.022422989157835985, 0.010925441921718997, 0.01096801598982104, 0.092420357159647443, 0.026271316861156156, 0.83605921239725578, 5.4349385655411409, 1.3191357683594378, 1.3530825869865142, 0.70477744025692612, 11.285220599147626, 19.44556106239996, 33.635750878549082, 57.941525181887755, 99.090488289602717],
 siglist 
[0.12339999999999995, 0.7753, 0.8632, 0.7898000000000001, 0.8414, 0.48950000000000005, 0.6798, 0.22640000000000005, 0.022800000000000042, 0.9012, 0.05989999999999995, 0.6561, 0.6243000000000001, 0.959, 0.7996, 0.5552, 0.8502000000000001, 0.32820000000000005, 0.16779999999999995, 0.79],
 powerlist 
[0.3613721406713839, 0.39642123227185572, 0.40592284605041012, 0.3983910394593122, 0.38959362163245459, 0.37155715477826357, 0.3679695398859662, 0.34160570635055443, 0.33993237371153007, 0.40145658829932462, 0.31911574323211267, 0.33640762366826915, 0.33291046912379535, 0.37098260349542744, 0.33904230718248668, 0.33510646659442267, 0.35207579596669225, 0.31658494470087278, 0.30525406319422987, 0.33888042061493118],
 listnumberlist 
[0, 0, 0, 0, 0, 0, 0, 0, 0, 0, 0, 0, 0, 0, 0, 0, 0, 0, 0, 0],
 end of file
