fullmaglist 
[22.157894736842106, 22.157894736842106, 22.157894736842106, 22.157894736842106, 22.157894736842106, 22.157894736842106, 22.157894736842106, 22.157894736842106, 22.157894736842106, 22.157894736842106, 22.157894736842106, 22.157894736842106, 22.157894736842106, 22.157894736842106, 22.157894736842106, 22.157894736842106, 22.157894736842106, 22.157894736842106, 22.157894736842106, 22.157894736842106],
 periodlist 
[0.0031622776601683798, 0.0054555947811685199, 0.0094120496726806703, 0.016237767391887217, 0.028013567611988671, 0.048329302385717518, 0.083378222347178912, 0.14384498882876623, 0.24816289228368255, 0.42813323987193919, 0.73861998220793579, 1.2742749857031335, 2.1983926488622894, 3.7926901907322494, 6.5431891297129621, 11.288378916846883, 19.474830399087551, 33.59818286283781, 57.963939533849604, 100.0],
 measuredperiodlist 
[0.0031622777068765055, 0.0054555952072258933, 0.0094120492930889772, 0.016237769860991836, 0.028013580640585588, 0.04832930878686096, 0.083378198641684595, 0.14384517381326972, 0.19871431582219826, 0.42812936460594375, 0.73862679644679596, 1.2742856794098418, 0.6860531649227295, 3.792690265528265, 0.86537187650596892, 11.285726917691768, 19.472758256883939, 33.588234504852331, 57.932549090058536, 100.1366805150938],
 siglist 
[0.4515, 1.0, 1.0, 1.0, 1.0, 0.9287, 1.0, 1.0, 1.0, 1.0, 1.0, 1.0, 0.9999, 1.0, 1.0, 0.9999, 1.0, 1.0, 1.0, 1.0],
 powerlist 
[0.07702958106485909, 0.17744922759845433, 0.16797879391018869, 0.16496470601150887, 0.13523628363892473, 0.084048703884515852, 0.16650574797612541, 0.13826678700853548, 0.13300087200238248, 0.12983167298954162, 0.10950138705542646, 0.19396915037713583, 0.0981805993314422, 0.14415680660923205, 0.14053721358213148, 0.097782650211638733, 0.13411006690470237, 0.19906348645957694, 0.20920738648614279, 0.16188543974065389],
 listnumberlist 
[0, 0, 0, 0, 0, 0, 0, 0, 0, 0, 0, 0, 0, 0, 0, 0, 0, 0, 0, 0],
 end of file
