fullmaglist 
[20.31578947368421, 20.31578947368421, 20.31578947368421, 20.31578947368421, 20.31578947368421, 20.31578947368421, 20.31578947368421, 20.31578947368421, 20.31578947368421, 20.31578947368421, 20.31578947368421, 20.31578947368421, 20.31578947368421, 20.31578947368421, 20.31578947368421, 20.31578947368421, 20.31578947368421, 20.31578947368421, 20.31578947368421, 20.31578947368421],
 periodlist 
[0.0031622776601683798, 0.0054555947811685199, 0.0094120496726806703, 0.016237767391887217, 0.028013567611988671, 0.048329302385717518, 0.083378222347178912, 0.14384498882876623, 0.24816289228368255, 0.42813323987193919, 0.73861998220793579, 1.2742749857031335, 2.1983926488622894, 3.7926901907322494, 6.5431891297129621, 11.288378916846883, 19.474830399087551, 33.59818286283781, 57.963939533849604, 100.0],
 measuredperiodlist 
[0.003462162579976931, 0.0049061819322642345, 0.0030041717571270112, 0.016506533846562099, 0.010492985858148422, 0.034818427897135795, 0.30262475311048964, 0.016162857817096074, 0.19871340193905693, 0.015514947197531798, 0.7241701562013716, 0.7906965221894513, 0.79068305126306981, 0.85430941920105163, 0.86535573498283513, 17.421874638727495, 11.935197456912205, 33.713008550915731, 58.127365940067769, 100.67556894108813],
 siglist 
[0.9076, 0.5879, 0.41910000000000003, 0.5339, 0.9418, 0.08520000000000005, 0.9645, 0.8489, 0.07220000000000004, 0.9641, 0.2399, 0.30489999999999995, 0.5666, 0.042200000000000015, 0.8925, 0.9943, 0.7952, 0.7541, 0.9099, 0.34430000000000005],
 powerlist 
[0.40929036392254714, 0.38279529723998468, 0.35911080189804012, 0.36083627484075137, 0.40591964884176074, 0.34171434943209644, 0.39791915611631484, 0.40179840303671094, 0.33534841333378135, 0.41622970641438967, 0.29653746037841, 0.31106624973401859, 0.32349828853623902, 0.31027915490877389, 0.34899392552197617, 0.39033093991314788, 0.33521890688904576, 0.3309411439556188, 0.34495220557637829, 0.30576258840830101],
 listnumberlist 
[0, 0, 0, 0, 0, 0, 0, 0, 0, 0, 0, 0, 0, 0, 0, 0, 0, 0, 0, 0],
 end of file
