fullmaglist 
[18.105263157894736, 18.105263157894736, 18.105263157894736, 18.105263157894736, 18.105263157894736, 18.105263157894736, 18.105263157894736, 18.105263157894736, 18.105263157894736, 18.105263157894736, 18.105263157894736, 18.105263157894736, 18.105263157894736, 18.105263157894736, 18.105263157894736, 18.105263157894736, 18.105263157894736, 18.105263157894736, 18.105263157894736, 18.105263157894736],
 periodlist 
[0.0031622776601683798, 0.0054555947811685199, 0.0094120496726806703, 0.016237767391887217, 0.028013567611988671, 0.048329302385717518, 0.083378222347178912, 0.14384498882876623, 0.24816289228368255, 0.42813323987193919, 0.73861998220793579, 1.2742749857031335, 2.1983926488622894, 3.7926901907322494, 6.5431891297129621, 11.288378916846883, 19.474830399087551, 33.59818286283781, 57.963939533849604, 100.0],
 measuredperiodlist 
[0.0043386375443770827, 0.003098127130992394, 0.0032722454795527582, 0.031997349140975601, 0.010283533394561027, 0.011235930522123173, 0.012657057324982663, 0.012961363719792209, 0.039214247122287618, 0.42812343214929333, 0.73862682828558757, 0.81927919105057623, 2.6443740201264623, 3.4832192736248606, 0.50817239081461762, 11.280930935203424, 19.484330153610617, 12.998320118528952, 12.573059672519271, 24.827543510545542],
 siglist 
[0.8315, 0.0494, 0.6043000000000001, 0.7629, 0.21340000000000003, 0.30000000000000004, 0.253, 0.13859999999999995, 0.4769, 0.6990000000000001, 0.9609, 0.7622, 0.03949999999999998, 0.5920000000000001, 0.23950000000000005, 0.639, 0.8779, 0.23309999999999997, 0.7576, 0.6231],
 powerlist 
[0.38579251986239371, 0.33408499780985873, 0.38022355038287242, 0.36043969313063351, 0.34010577638591216, 0.3454147959873976, 0.34432268970901031, 0.33966044166661341, 0.34539858483610519, 0.3565210082002398, 0.36037994704903292, 0.34143159018570762, 0.30349622849901015, 0.31717690747791949, 0.30114458503407404, 0.32628212480661239, 0.34010677237882048, 0.30095072349742868, 0.33420016060964874, 0.31581167087018785],
 listnumberlist 
[0, 0, 0, 0, 0, 0, 0, 0, 0, 0, 0, 0, 0, 0, 0, 0, 0, 0, 0, 0],
 end of file
