fullmaglist 
[19.57894736842105, 19.57894736842105, 19.57894736842105, 19.57894736842105, 19.57894736842105, 19.57894736842105, 19.57894736842105, 19.57894736842105, 19.57894736842105, 19.57894736842105, 19.57894736842105, 19.57894736842105, 19.57894736842105, 19.57894736842105, 19.57894736842105, 19.57894736842105, 19.57894736842105, 19.57894736842105, 19.57894736842105, 19.57894736842105],
 periodlist 
[0.0031622776601683798, 0.0054555947811685199, 0.0094120496726806703, 0.016237767391887217, 0.028013567611988671, 0.048329302385717518, 0.083378222347178912, 0.14384498882876623, 0.24816289228368255, 0.42813323987193919, 0.73861998220793579, 1.2742749857031335, 2.1983926488622894, 3.7926901907322494, 6.5431891297129621, 11.288378916846883, 19.474830399087551, 33.59818286283781, 57.963939533849604, 100.0],
 measuredperiodlist 
[0.010279308956272689, 0.0036240280969479263, 0.0031197613421249984, 0.023666365074129014, 0.012584647010257346, 0.026879106780799022, 0.013920069716081493, 0.035957267264951326, 0.01317322820669879, 0.017058452366684261, 1.148865205124461, 0.55944152200396646, 0.54645687242064966, 0.84822531983000371, 0.56579102239216361, 10.028631026271313, 19.477695020834666, 33.620133261648661, 22.263393104868371, 102.57600405935921],
 siglist 
[0.07689999999999997, 0.6914, 0.8179, 0.8456, 0.15280000000000005, 0.46409999999999996, 0.16569999999999996, 0.18530000000000002, 0.3264, 0.8242, 0.06389999999999996, 0.4415, 0.18220000000000003, 0.4131, 0.43420000000000003, 0.7979, 0.5392, 0.9979, 0.7981, 0.045499999999999985],
 powerlist 
[0.34528669171222093, 0.36719415929910881, 0.39382960959671603, 0.37888052379131121, 0.33024590136922932, 0.35415672609880228, 0.34813812459202015, 0.33349325769482091, 0.34100191608784103, 0.38987589377294496, 0.28673542690050097, 0.3144046480650699, 0.297396971139961, 0.30525439423552714, 0.3144489915422034, 0.33224719405118736, 0.31177148764674373, 0.40097854411838701, 0.3372487366564747, 0.28651163489807524],
 listnumberlist 
[0, 0, 0, 0, 0, 0, 0, 0, 0, 0, 0, 0, 0, 0, 0, 0, 0, 0, 0, 0],
 end of file
