fullmaglist 
[23.263157894736842, 23.263157894736842, 23.263157894736842, 23.263157894736842, 23.263157894736842, 23.263157894736842, 23.263157894736842, 23.263157894736842, 23.263157894736842, 23.263157894736842, 23.263157894736842, 23.263157894736842, 23.263157894736842, 23.263157894736842, 23.263157894736842, 23.263157894736842, 23.263157894736842, 23.263157894736842, 23.263157894736842, 23.263157894736842],
 periodlist 
[0.0031622776601683798, 0.0054555947811685199, 0.0094120496726806703, 0.016237767391887217, 0.028013567611988671, 0.048329302385717518, 0.083378222347178912, 0.14384498882876623, 0.24816289228368255, 0.42813323987193919, 0.73861998220793579, 1.2742749857031335, 2.1983926488622894, 3.7926901907322494, 6.5431891297129621, 11.288378916846883, 19.474830399087551, 33.59818286283781, 57.963939533849604, 100.0],
 measuredperiodlist 
[0.0029330744044882124, 0.0044725955953454867, 0.0050125722996560897, 0.012478974448629084, 0.016697538883874565, 0.048329307555421627, 0.018174526496709927, 0.098047686989937877, 0.016659273040556522, 0.031150155655076964, 0.99725710622183272, 0.99725710622183272, 0.99726590237444379, 0.99726590237444379, 0.99726590237444379, 11.522934197375351, 18.477060289282139, 33.593394954705907, 10.14588245388444, 10.144858305273853],
 siglist 
[0.32620000000000005, 0.7134, 0.5991, 0.3254, 0.14029999999999998, 0.6989000000000001, 0.3056, 0.47640000000000005, 0.6269, 0.4163, 0.5603, 0.843, 0.7674, 0.39180000000000004, 0.0706, 0.2792, 0.8791, 0.10770000000000002, 0.8314, 0.688],
 powerlist 
[0.41176923816462174, 0.43744444131232396, 0.42981674006315002, 0.36789125903432968, 0.36713984991461346, 0.40834988569624436, 0.39156056065519773, 0.41095174121681588, 0.38833481133194914, 0.38083464272655004, 0.36932983066308867, 0.41921921557860986, 0.357652875933407, 0.32759221673549799, 0.32216404012979, 0.34548503735873282, 0.41733189604027821, 0.32514879848248635, 0.36386511940450494, 0.35748891467393967],
 listnumberlist 
[0, 0, 0, 0, 0, 0, 0, 0, 0, 0, 0, 0, 0, 0, 0, 0, 0, 0, 0, 0],
 end of file
