fullmaglist 
[21.421052631578945, 21.421052631578945, 21.421052631578945, 21.421052631578945, 21.421052631578945, 21.421052631578945, 21.421052631578945, 21.421052631578945, 21.421052631578945, 21.421052631578945, 21.421052631578945, 21.421052631578945, 21.421052631578945, 21.421052631578945, 21.421052631578945, 21.421052631578945, 21.421052631578945, 21.421052631578945, 21.421052631578945, 21.421052631578945],
 periodlist 
[0.0031622776601683798, 0.0054555947811685199, 0.0094120496726806703, 0.016237767391887217, 0.028013567611988671, 0.048329302385717518, 0.083378222347178912, 0.14384498882876623, 0.24816289228368255, 0.42813323987193919, 0.73861998220793579, 1.2742749857031335, 2.1983926488622894, 3.7926901907322494, 6.5431891297129621, 11.288378916846883, 19.474830399087551, 33.59818286283781, 57.963939533849604, 100.0],
 measuredperiodlist 
[0.0043460085392978002, 0.0044145331992114659, 0.0094120521729987219, 0.010509340855660394, 0.034930238249363865, 0.03221074853659836, 0.015314370567248738, 0.054050933753309494, 0.027622777791284119, 0.015866990995841327, 0.70435567569052004, 0.55943049957742685, 0.65403521792429931, 3.7934721770677138, 5.3586966264514624, 12.222520538635331, 19.514951025453424, 33.608468357280998, 57.850547521762941, 96.674911122816781],
 siglist 
[0.2571, 0.48450000000000004, 0.9772, 0.8019000000000001, 0.040000000000000036, 0.35940000000000005, 0.3639, 0.6312, 0.9, 0.12450000000000006, 0.11629999999999996, 0.3919, 0.746, 0.887, 0.39080000000000004, 0.9719, 0.893, 0.5616, 0.8696, 0.26749999999999996],
 powerlist 
[0.35505175097356756, 0.37468277817332474, 0.41699083502675122, 0.36263087236002067, 0.31551805137474526, 0.34583229420011985, 0.35906002029887651, 0.36483091287192632, 0.36812965522688951, 0.33250890615741679, 0.29766507814038823, 0.30563841849728557, 0.31789049898998495, 0.33571406843435181, 0.32202263646328522, 0.36530286183936372, 0.32119749039945161, 0.31800483187311829, 0.3324861052031402, 0.30875192997072054],
 listnumberlist 
[0, 0, 0, 0, 0, 0, 0, 0, 0, 0, 0, 0, 0, 0, 0, 0, 0, 0, 0, 0],
 end of file
