fullmaglist 
[18.105263157894736, 18.105263157894736, 18.105263157894736, 18.105263157894736, 18.105263157894736, 18.105263157894736, 18.105263157894736, 18.105263157894736, 18.105263157894736, 18.105263157894736, 18.105263157894736, 18.105263157894736, 18.105263157894736, 18.105263157894736, 18.105263157894736, 18.105263157894736, 18.105263157894736, 18.105263157894736, 18.105263157894736, 18.105263157894736],
 periodlist 
[0.0031622776601683798, 0.0054555947811685199, 0.0094120496726806703, 0.016237767391887217, 0.028013567611988671, 0.048329302385717518, 0.083378222347178912, 0.14384498882876623, 0.24816289228368255, 0.42813323987193919, 0.73861998220793579, 1.2742749857031335, 2.1983926488622894, 3.7926901907322494, 6.5431891297129621, 11.288378916846883, 19.474830399087551, 33.59818286283781, 57.963939533849604, 100.0],
 measuredperiodlist 
[0.0093137300272393055, 0.0041511213774891934, 0.0031901746308701886, 0.016735715242278383, 0.24045616464255085, 0.028605438433035205, 0.015825243716422063, 0.017021372920382884, 0.021085894613596626, 0.026892986706375004, 7.6109935663417625, 0.52921410576548433, 7.6103215431613753, 0.52921364156638429, 0.51801983709167998, 13.322212557442395, 29.257036665799028, 33.610340605760918, 58.023016632414233, 13.325939720536955],
 siglist 
[0.42210000000000003, 0.273, 0.4095, 0.5164, 0.15380000000000005, 0.3174, 0.046499999999999986, 0.832, 0.4292, 0.45599999999999996, 0.7461, 0.4283, 0.07689999999999997, 0.30179999999999996, 0.9268, 0.6129, 0.5211, 0.993, 0.9216, 0.13759999999999994],
 powerlist 
[0.37193606857920125, 0.36351479545935944, 0.39732737302469057, 0.38233493764117321, 0.3813140911565685, 0.35761680552986913, 0.33203663568410907, 0.39325921032013111, 0.37225724386000442, 0.36935194098631763, 0.33783989633982664, 0.31966710497355649, 0.31017988020270376, 0.31500602595050764, 0.36025713914756824, 0.32632493621959063, 0.33688672898774452, 0.39132906568761799, 0.38005018748381736, 0.3114204399651167],
 listnumberlist 
[0, 0, 0, 0, 0, 0, 0, 0, 0, 0, 0, 0, 0, 0, 0, 0, 0, 0, 0, 0],
 end of file
