fullmaglist 
[20.684210526315788, 20.684210526315788, 20.684210526315788, 20.684210526315788, 20.684210526315788, 20.684210526315788, 20.684210526315788, 20.684210526315788, 20.684210526315788, 20.684210526315788, 20.684210526315788, 20.684210526315788, 20.684210526315788, 20.684210526315788, 20.684210526315788, 20.684210526315788, 20.684210526315788, 20.684210526315788, 20.684210526315788, 20.684210526315788],
 periodlist 
[0.0031622776601683798, 0.0054555947811685199, 0.0094120496726806703, 0.016237767391887217, 0.028013567611988671, 0.048329302385717518, 0.083378222347178912, 0.14384498882876623, 0.24816289228368255, 0.42813323987193919, 0.73861998220793579, 1.2742749857031335, 2.1983926488622894, 3.7926901907322494, 6.5431891297129621, 11.288378916846883, 19.474830399087551, 33.59818286283781, 57.963939533849604, 100.0],
 measuredperiodlist 
[0.0031728604323693235, 0.004772260042409336, 0.0065594483328826119, 0.043926178070988288, 0.034585221896161429, 0.01035082853086153, 0.016485491280317271, 0.047094223977003871, 0.11922076874959464, 0.010351117992244715, 0.73861343809170676, 3.0764780082245573, 0.54676886369462807, 0.92817912531899882, 6.5436537976716478, 11.291636199283754, 19.472479579470434, 12.926394192377332, 57.673729962078838, 100.31727442985537],
 siglist 
[0.28, 0.8138, 0.8309, 0.16259999999999997, 0.36260000000000003, 0.249, 0.14870000000000005, 0.589, 0.7456, 0.7856, 0.06130000000000002, 0.6772, 0.40459999999999996, 0.5618000000000001, 0.6041000000000001, 0.010600000000000054, 0.5861000000000001, 0.9444, 0.8751, 0.9698],
 powerlist 
[0.33024580037152768, 0.33112277199939555, 0.34781387053642238, 0.29716651963227442, 0.31699333007259378, 0.31502722012746026, 0.30405606562449783, 0.30956800468888535, 0.31713543155399115, 0.3201732198144886, 0.25861479770278234, 0.28577099235587, 0.286706375553475, 0.29088750897645899, 0.27889478575735965, 0.24268407674485754, 0.28378866695087063, 0.31375475658218327, 0.30528460898779819, 0.32176503374196219],
 listnumberlist 
[0, 0, 0, 0, 0, 0, 0, 0, 0, 0, 0, 0, 0, 0, 0, 0, 0, 0, 0, 0],
 end of file
