fullmaglist 
[18.473684210526315, 18.473684210526315, 18.473684210526315, 18.473684210526315, 18.473684210526315, 18.473684210526315, 18.473684210526315, 18.473684210526315, 18.473684210526315, 18.473684210526315, 18.473684210526315, 18.473684210526315, 18.473684210526315, 18.473684210526315, 18.473684210526315, 18.473684210526315, 18.473684210526315, 18.473684210526315, 18.473684210526315, 18.473684210526315],
 periodlist 
[0.0031622776601683798, 0.0054555947811685199, 0.0094120496726806703, 0.016237767391887217, 0.028013567611988671, 0.048329302385717518, 0.083378222347178912, 0.14384498882876623, 0.24816289228368255, 0.42813323987193919, 0.73861998220793579, 1.2742749857031335, 2.1983926488622894, 3.7926901907322494, 6.5431891297129621, 11.288378916846883, 19.474830399087551, 33.59818286283781, 57.963939533849604, 100.0],
 measuredperiodlist 
[0.0049568926446519144, 0.0058635998869698575, 0.011295128562812146, 0.037851314350091585, 0.013357349041096991, 0.034532713870380038, 0.023152133240578878, 0.01994381251382445, 0.01139027524839689, 0.034532587766174835, 0.72877919996550733, 0.93382216542210295, 0.60886960975165594, 1.0950211337250486, 0.55578164330928559, 14.684727003491622, 57.308486544420887, 14.676862404733122, 58.084383506698963, 92.490588012454225],
 siglist 
[0.903, 0.9896, 0.40759999999999996, 0.44210000000000005, 0.26770000000000005, 0.48, 0.4827, 0.134, 0.006900000000000017, 0.17979999999999996, 0.2943, 0.5823, 0.4154, 0.8448, 0.8225, 0.5613, 0.38849999999999996, 0.2583, 0.13370000000000004, 0.9887],
 powerlist 
[0.53064884388851385, 0.5627312106226483, 0.51457421006710546, 0.46132733571118256, 0.43562919154056834, 0.46775332954447202, 0.46241573772105149, 0.4338089359911711, 0.42688885267717547, 0.43569081545657595, 0.42020531546394885, 0.40507690269259289, 0.38420166368744862, 0.43171200913281715, 0.44025355862710636, 0.3995217383472599, 0.39357059973984565, 0.40271761282604296, 0.38153060873595657, 0.52122704323939784],
 listnumberlist 
[0, 0, 0, 0, 0, 0, 0, 0, 0, 0, 0, 0, 0, 0, 0, 0, 0, 0, 0, 0],
 end of file
