fullmaglist 
[23.63157894736842, 23.63157894736842, 23.63157894736842, 23.63157894736842, 23.63157894736842, 23.63157894736842, 23.63157894736842, 23.63157894736842, 23.63157894736842, 23.63157894736842, 23.63157894736842, 23.63157894736842, 23.63157894736842, 23.63157894736842, 23.63157894736842, 23.63157894736842, 23.63157894736842, 23.63157894736842, 23.63157894736842, 23.63157894736842],
 periodlist 
[0.0031622776601683798, 0.0054555947811685199, 0.0094120496726806703, 0.016237767391887217, 0.028013567611988671, 0.048329302385717518, 0.083378222347178912, 0.14384498882876623, 0.24816289228368255, 0.42813323987193919, 0.73861998220793579, 1.2742749857031335, 2.1983926488622894, 3.7926901907322494, 6.5431891297129621, 11.288378916846883, 19.474830399087551, 33.59818286283781, 57.963939533849604, 100.0],
 measuredperiodlist 
[0.0082927831092121877, 0.0034182369619399871, 0.004243545543636029, 0.019666253490569614, 0.044654696546258373, 0.40828135295550655, 0.021814523084762175, 0.024528036033786695, 0.010770475791943642, 0.019599019692632891, 0.53334201788795754, 0.63658872686460355, 0.7064979870751259, 5.8978063506861798, 0.50494347704737397, 33.623392738091681, 24.162651485198378, 33.579215275628428, 33.371760797190447, 14.005990960129676],
 siglist 
[0.8394, 0.07389999999999997, 0.9733, 0.8087, 0.4214, 0.8691, 0.9349, 0.28559999999999997, 0.05349999999999999, 0.8965, 0.7439, 0.2257, 0.3627, 0.07240000000000002, 0.13590000000000002, 0.7772, 0.22650000000000003, 0.15600000000000003, 0.7637, 0.6093999999999999],
 powerlist 
[0.45600888998332034, 0.44020584660398399, 0.5050770922911485, 0.46514451085593628, 0.42783159778331675, 0.45066139187662424, 0.48240189215365353, 0.43439231556385771, 0.41212816931379637, 0.44539281551880805, 0.39190177173220647, 0.38266202111665026, 0.39906126311829437, 0.36314290403034521, 0.35315879377146542, 0.41260774364961927, 0.37287983620026161, 0.35213721783430985, 0.40750370716621476, 0.38844838635795459],
 listnumberlist 
[0, 0, 0, 0, 0, 0, 0, 0, 0, 0, 0, 0, 0, 0, 0, 0, 0, 0, 0, 0],
 end of file
