fullmaglist 
[24.0, 24.0, 24.0, 24.0, 24.0, 24.0, 24.0, 24.0, 24.0, 24.0, 24.0, 24.0, 24.0, 24.0, 24.0, 24.0, 24.0, 24.0, 24.0, 24.0],
 periodlist 
[0.0031622776601683798, 0.0054555947811685199, 0.0094120496726806703, 0.016237767391887217, 0.028013567611988671, 0.048329302385717518, 0.083378222347178912, 0.14384498882876623, 0.24816289228368255, 0.42813323987193919, 0.73861998220793579, 1.2742749857031335, 2.1983926488622894, 3.7926901907322494, 6.5431891297129621, 11.288378916846883, 19.474830399087551, 33.59818286283781, 57.963939533849604, 100.0],
 measuredperiodlist 
[0.0035577876605310476, 0.0098089625893259778, 0.0044716159404069294, 0.013639246952835126, 0.15299881752742767, 0.20706243444013864, 0.011368378160293218, 0.035019971439744335, 0.018283413176173584, 0.017761092513992698, 1.3310484527273538, 1.7974585849472366, 0.63231453824158945, 0.5159420413846193, 0.66393325690955041, 12.149313397251971, 31.063480956231988, 22.148309374126356, 13.078309164508452, 13.686548284768712],
 siglist 
[0.6711, 0.3032, 0.2771, 0.9397, 0.8826, 0.16090000000000004, 0.08909999999999996, 0.128, 0.5199, 0.4263, 0.21240000000000003, 0.1604, 0.8768, 0.469, 0.2581, 0.4377, 0.8651, 0.9851, 0.6672, 0.5571999999999999],
 powerlist 
[0.60795547592746546, 0.59667939152829352, 0.55452484852027784, 0.68675444286278153, 0.65283821245576235, 0.55265691730251865, 0.54319148165686304, 0.5503877172559235, 0.56040298693483837, 0.56158296050242162, 0.46926600732410262, 0.46745753466451956, 0.55249882856585242, 0.50464992729874458, 0.4855484458645471, 0.49080880967558405, 0.56144327475931644, 0.61296978620215881, 0.51476386878552627, 0.51518338860778679],
 listnumberlist 
[0, 0, 0, 0, 0, 0, 0, 0, 0, 0, 0, 0, 0, 0, 0, 0, 0, 0, 0, 0],
 end of file
