fullmaglist 
[23.63157894736842, 23.63157894736842, 23.63157894736842, 23.63157894736842, 23.63157894736842, 23.63157894736842, 23.63157894736842, 23.63157894736842, 23.63157894736842, 23.63157894736842, 23.63157894736842, 23.63157894736842, 23.63157894736842, 23.63157894736842, 23.63157894736842, 23.63157894736842, 23.63157894736842, 23.63157894736842, 23.63157894736842, 23.63157894736842],
 periodlist 
[0.0031622776601683798, 0.0054555947811685199, 0.0094120496726806703, 0.016237767391887217, 0.028013567611988671, 0.048329302385717518, 0.083378222347178912, 0.14384498882876623, 0.24816289228368255, 0.42813323987193919, 0.73861998220793579, 1.2742749857031335, 2.1983926488622894, 3.7926901907322494, 6.5431891297129621, 11.288378916846883, 19.474830399087551, 33.59818286283781, 57.963939533849604, 100.0],
 measuredperiodlist 
[0.0037630025177568145, 0.0039427554320067473, 0.0037473998490237209, 0.014764534685656305, 0.021020573952980005, 0.049557345070755272, 0.041176175271287314, 0.012874800952833011, 0.010710734722498994, 0.20903412821152581, 0.98176376428361867, 0.92294500617363961, 1.0486654578992081, 1.0486873187126868, 0.99725661425764334, 31.348768257995172, 39.794618687213699, 20.332327676712659, 51.452588323124324, 20.333908152888252],
 siglist 
[0.122, 0.5602, 0.5868, 0.4962, 0.6618999999999999, 0.8851, 0.40549999999999997, 0.48150000000000004, 0.898, 0.8668, 0.3929, 0.4577, 0.8714999999999999, 0.5659000000000001, 0.7598, 0.8802, 0.631, 0.37639999999999996, 0.4042, 0.4587],
 powerlist 
[0.37076809244847858, 0.41396263232107622, 0.37623823051954086, 0.37967453285720587, 0.44721761595862364, 0.41139903470166223, 0.38933533075117627, 0.37488398236123238, 0.39974300157355308, 0.43429265614815238, 0.33851843161689743, 0.3173953044332633, 0.38921596149001769, 0.33634531324025407, 0.33019233390259917, 0.39229382415294828, 0.3281077480632475, 0.33196664922603991, 0.32774523281151885, 0.33464971674517446],
 listnumberlist 
[0, 0, 0, 0, 0, 0, 0, 0, 0, 0, 0, 0, 0, 0, 0, 0, 0, 0, 0, 0],
 end of file
