fullmaglist 
[18.842105263157894, 18.842105263157894, 18.842105263157894, 18.842105263157894, 18.842105263157894, 18.842105263157894, 18.842105263157894, 18.842105263157894, 18.842105263157894, 18.842105263157894, 18.842105263157894, 18.842105263157894, 18.842105263157894, 18.842105263157894, 18.842105263157894, 18.842105263157894, 18.842105263157894, 18.842105263157894, 18.842105263157894, 18.842105263157894],
 periodlist 
[0.0031622776601683798, 0.0054555947811685199, 0.0094120496726806703, 0.016237767391887217, 0.028013567611988671, 0.048329302385717518, 0.083378222347178912, 0.14384498882876623, 0.24816289228368255, 0.42813323987193919, 0.73861998220793579, 1.2742749857031335, 2.1983926488622894, 3.7926901907322494, 6.5431891297129621, 11.288378916846883, 19.474830399087551, 33.59818286283781, 57.963939533849604, 100.0],
 measuredperiodlist 
[0.0042770174470055265, 0.006206969597220122, 0.0067906769753794333, 0.1141896458897899, 0.020866280489523253, 0.013705521419164209, 0.019000688370483708, 0.010943642825343998, 0.016664159894836571, 0.043669166458415405, 4.2208772444056253, 0.76175144871746325, 0.57930188777941594, 0.74088833108019159, 1.1767281974728923, 25.86405785643823, 24.239339528941606, 12.940687538068518, 15.70727574389587, 47.475598967309985],
 siglist 
[0.708, 0.5198, 0.8697, 0.9719, 0.21189999999999998, 0.46499999999999997, 0.048799999999999955, 0.22040000000000004, 0.7336, 0.6785, 0.6638999999999999, 0.6295, 0.32530000000000003, 0.9896, 0.4182, 0.46020000000000005, 0.07079999999999997, 0.8654, 0.5101, 0.4586],
 powerlist 
[0.49578994681009336, 0.54623146410871604, 0.53640781623082123, 0.58636404711458878, 0.46061189176178119, 0.4759154736320943, 0.45211167122505097, 0.51175926180429709, 0.50333526397880268, 0.49511084076232109, 0.4267305856442507, 0.44062493143637216, 0.48900501634971016, 0.49927220515471094, 0.39573460563120877, 0.41443900453072796, 0.43009993230707849, 0.4691020159207191, 0.47043843116064987, 0.43059001527474772],
 listnumberlist 
[0, 0, 0, 0, 0, 0, 0, 0, 0, 0, 0, 0, 0, 0, 0, 0, 0, 0, 0, 0],
 end of file
