fullmaglist 
[17.736842105263158, 17.736842105263158, 17.736842105263158, 17.736842105263158, 17.736842105263158, 17.736842105263158, 17.736842105263158, 17.736842105263158, 17.736842105263158, 17.736842105263158, 17.736842105263158, 17.736842105263158, 17.736842105263158, 17.736842105263158, 17.736842105263158, 17.736842105263158, 17.736842105263158, 17.736842105263158, 17.736842105263158, 17.736842105263158],
 periodlist 
[0.0031622776601683798, 0.0054555947811685199, 0.0094120496726806703, 0.016237767391887217, 0.028013567611988671, 0.048329302385717518, 0.083378222347178912, 0.14384498882876623, 0.24816289228368255, 0.42813323987193919, 0.73861998220793579, 1.2742749857031335, 2.1983926488622894, 3.7926901907322494, 6.5431891297129621, 11.288378916846883, 19.474830399087551, 33.59818286283781, 57.963939533849604, 100.0],
 measuredperiodlist 
[0.0031522812748140082, 0.0044194874395471683, 0.0036708522448734822, 0.032639654318874729, 0.011373418162099889, 0.016113018376284791, 0.015568224798045817, 0.039443444115365385, 0.011699870136224979, 0.42813391454902022, 6.7848307385744713, 0.55942844594676555, 1.2521524278870186, 0.79134919076416288, 0.60150413178319628, 77.653147558610073, 19.471613925414147, 15.709120843399283, 58.002136388318711, 23.619933084756756],
 siglist 
[0.5811999999999999, 0.6524, 0.35309999999999997, 0.14049999999999996, 0.6795, 0.42310000000000003, 0.029200000000000004, 0.36960000000000004, 0.7279, 0.254, 0.22599999999999998, 0.08020000000000005, 0.5194, 0.7321, 0.8326, 0.4101, 0.17190000000000005, 0.019199999999999995, 0.5762, 0.7352000000000001],
 powerlist 
[0.32593216640088518, 0.33233350192898831, 0.31515645322457353, 0.30446042318476685, 0.32078308448010845, 0.31419869938751749, 0.3020610012359316, 0.33215123008587966, 0.32792554514246636, 0.31570044642021688, 0.26278871090777728, 0.25899509055128617, 0.28095902671013229, 0.29073502331854201, 0.29979220974678467, 0.27407633140745447, 0.26770715738150108, 0.25600302839136779, 0.28144698449337158, 0.28850924423374713],
 listnumberlist 
[0, 0, 0, 0, 0, 0, 0, 0, 0, 0, 0, 0, 0, 0, 0, 0, 0, 0, 0, 0],
 end of file
