fullmaglist 
[22.157894736842106, 22.157894736842106, 22.157894736842106, 22.157894736842106, 22.157894736842106, 22.157894736842106, 22.157894736842106, 22.157894736842106, 22.157894736842106, 22.157894736842106, 22.157894736842106, 22.157894736842106, 22.157894736842106, 22.157894736842106, 22.157894736842106, 22.157894736842106, 22.157894736842106, 22.157894736842106, 22.157894736842106, 22.157894736842106],
 periodlist 
[0.0031622776601683798, 0.0054555947811685199, 0.0094120496726806703, 0.016237767391887217, 0.028013567611988671, 0.048329302385717518, 0.083378222347178912, 0.14384498882876623, 0.24816289228368255, 0.42813323987193919, 0.73861998220793579, 1.2742749857031335, 2.1983926488622894, 3.7926901907322494, 6.5431891297129621, 11.288378916846883, 19.474830399087551, 33.59818286283781, 57.963939533849604, 100.0],
 measuredperiodlist 
[0.0036759760730604267, 0.0099892517034341124, 0.0059771770499285554, 0.017528978398280423, 0.015858085363690409, 0.017866706252926381, 0.01868001227561631, 0.043554252439463668, 0.040863852350482469, 0.016437682073304073, 0.54896914011562992, 0.50982902547632614, 0.99870651147008582, 0.67572323546802493, 0.76876028724010037, 11.298907308339381, 19.47880056245905, 35.031319588178739, 33.354153200878933, 100.56803267237008],
 siglist 
[0.12360000000000004, 0.8637, 0.4759, 0.7944, 0.769, 0.8619, 0.9292, 0.8452999999999999, 0.32489999999999997, 0.43920000000000003, 0.3507, 0.245, 0.02629999999999999, 0.9903, 0.31699999999999995, 0.9449, 0.2178, 0.06389999999999996, 0.955, 0.24470000000000003],
 powerlist 
[0.36611318073097421, 0.4075747215421634, 0.40749107334050566, 0.44532431161812058, 0.42570394099806153, 0.38965171395036513, 0.39349789328710066, 0.3988462087542321, 0.40023350746815306, 0.39480074977504392, 0.3569642217884671, 0.32636532414680042, 0.29227043273466324, 0.41085073209181999, 0.31131528039847139, 0.37351604420835433, 0.32754192385011111, 0.29835345531199742, 0.36725767699357897, 0.30711848881548798],
 listnumberlist 
[0, 0, 0, 0, 0, 0, 0, 0, 0, 0, 0, 0, 0, 0, 0, 0, 0, 0, 0, 0],
 end of file
