fullmaglist 
[23.63157894736842, 23.63157894736842, 23.63157894736842, 23.63157894736842, 23.63157894736842, 23.63157894736842, 23.63157894736842, 23.63157894736842, 23.63157894736842, 23.63157894736842, 23.63157894736842, 23.63157894736842, 23.63157894736842, 23.63157894736842, 23.63157894736842, 23.63157894736842, 23.63157894736842, 23.63157894736842, 23.63157894736842, 23.63157894736842],
 periodlist 
[0.0031622776601683798, 0.0054555947811685199, 0.0094120496726806703, 0.016237767391887217, 0.028013567611988671, 0.048329302385717518, 0.083378222347178912, 0.14384498882876623, 0.24816289228368255, 0.42813323987193919, 0.73861998220793579, 1.2742749857031335, 2.1983926488622894, 3.7926901907322494, 6.5431891297129621, 11.288378916846883, 19.474830399087551, 33.59818286283781, 57.963939533849604, 100.0],
 measuredperiodlist 
[0.011824601200691865, 0.0040255991920694198, 0.003277726380689744, 0.010097827952757557, 0.14713267091055535, 0.074594781134206742, 0.013123398381982787, 0.036830237431373501, 0.015581141252123318, 0.065737774830668255, 2.1851807100986642, 1.6098976836529018, 0.64149964511019164, 1.3414364607769442, 0.80310993549304244, 26.001783205042447, 12.748781582985073, 85.272229751085519, 15.605055806303856, 85.147866914732646],
 siglist 
[0.14749999999999996, 0.42010000000000003, 0.6727000000000001, 0.41990000000000005, 0.9435, 0.1765, 0.6086, 0.7735, 0.09460000000000002, 0.9053, 0.8046, 0.35760000000000003, 0.21550000000000002, 0.17959999999999998, 0.8041, 0.6927, 0.9055, 0.14790000000000003, 0.2931, 0.40090000000000003],
 powerlist 
[0.34653789454329476, 0.36888930972773959, 0.39653480071700703, 0.35099116593465163, 0.42810452463512644, 0.35162953421212317, 0.38262108042130122, 0.38136182843573696, 0.34403815199732929, 0.41641821828633574, 0.33687825834155866, 0.31306008483075964, 0.34197951044793723, 0.30153915110264595, 0.34386424073408733, 0.33310694515306022, 0.39335363551505304, 0.32008820015380074, 0.31235456129853978, 0.32173019920136847],
 listnumberlist 
[0, 0, 0, 0, 0, 0, 0, 0, 0, 0, 0, 0, 0, 0, 0, 0, 0, 0, 0, 0],
 end of file
