fullmaglist 
[19.94736842105263, 19.94736842105263, 19.94736842105263, 19.94736842105263, 19.94736842105263, 19.94736842105263, 19.94736842105263, 19.94736842105263, 19.94736842105263, 19.94736842105263, 19.94736842105263, 19.94736842105263, 19.94736842105263, 19.94736842105263, 19.94736842105263, 19.94736842105263, 19.94736842105263, 19.94736842105263, 19.94736842105263, 19.94736842105263],
 periodlist 
[0.0031622776601683798, 0.0054555947811685199, 0.0094120496726806703, 0.016237767391887217, 0.028013567611988671, 0.048329302385717518, 0.083378222347178912, 0.14384498882876623, 0.24816289228368255, 0.42813323987193919, 0.73861998220793579, 1.2742749857031335, 2.1983926488622894, 3.7926901907322494, 6.5431891297129621, 11.288378916846883, 19.474830399087551, 33.59818286283781, 57.963939533849604, 100.0],
 measuredperiodlist 
[0.0055384630177327176, 0.006576900677329748, 0.0037753732416540603, 0.020814716561410197, 0.06496730953896232, 0.019750622271394444, 0.018834792091306712, 0.046311977225355759, 0.013473817703491398, 0.011615306189040825, 4.9911293515873529, 0.56304020940608057, 1.0326055646599217, 0.60433795013878044, 1.1804460903330298, 24.403824247502055, 11.718685193455789, 31.639495027376249, 58.075535204572972, 99.523923773313413],
 siglist 
[0.15180000000000005, 0.19169999999999998, 0.49670000000000003, 0.7501, 0.6953, 0.6087, 0.30310000000000004, 0.10899999999999999, 0.9395, 0.16010000000000002, 0.9691, 0.7944, 0.8074, 0.8364, 0.804, 0.6291, 0.744, 0.39359999999999995, 0.6538999999999999, 0.9332],
 powerlist 
[0.36474180064543898, 0.34526627480105865, 0.37449495258490473, 0.37760064429619788, 0.36889020433481778, 0.35639689362914956, 0.32618132771076869, 0.3216630985605009, 0.37796649311849662, 0.33328498561680042, 0.35723763899951444, 0.3290405582183612, 0.34938318437719529, 0.32946925493418855, 0.3330214409319453, 0.31519581728510371, 0.32658327667333614, 0.31044984245742957, 0.32340806509639769, 0.35491654902755609],
 listnumberlist 
[0, 0, 0, 0, 0, 0, 0, 0, 0, 0, 0, 0, 0, 0, 0, 0, 0, 0, 0, 0],
 end of file
