fullmaglist 
[21.05263157894737, 21.05263157894737, 21.05263157894737, 21.05263157894737, 21.05263157894737, 21.05263157894737, 21.05263157894737, 21.05263157894737, 21.05263157894737, 21.05263157894737, 21.05263157894737, 21.05263157894737, 21.05263157894737, 21.05263157894737, 21.05263157894737, 21.05263157894737, 21.05263157894737, 21.05263157894737, 21.05263157894737, 21.05263157894737],
 periodlist 
[0.0031622776601683798, 0.0054555947811685199, 0.0094120496726806703, 0.016237767391887217, 0.028013567611988671, 0.048329302385717518, 0.083378222347178912, 0.14384498882876623, 0.24816289228368255, 0.42813323987193919, 0.73861998220793579, 1.2742749857031335, 2.1983926488622894, 3.7926901907322494, 6.5431891297129621, 11.288378916846883, 19.474830399087551, 33.59818286283781, 57.963939533849604, 100.0],
 measuredperiodlist 
[0.0040112100910585811, 0.0030246793194069017, 0.0040591290597944071, 0.078747483793366532, 0.011919925000403358, 0.072984268843452535, 0.065139011552008019, 0.029996872991521911, 0.014919436365335275, 0.026372420534459404, 1.5502157649717017, 1.5529066269191307, 2.1983436394630584, 3.7828963254773931, 0.84290068497163928, 15.118929988519353, 19.481454374466036, 33.606963921113326, 57.595994002435972, 99.535470015934905],
 siglist 
[0.24839999999999995, 0.865, 0.30369999999999997, 0.3648, 0.6386000000000001, 0.5271, 0.26459999999999995, 0.9415, 0.9774, 0.21220000000000006, 0.17110000000000003, 0.6996, 0.9402, 0.679, 0.14659999999999995, 0.6957, 0.9308, 0.07489999999999997, 0.20920000000000005, 0.247],
 powerlist 
[0.3622142534558867, 0.37571501718901679, 0.34620423039938375, 0.34857492122467426, 0.35859227898682733, 0.3468366707557981, 0.35440262153172619, 0.38845623410487501, 0.40581167141453534, 0.34600156741391797, 0.30152018117990925, 0.32951979079658233, 0.34946358591520521, 0.32356592409903084, 0.28647756262866053, 0.35117616736567614, 0.34532948907355443, 0.31067037520882373, 0.30263733714667662, 0.29764830798079028],
 listnumberlist 
[0, 0, 0, 0, 0, 0, 0, 0, 0, 0, 0, 0, 0, 0, 0, 0, 0, 0, 0, 0],
 end of file
