fullmaglist 
[18.473684210526315, 18.473684210526315, 18.473684210526315, 18.473684210526315, 18.473684210526315, 18.473684210526315, 18.473684210526315, 18.473684210526315, 18.473684210526315, 18.473684210526315, 18.473684210526315, 18.473684210526315, 18.473684210526315, 18.473684210526315, 18.473684210526315, 18.473684210526315, 18.473684210526315, 18.473684210526315, 18.473684210526315, 18.473684210526315],
 periodlist 
[0.0031622776601683798, 0.0054555947811685199, 0.0094120496726806703, 0.016237767391887217, 0.028013567611988671, 0.048329302385717518, 0.083378222347178912, 0.14384498882876623, 0.24816289228368255, 0.42813323987193919, 0.73861998220793579, 1.2742749857031335, 2.1983926488622894, 3.7926901907322494, 6.5431891297129621, 11.288378916846883, 19.474830399087551, 33.59818286283781, 57.963939533849604, 100.0],
 measuredperiodlist 
[0.0072294680148513981, 0.0087858595012352738, 0.010482212902324648, 0.10010419658031547, 0.052015507932966942, 0.012037416905138857, 0.013279173769913177, 0.028291955670195663, 0.24816166755850752, 0.1003231708054549, 0.68157090268673803, 1.2742399244448288, 1.7317246743420889, 0.5005778090958688, 1.1766392051930736, 13.556989285001388, 55.963607196500035, 33.59248955766958, 58.048030051623805, 99.982046593442035],
 siglist 
[0.7957, 0.1723, 0.3042, 0.38749999999999996, 0.6188, 0.1955, 0.14780000000000004, 0.5608, 0.7749, 0.25360000000000005, 0.05459999999999998, 0.6936, 0.2822, 0.2853, 0.23360000000000003, 0.6958, 0.8172, 0.9452, 0.37260000000000004, 0.979],
 powerlist 
[0.38422150592984328, 0.34494020564961281, 0.34568881256706524, 0.34100675728887031, 0.34705513356496115, 0.34432483331391328, 0.3341367787568314, 0.35720451976194589, 0.37004957740331407, 0.33781124099710197, 0.28479452853958298, 0.32237927386533183, 0.29124325368843174, 0.29403812982654054, 0.3007796155495886, 0.31961989005785085, 0.32929558249968188, 0.352499152629904, 0.30332692464362321, 0.35535286893757534],
 listnumberlist 
[0, 0, 0, 0, 0, 0, 0, 0, 0, 0, 0, 0, 0, 0, 0, 0, 0, 0, 0, 0],
 end of file
