fullmaglist 
[19.57894736842105, 19.57894736842105, 19.57894736842105, 19.57894736842105, 19.57894736842105, 19.57894736842105, 19.57894736842105, 19.57894736842105, 19.57894736842105, 19.57894736842105, 19.57894736842105, 19.57894736842105, 19.57894736842105, 19.57894736842105, 19.57894736842105, 19.57894736842105, 19.57894736842105, 19.57894736842105, 19.57894736842105, 19.57894736842105],
 periodlist 
[0.0031622776601683798, 0.0054555947811685199, 0.0094120496726806703, 0.016237767391887217, 0.028013567611988671, 0.048329302385717518, 0.083378222347178912, 0.14384498882876623, 0.24816289228368255, 0.42813323987193919, 0.73861998220793579, 1.2742749857031335, 2.1983926488622894, 3.7926901907322494, 6.5431891297129621, 11.288378916846883, 19.474830399087551, 33.59818286283781, 57.963939533849604, 100.0],
 measuredperiodlist 
[0.0031622776666190185, 0.0054555944883033138, 0.0094120493949825992, 0.016237762430847381, 0.028013559428499184, 0.046095434452659123, 0.083378202639784557, 0.14384506671526273, 0.19871461104569602, 0.42813073499344001, 0.73861393247664242, 0.55944467506143825, 2.1983231777148897, 3.7928888189351921, 6.5419175431507357, 11.288144685868112, 19.465564478958921, 33.605112252432065, 57.990511902213441, 99.831970089232428],
 siglist 
[0.7496, 1.0, 1.0, 1.0, 1.0, 1.0, 1.0, 1.0, 1.0, 1.0, 1.0, 1.0, 1.0, 1.0, 0.9999, 1.0, 1.0, 1.0, 1.0, 1.0],
 powerlist 
[0.075069870442795852, 0.14678461120702779, 0.16990457470123965, 0.13442198923216891, 0.17132049029316071, 0.1029110766229116, 0.1621122189169647, 0.15734530544594247, 0.15209618930911711, 0.20242747745296702, 0.10368539737892216, 0.22263825178565744, 0.14207987597149344, 0.14346751726164342, 0.095869264620959696, 0.14691684777404085, 0.12476098999634691, 0.16777796967611697, 0.17544100750831843, 0.22983494421794584],
 listnumberlist 
[0, 0, 0, 0, 0, 0, 0, 0, 0, 0, 0, 0, 0, 0, 0, 0, 0, 0, 0, 0],
 end of file
