fullmaglist 
[23.263157894736842, 23.263157894736842, 23.263157894736842, 23.263157894736842, 23.263157894736842, 23.263157894736842, 23.263157894736842, 23.263157894736842, 23.263157894736842, 23.263157894736842, 23.263157894736842, 23.263157894736842, 23.263157894736842, 23.263157894736842, 23.263157894736842, 23.263157894736842, 23.263157894736842, 23.263157894736842, 23.263157894736842, 23.263157894736842],
 periodlist 
[0.0031622776601683798, 0.0054555947811685199, 0.0094120496726806703, 0.016237767391887217, 0.028013567611988671, 0.048329302385717518, 0.083378222347178912, 0.14384498882876623, 0.24816289228368255, 0.42813323987193919, 0.73861998220793579, 1.2742749857031335, 2.1983926488622894, 3.7926901907322494, 6.5431891297129621, 11.288378916846883, 19.474830399087551, 33.59818286283781, 57.963939533849604, 100.0],
 measuredperiodlist 
[0.011325891609520519, 0.003914166990371463, 0.0037489024999746352, 0.014325346459176656, 0.03282698546791913, 0.021406548676179301, 0.033114067642648244, 0.046166084002796363, 0.015165396523335289, 0.010690633668537715, 0.91807429424586973, 1.2273712861395836, 0.62752271559333062, 0.59370177734519758, 0.81644067027723188, 91.092786867673667, 11.847489792522252, 33.585142810795013, 50.38977788560387, 14.7211156617693],
 siglist 
[0.6786, 0.5186999999999999, 0.5589999999999999, 0.3176, 0.9535, 0.3909, 0.383, 0.18300000000000005, 0.5158, 0.8042, 0.4273, 0.6648000000000001, 0.9793, 0.8891, 0.8855999999999999, 0.9175, 0.9943, 0.9539, 0.9876, 0.7319],
 powerlist 
[0.45668590219095362, 0.43560243104191865, 0.44007442283975251, 0.42117869117233631, 0.48326378843706991, 0.47792199463231649, 0.41596166646671329, 0.4195708610451766, 0.42230194743583849, 0.48252653725040756, 0.37110916339712485, 0.39801832673439991, 0.45450449379389801, 0.4308107890779348, 0.40699706094333621, 0.41360972827223397, 0.50538962733303672, 0.44073553273145977, 0.45669227287317249, 0.40242378289933345],
 listnumberlist 
[0, 0, 0, 0, 0, 0, 0, 0, 0, 0, 0, 0, 0, 0, 0, 0, 0, 0, 0, 0],
 end of file
