fullmaglist 
[21.789473684210527, 21.789473684210527, 21.789473684210527, 21.789473684210527, 21.789473684210527, 21.789473684210527, 21.789473684210527, 21.789473684210527, 21.789473684210527, 21.789473684210527, 21.789473684210527, 21.789473684210527, 21.789473684210527, 21.789473684210527, 21.789473684210527, 21.789473684210527, 21.789473684210527, 21.789473684210527, 21.789473684210527, 21.789473684210527],
 periodlist 
[0.0031622776601683798, 0.0054555947811685199, 0.0094120496726806703, 0.016237767391887217, 0.028013567611988671, 0.048329302385717518, 0.083378222347178912, 0.14384498882876623, 0.24816289228368255, 0.42813323987193919, 0.73861998220793579, 1.2742749857031335, 2.1983926488622894, 3.7926901907322494, 6.5431891297129621, 11.288378916846883, 19.474830399087551, 33.59818286283781, 57.963939533849604, 100.0],
 measuredperiodlist 
[0.0068308597485140631, 0.0054555954916335287, 0.0067422934661913745, 0.050410785908135962, 0.020444827422564288, 0.013659951743635749, 0.086205098143361608, 0.028388393330790802, 0.10964013638790196, 0.11688447549802758, 0.50749931239494561, 0.65172357686291238, 2.1984714265308356, 0.53010693843997325, 0.57677755424516208, 19.194838812798164, 13.717460778111096, 33.569322723876482, 18.720650854520503, 99.767804706720597],
 siglist 
[0.7194, 0.9408, 0.8885, 0.9983, 0.06559999999999999, 0.8079000000000001, 0.2865, 0.22419999999999995, 0.08660000000000001, 0.29390000000000005, 0.43779999999999997, 0.17910000000000004, 0.6457999999999999, 0.13949999999999996, 0.8524, 0.9552, 0.36019999999999996, 0.365, 0.4285, 0.9418],
 powerlist 
[0.38730494198102172, 0.48013051161479747, 0.4271654641486623, 0.48831556303434975, 0.36694124760501706, 0.40023039072021471, 0.39495623572063165, 0.39350489721471638, 0.36686014328888594, 0.38201532973747554, 0.33096723929300326, 0.31211117833805746, 0.35150580069271309, 0.31999644808779437, 0.36785187556918963, 0.3865373972456479, 0.33657013520749651, 0.33063260190423038, 0.32638418795426821, 0.39325259369371424],
 listnumberlist 
[0, 0, 0, 0, 0, 0, 0, 0, 0, 0, 0, 0, 0, 0, 0, 0, 0, 0, 0, 0],
 end of file
