fullmaglist 
[22.526315789473685, 22.526315789473685, 22.526315789473685, 22.526315789473685, 22.526315789473685, 22.526315789473685, 22.526315789473685, 22.526315789473685, 22.526315789473685, 22.526315789473685, 22.526315789473685, 22.526315789473685, 22.526315789473685, 22.526315789473685, 22.526315789473685, 22.526315789473685, 22.526315789473685, 22.526315789473685, 22.526315789473685, 22.526315789473685],
 periodlist 
[0.0031622776601683798, 0.0054555947811685199, 0.0094120496726806703, 0.016237767391887217, 0.028013567611988671, 0.048329302385717518, 0.083378222347178912, 0.14384498882876623, 0.24816289228368255, 0.42813323987193919, 0.73861998220793579, 1.2742749857031335, 2.1983926488622894, 3.7926901907322494, 6.5431891297129621, 11.288378916846883, 19.474830399087551, 33.59818286283781, 57.963939533849604, 100.0],
 measuredperiodlist 
[0.0031723369879792214, 0.0054259121459031036, 0.0094120511031003887, 0.016237769412869238, 0.028013570715141108, 0.048329287680707364, 0.076945108292345299, 0.16809054845287258, 0.24816344742706778, 0.29953553716878001, 0.73862873101909376, 1.2742519838121198, 2.1982875566443036, 3.7931157636367079, 6.5434092792689693, 11.284930940744266, 19.473602548419812, 33.59265060470284, 58.063513913991763, 99.819722357468549],
 siglist 
[0.13219999999999998, 1.0, 1.0, 1.0, 1.0, 0.5011, 1.0, 0.9999, 0.9997, 0.9999, 1.0, 1.0, 1.0, 0.9999, 1.0, 0.9907, 0.9643, 1.0, 1.0, 1.0],
 powerlist 
[0.085439054165766942, 0.18903201840923051, 0.18301238908963394, 0.13617906971485175, 0.1813821245762057, 0.090655194904197017, 0.1758368211980936, 0.11962052627505711, 0.11274419083824258, 0.11791077930297444, 0.12409018236104261, 0.18009524919126058, 0.13888909642758024, 0.11551420744016189, 0.17604941996061513, 0.09173551389736298, 0.1073483148578184, 0.19361185934314085, 0.23451271124031692, 0.15829421367303986],
 listnumberlist 
[0, 0, 0, 0, 0, 0, 0, 0, 0, 0, 0, 0, 0, 0, 0, 0, 0, 0, 0, 0],
 end of file
