fullmaglist 
[17.0, 17.0, 17.0, 17.0, 17.0, 17.0, 17.0, 17.0, 17.0, 17.0, 17.0, 17.0, 17.0, 17.0, 17.0, 17.0, 17.0, 17.0, 17.0, 17.0],
 periodlist 
[0.0031622776601683798, 0.0054555947811685199, 0.0094120496726806703, 0.016237767391887217, 0.028013567611988671, 0.048329302385717518, 0.083378222347178912, 0.14384498882876623, 0.24816289228368255, 0.42813323987193919, 0.73861998220793579, 1.2742749857031335, 2.1983926488622894, 3.7926901907322494, 6.5431891297129621, 11.288378916846883, 19.474830399087551, 33.59818286283781, 57.963939533849604, 100.0],
 measuredperiodlist 
[0.0054125336761645364, 0.0055407407914154294, 0.0030426777759242334, 0.016579986027172589, 0.016579986863985246, 0.021295373306996549, 0.015391026940453105, 0.021760036484380411, 0.025818944135390116, 0.046405280110758645, 0.66906421496091939, 6.0803472690888301, 0.95790573193641304, 4.0891658210695176, 0.86542684911646695, 11.294742067896751, 19.491832594736483, 33.618038494245461, 10.053391493565583, 100.14143459168545],
 siglist 
[0.5484, 0.6167, 0.19020000000000004, 0.19430000000000003, 0.40869999999999995, 0.4061, 0.40080000000000005, 0.42379999999999995, 0.4607, 0.05010000000000003, 0.9485, 0.08740000000000003, 0.4376, 0.23829999999999996, 0.6832, 0.548, 0.5448999999999999, 0.9845, 0.6886, 0.6592],
 powerlist 
[0.34944442933357484, 0.33592094057576638, 0.32759750435242974, 0.31080584032087322, 0.32996883667612453, 0.32066433530408722, 0.32438953301817774, 0.32439396633377654, 0.33594758098145261, 0.30479710155548601, 0.32879002091228643, 0.2759595887180516, 0.28903228991887592, 0.28850944495780517, 0.29814685056498458, 0.28407204817627446, 0.29049444750107761, 0.34250581389690049, 0.30068269148084303, 0.30103822627000804],
 listnumberlist 
[0, 0, 0, 0, 0, 0, 0, 0, 0, 0, 0, 0, 0, 0, 0, 0, 0, 0, 0, 0],
 end of file
