fullmaglist 
[17.36842105263158, 17.36842105263158, 17.36842105263158, 17.36842105263158, 17.36842105263158, 17.36842105263158, 17.36842105263158, 17.36842105263158, 17.36842105263158, 17.36842105263158, 17.36842105263158, 17.36842105263158, 17.36842105263158, 17.36842105263158, 17.36842105263158, 17.36842105263158, 17.36842105263158, 17.36842105263158, 17.36842105263158, 17.36842105263158],
 periodlist 
[0.0031622776601683798, 0.0054555947811685199, 0.0094120496726806703, 0.016237767391887217, 0.028013567611988671, 0.048329302385717518, 0.083378222347178912, 0.14384498882876623, 0.24816289228368255, 0.42813323987193919, 0.73861998220793579, 1.2742749857031335, 2.1983926488622894, 3.7926901907322494, 6.5431891297129621, 11.288378916846883, 19.474830399087551, 33.59818286283781, 57.963939533849604, 100.0],
 measuredperiodlist 
[0.0037667407825544663, 0.0031527266856468828, 0.0030762488489339533, 0.027941170403611562, 0.015205717242387274, 0.021263707851840643, 0.099418293075731121, 0.0279411488920485, 0.032405481764195769, 0.010783000208997657, 0.57336516222392431, 0.59953368151514352, 0.72548441467808722, 1.0065967790267694, 0.55115088477465901, 94.641762762036308, 19.502043311402108, 17.459779309619183, 10.966339178477424, 99.715944474916597],
 siglist 
[0.8225, 0.7696000000000001, 0.35960000000000003, 0.3922, 0.19069999999999998, 0.2704, 0.8691, 0.8466, 0.9598, 0.31079999999999997, 0.7495, 0.7186, 0.5136000000000001, 0.32699999999999996, 0.4033, 0.44810000000000005, 0.6658999999999999, 0.5993999999999999, 0.5248999999999999, 0.6921999999999999],
 powerlist 
[0.50248725262115046, 0.51203203305623413, 0.48452218301173622, 0.47296913928146778, 0.47770853008976688, 0.48262654236395219, 0.51938096929547783, 0.51237624354207267, 0.53518361539242532, 0.46608833724834398, 0.4814968917007677, 0.43212725059402707, 0.42528163071160197, 0.40974331046366463, 0.40484314980834379, 0.40395830023343338, 0.43663137515729944, 0.42186484987743456, 0.421733697745795, 0.43622498397712994],
 listnumberlist 
[0, 0, 0, 0, 0, 0, 0, 0, 0, 0, 0, 0, 0, 0, 0, 0, 0, 0, 0, 0],
 end of file
