fullmaglist 
[21.05263157894737, 21.05263157894737, 21.05263157894737, 21.05263157894737, 21.05263157894737, 21.05263157894737, 21.05263157894737, 21.05263157894737, 21.05263157894737, 21.05263157894737, 21.05263157894737, 21.05263157894737, 21.05263157894737, 21.05263157894737, 21.05263157894737, 21.05263157894737, 21.05263157894737, 21.05263157894737, 21.05263157894737, 21.05263157894737],
 periodlist 
[0.0031622776601683798, 0.0054555947811685199, 0.0094120496726806703, 0.016237767391887217, 0.028013567611988671, 0.048329302385717518, 0.083378222347178912, 0.14384498882876623, 0.24816289228368255, 0.42813323987193919, 0.73861998220793579, 1.2742749857031335, 2.1983926488622894, 3.7926901907322494, 6.5431891297129621, 11.288378916846883, 19.474830399087551, 33.59818286283781, 57.963939533849604, 100.0],
 measuredperiodlist 
[0.010919086087074155, 0.007734715337127291, 0.0047001052659595872, 0.014683864433293942, 0.011665250602443576, 0.01034003305537786, 0.089938958463109189, 0.0105372110916695, 0.013305463837042692, 0.42813192859084109, 0.56644984727828085, 1.2742623438302549, 2.2133882713341135, 3.7916206149037706, 0.76626573319998681, 11.285536652905842, 18.456507761759074, 33.564841697647687, 58.06024120613435, 99.837049042382205],
 siglist 
[0.9855, 0.2067, 0.08409999999999995, 0.8835, 0.491, 0.13549999999999995, 0.22019999999999995, 0.8901, 0.16510000000000002, 0.8383, 0.39570000000000005, 0.9899, 0.2835, 0.7714, 0.9146, 0.9015, 0.9149, 0.5464, 0.4766, 0.999],
 powerlist 
[0.41993363232893255, 0.343157997388988, 0.33750835283979269, 0.38117842690362086, 0.34925685208182927, 0.33954970466209378, 0.3336662874917854, 0.37534040011604219, 0.34739285042332313, 0.36457085369045245, 0.30091198721477713, 0.37024645561620023, 0.30058437032906488, 0.33712920859838608, 0.33750892762732726, 0.34204060458780083, 0.35275245951385703, 0.31749442325716576, 0.30690176625997923, 0.41236946041960754],
 listnumberlist 
[0, 0, 0, 0, 0, 0, 0, 0, 0, 0, 0, 0, 0, 0, 0, 0, 0, 0, 0, 0],
 end of file
