fullmaglist 
[17.736842105263158, 17.736842105263158, 17.736842105263158, 17.736842105263158, 17.736842105263158, 17.736842105263158, 17.736842105263158, 17.736842105263158, 17.736842105263158, 17.736842105263158, 17.736842105263158, 17.736842105263158, 17.736842105263158, 17.736842105263158, 17.736842105263158, 17.736842105263158, 17.736842105263158, 17.736842105263158, 17.736842105263158, 17.736842105263158],
 periodlist 
[0.0031622776601683798, 0.0054555947811685199, 0.0094120496726806703, 0.016237767391887217, 0.028013567611988671, 0.048329302385717518, 0.083378222347178912, 0.14384498882876623, 0.24816289228368255, 0.42813323987193919, 0.73861998220793579, 1.2742749857031335, 2.1983926488622894, 3.7926901907322494, 6.5431891297129621, 11.288378916846883, 19.474830399087551, 33.59818286283781, 57.963939533849604, 100.0],
 measuredperiodlist 
[0.0060812849015372253, 0.0033076749778880817, 0.0031029176519247093, 0.012770588967556496, 0.010944224984759429, 0.020485229734583728, 0.028028160546446718, 0.012459861513384168, 0.013513401597072474, 0.033694982096164797, 0.73858916597285473, 0.98222490181484645, 0.50627054462854693, 0.76050120992596293, 6.543961325583262, 17.883441404252917, 26.354927705280929, 13.508944010678253, 13.51764730914245, 100.06518679599017],
 siglist 
[0.8486, 0.9235, 0.5761000000000001, 0.0807, 0.7038, 0.10099999999999998, 0.3308, 0.4407, 0.5771999999999999, 0.9198999999999999, 0.19120000000000004, 0.5698, 0.19399999999999995, 0.9922, 0.45289999999999997, 0.4417, 0.9585, 0.019499999999999962, 0.7412000000000001, 0.7443],
 powerlist 
[0.51996194501090465, 0.54725958929633078, 0.50080178022610711, 0.43148700028689979, 0.49063385309269048, 0.4517462283845084, 0.47004778328596819, 0.47437435352813762, 0.48765410002569659, 0.54134918556386691, 0.39356759468312741, 0.41438343708670045, 0.41354419235251783, 0.50947840841457515, 0.40473512381520804, 0.4314440604787495, 0.47287275001754125, 0.35413844645372394, 0.41981489518579285, 0.4253011476823883],
 listnumberlist 
[0, 0, 0, 0, 0, 0, 0, 0, 0, 0, 0, 0, 0, 0, 0, 0, 0, 0, 0, 0],
 end of file
