fullmaglist 
[22.894736842105264, 22.894736842105264, 22.894736842105264, 22.894736842105264, 22.894736842105264, 22.894736842105264, 22.894736842105264, 22.894736842105264, 22.894736842105264, 22.894736842105264, 22.894736842105264, 22.894736842105264, 22.894736842105264, 22.894736842105264, 22.894736842105264, 22.894736842105264, 22.894736842105264, 22.894736842105264, 22.894736842105264, 22.894736842105264],
 periodlist 
[0.0031622776601683798, 0.0054555947811685199, 0.0094120496726806703, 0.016237767391887217, 0.028013567611988671, 0.048329302385717518, 0.083378222347178912, 0.14384498882876623, 0.24816289228368255, 0.42813323987193919, 0.73861998220793579, 1.2742749857031335, 2.1983926488622894, 3.7926901907322494, 6.5431891297129621, 11.288378916846883, 19.474830399087551, 33.59818286283781, 57.963939533849604, 100.0],
 measuredperiodlist 
[0.0031622777899057708, 0.0054555951416743161, 0.0094120477559775772, 0.016237766041042712, 0.028013575276843006, 0.050790671747941836, 0.083378156844070128, 0.12571231714838027, 0.24816212288753273, 0.2995393966054381, 2.8480839673157829, 4.5302147852340822, 2.1983212657166487, 3.7924468108377645, 6.5427373597935876, 11.289003872277698, 19.476027646243093, 33.58543657628983, 58.012605575011939, 100.17428447627864],
 siglist 
[0.257, 1.0, 1.0, 0.9975, 1.0, 0.9138, 0.9924, 1.0, 0.9929, 0.9995, 0.85, 0.9999, 0.10660000000000003, 1.0, 0.9999, 1.0, 1.0, 1.0, 1.0, 0.9998],
 powerlist 
[0.095030322425218847, 0.156939469887584, 0.1322352774683164, 0.12322268178470859, 0.20181179222624407, 0.1103178486289465, 0.11389366211927444, 0.1414526570425185, 0.1056269196835351, 0.1187169450166444, 0.092533854947207478, 0.13435363792143412, 0.087500754924466906, 0.14012325694535599, 0.11271564701751921, 0.12796984031860359, 0.13032273579411938, 0.17367507395693041, 0.20638080923731533, 0.12152669447198093],
 listnumberlist 
[0, 0, 0, 0, 0, 0, 0, 0, 0, 0, 0, 0, 0, 0, 0, 0, 0, 0, 0, 0],
 end of file
