fullmaglist 
[21.05263157894737, 21.05263157894737, 21.05263157894737, 21.05263157894737, 21.05263157894737, 21.05263157894737, 21.05263157894737, 21.05263157894737, 21.05263157894737, 21.05263157894737, 21.05263157894737, 21.05263157894737, 21.05263157894737, 21.05263157894737, 21.05263157894737, 21.05263157894737, 21.05263157894737, 21.05263157894737, 21.05263157894737, 21.05263157894737],
 periodlist 
[0.0031622776601683798, 0.0054555947811685199, 0.0094120496726806703, 0.016237767391887217, 0.028013567611988671, 0.048329302385717518, 0.083378222347178912, 0.14384498882876623, 0.24816289228368255, 0.42813323987193919, 0.73861998220793579, 1.2742749857031335, 2.1983926488622894, 3.7926901907322494, 6.5431891297129621, 11.288378916846883, 19.474830399087551, 33.59818286283781, 57.963939533849604, 100.0],
 measuredperiodlist 
[0.0033273113749243649, 0.0098517911198898467, 0.0049150111431589399, 0.017635569789474073, 0.017557748969230572, 0.01703392783874336, 0.017986459094754142, 0.017033923201619575, 0.035915646173649451, 0.015926821876116676, 0.79944827785742534, 0.53994993931877677, 0.51578326324101631, 3.7937005319695571, 0.86742696565516342, 11.290762981475439, 21.072920959202964, 15.669033454589812, 57.818380056507145, 100.30961637980846],
 siglist 
[0.6724, 0.6921999999999999, 0.011800000000000033, 0.8041, 0.5781000000000001, 0.21589999999999998, 0.4181, 0.5684, 0.9434, 0.5169, 0.5371, 0.5303, 0.1341, 0.37250000000000005, 0.9651, 0.8106, 0.04169999999999996, 0.15739999999999998, 0.6704, 0.9155],
 powerlist 
[0.3454785491076271, 0.34355805669078349, 0.3016067961883569, 0.34843697299894383, 0.33547249769329646, 0.30363999264102265, 0.3295143866805077, 0.31946750361240261, 0.3528243077725034, 0.31833559749435875, 0.29162839784677591, 0.31216560350243888, 0.26980390077264627, 0.30244856488847055, 0.33870237781004719, 0.32235510558300218, 0.25731931540608144, 0.27078227169222979, 0.30838416047420592, 0.30320169112570594],
 listnumberlist 
[0, 0, 0, 0, 0, 0, 0, 0, 0, 0, 0, 0, 0, 0, 0, 0, 0, 0, 0, 0],
 end of file
