fullmaglist 
[22.894736842105264, 22.894736842105264, 22.894736842105264, 22.894736842105264, 22.894736842105264, 22.894736842105264, 22.894736842105264, 22.894736842105264, 22.894736842105264, 22.894736842105264, 22.894736842105264, 22.894736842105264, 22.894736842105264, 22.894736842105264, 22.894736842105264, 22.894736842105264, 22.894736842105264, 22.894736842105264, 22.894736842105264, 22.894736842105264],
 periodlist 
[0.0031622776601683798, 0.0054555947811685199, 0.0094120496726806703, 0.016237767391887217, 0.028013567611988671, 0.048329302385717518, 0.083378222347178912, 0.14384498882876623, 0.24816289228368255, 0.42813323987193919, 0.73861998220793579, 1.2742749857031335, 2.1983926488622894, 3.7926901907322494, 6.5431891297129621, 11.288378916846883, 19.474830399087551, 33.59818286283781, 57.963939533849604, 100.0],
 measuredperiodlist 
[0.011458955193235497, 0.0063319168884439078, 0.0056644796845232359, 0.014037897197751762, 0.01074767947628383, 0.015973062224697628, 0.014037894115949957, 0.02586316233869684, 0.03469332437615015, 0.02724608373120083, 0.73862532348353527, 4.5673729797205516, 0.59018906236868107, 3.2618569172107139, 1.4420139533023628, 10.929564984956183, 19.485629707607529, 33.623117725490047, 59.93010340962666, 13.459386538788683],
 siglist 
[0.911, 0.8669, 0.839, 0.7635000000000001, 0.2006, 0.9308, 0.18220000000000003, 0.9887, 0.39649999999999996, 0.9501, 0.25139999999999996, 0.15800000000000003, 0.11680000000000001, 0.5324, 0.6853, 0.4305, 0.35650000000000004, 0.30100000000000005, 0.4687, 0.43979999999999997],
 powerlist 
[0.39342475722330489, 0.41039529152285587, 0.41217982114983431, 0.38917665171453908, 0.35752372257729559, 0.39617202028157217, 0.36026004739595191, 0.45422616006887984, 0.3718416713543195, 0.43530102314938296, 0.30424992314583377, 0.30389190371759811, 0.28853700329300519, 0.32599614067586408, 0.33461560976824095, 0.34188013242573378, 0.32294777948194464, 0.32354671345798719, 0.34496153046520817, 0.30577637527664941],
 listnumberlist 
[0, 0, 0, 0, 0, 0, 0, 0, 0, 0, 0, 0, 0, 0, 0, 0, 0, 0, 0, 0],
 end of file
