fullmaglist 
[20.31578947368421, 20.31578947368421, 20.31578947368421, 20.31578947368421, 20.31578947368421, 20.31578947368421, 20.31578947368421, 20.31578947368421, 20.31578947368421, 20.31578947368421, 20.31578947368421, 20.31578947368421, 20.31578947368421, 20.31578947368421, 20.31578947368421, 20.31578947368421, 20.31578947368421, 20.31578947368421, 20.31578947368421, 20.31578947368421],
 periodlist 
[0.0031622776601683798, 0.0054555947811685199, 0.0094120496726806703, 0.016237767391887217, 0.028013567611988671, 0.048329302385717518, 0.083378222347178912, 0.14384498882876623, 0.24816289228368255, 0.42813323987193919, 0.73861998220793579, 1.2742749857031335, 2.1983926488622894, 3.7926901907322494, 6.5431891297129621, 11.288378916846883, 19.474830399087551, 33.59818286283781, 57.963939533849604, 100.0],
 measuredperiodlist 
[0.0031522818730157585, 0.0054555948306473766, 0.0094120495478230339, 0.016237772438798644, 0.028013562587744061, 0.050790708274706962, 0.083378278603756878, 0.14384506671526273, 0.24816239010533039, 0.42813168372838428, 0.73861424622668082, 1.274320233202076, 2.1984426930837198, 1.3530827735949189, 6.5429268183409413, 11.290270246584207, 19.471013822506261, 33.631761652460881, 57.988577939870993, 99.797591380225867],
 siglist 
[0.8931, 1.0, 1.0, 1.0, 1.0, 1.0, 1.0, 1.0, 1.0, 1.0, 1.0, 1.0, 0.8725, 1.0, 1.0, 1.0, 1.0, 1.0, 1.0, 1.0],
 powerlist 
[0.07881141450935783, 0.16167229023292229, 0.1821442566133436, 0.17553690242033773, 0.21542903865586827, 0.12067790720189009, 0.16852633914948464, 0.172748464383015, 0.11153458362023344, 0.17483305496068585, 0.10696947319467043, 0.22694019438296895, 0.066682104497572697, 0.13465874175653619, 0.1042147160764401, 0.15621427854272862, 0.10347443325530743, 0.15797753612482551, 0.15421273784526424, 0.16780707752321616],
 listnumberlist 
[0, 0, 0, 0, 0, 0, 0, 0, 0, 0, 0, 0, 0, 0, 0, 0, 0, 0, 0, 0],
 end of file
