fullmaglist 
[18.105263157894736, 18.105263157894736, 18.105263157894736, 18.105263157894736, 18.105263157894736, 18.105263157894736, 18.105263157894736, 18.105263157894736, 18.105263157894736, 18.105263157894736, 18.105263157894736, 18.105263157894736, 18.105263157894736, 18.105263157894736, 18.105263157894736, 18.105263157894736, 18.105263157894736, 18.105263157894736, 18.105263157894736, 18.105263157894736],
 periodlist 
[0.0031622776601683798, 0.0054555947811685199, 0.0094120496726806703, 0.016237767391887217, 0.028013567611988671, 0.048329302385717518, 0.083378222347178912, 0.14384498882876623, 0.24816289228368255, 0.42813323987193919, 0.73861998220793579, 1.2742749857031335, 2.1983926488622894, 3.7926901907322494, 6.5431891297129621, 11.288378916846883, 19.474830399087551, 33.59818286283781, 57.963939533849604, 100.0],
 measuredperiodlist 
[0.0031723381563484414, 0.0038525254902593508, 0.0073807357814990333, 0.015144331011349377, 0.01147516544742809, 0.014596135835901341, 0.015144326473257216, 0.015144331709517643, 0.019737809841270149, 0.01514433066226527, 0.72058453112538812, 0.59489709133713431, 0.5930495918719384, 0.59303299747529514, 6.5424157369220275, 24.180195243294492, 19.454028970875523, 33.589679418305153, 60.641446133060697, 100.71711074195564],
 siglist 
[0.18630000000000002, 0.879, 0.046599999999999975, 0.6216999999999999, 0.5262, 0.6648000000000001, 0.05800000000000005, 0.8021, 0.08460000000000001, 0.3074, 0.22030000000000005, 0.5605, 0.8359, 0.6074999999999999, 0.6008, 0.25139999999999996, 0.9173, 0.6705, 0.46230000000000004, 0.8299],
 powerlist 
[0.32357518338764785, 0.34733326556803074, 0.31173819560992855, 0.31906911967344298, 0.32686760669310366, 0.32505303471178215, 0.2983538200289797, 0.34119655234643798, 0.30382153582035171, 0.31304645486914984, 0.26666183294678875, 0.28175461764735499, 0.29272088244683236, 0.29298955423459627, 0.27977061116163432, 0.2699109388677241, 0.32049195201751074, 0.28790025005222519, 0.27556359602712072, 0.29914485921577938],
 listnumberlist 
[0, 0, 0, 0, 0, 0, 0, 0, 0, 0, 0, 0, 0, 0, 0, 0, 0, 0, 0, 0],
 end of file
