fullmaglist 
[24.0, 24.0, 24.0, 24.0, 24.0, 24.0, 24.0, 24.0, 24.0, 24.0, 24.0, 24.0, 24.0, 24.0, 24.0, 24.0, 24.0, 24.0, 24.0, 24.0],
 periodlist 
[0.0031622776601683798, 0.0054555947811685199, 0.0094120496726806703, 0.016237767391887217, 0.028013567611988671, 0.048329302385717518, 0.083378222347178912, 0.14384498882876623, 0.24816289228368255, 0.42813323987193919, 0.73861998220793579, 1.2742749857031335, 2.1983926488622894, 3.7926901907322494, 6.5431891297129621, 11.288378916846883, 19.474830399087551, 33.59818286283781, 57.963939533849604, 100.0],
 measuredperiodlist 
[0.0067117837646944413, 0.0080140069892355257, 0.004603612676924009, 0.013124531358222702, 0.025105362979461272, 0.014277249431750084, 0.026347256440670857, 0.018562210945035958, 0.010755654354394224, 0.012903839705857434, 0.93793401463072557, 8.3062692338301094, 0.64000474150352549, 0.86270531947337559, 0.71636317511962233, 18.204292563522642, 13.154567764501016, 10.118591910528878, 13.873336105357886, 21.396412334497619],
 siglist 
[0.14700000000000002, 0.4548, 0.07369999999999999, 0.3801, 0.5101, 0.12860000000000005, 0.03320000000000001, 0.5265, 0.22740000000000005, 0.1723, 0.573, 0.9657, 0.23150000000000004, 0.7902, 0.6687000000000001, 0.13580000000000003, 0.24780000000000002, 0.48740000000000006, 0.9972, 0.6164000000000001],
 powerlist 
[0.50910518489705492, 0.54790699939988885, 0.51607426929629907, 0.50830837571970355, 0.49450732088208349, 0.47879205765267152, 0.45355135600330981, 0.50382537916328318, 0.44364891446007226, 0.49214620612659526, 0.44397824768731597, 0.50796014540366374, 0.43570143759778313, 0.48395685788049086, 0.46739102323871323, 0.40892154505877598, 0.41380574329892339, 0.44275075442112943, 0.53140650408943335, 0.46119347930560967],
 listnumberlist 
[0, 0, 0, 0, 0, 0, 0, 0, 0, 0, 0, 0, 0, 0, 0, 0, 0, 0, 0, 0],
 end of file
