fullmaglist 
[20.31578947368421, 20.31578947368421, 20.31578947368421, 20.31578947368421, 20.31578947368421, 20.31578947368421, 20.31578947368421, 20.31578947368421, 20.31578947368421, 20.31578947368421, 20.31578947368421, 20.31578947368421, 20.31578947368421, 20.31578947368421, 20.31578947368421, 20.31578947368421, 20.31578947368421, 20.31578947368421, 20.31578947368421, 20.31578947368421],
 periodlist 
[0.0031622776601683798, 0.0054555947811685199, 0.0094120496726806703, 0.016237767391887217, 0.028013567611988671, 0.048329302385717518, 0.083378222347178912, 0.14384498882876623, 0.24816289228368255, 0.42813323987193919, 0.73861998220793579, 1.2742749857031335, 2.1983926488622894, 3.7926901907322494, 6.5431891297129621, 11.288378916846883, 19.474830399087551, 33.59818286283781, 57.963939533849604, 100.0],
 measuredperiodlist 
[0.0098213271595580035, 0.0081514024710725042, 0.0095017263687071449, 0.029421652104508641, 0.020221484129506608, 0.029701541366096856, 0.014755795549067722, 0.015054887038351256, 0.025351385417904066, 0.039980949656676819, 1.8118593847211273, 0.57115441573216175, 1.825192110667488, 0.54217721582136047, 1.9659318654786626, 11.290803426274897, 19.489641515517569, 33.541271672779644, 58.00486026783333, 99.668444621399033],
 siglist 
[0.08579999999999999, 0.8219, 0.9944, 0.016599999999999948, 0.3849, 0.8388, 0.8862, 0.6653, 0.36429999999999996, 0.13129999999999997, 0.3518, 0.0043999999999999595, 0.15100000000000002, 0.7678, 0.7735, 0.9983, 0.22440000000000004, 0.6618999999999999, 0.34850000000000003, 0.9808],
 powerlist 
[0.34562101290922642, 0.37955483741337792, 0.41771537155943905, 0.31840177452447616, 0.33107390702506567, 0.35864813237007964, 0.37832711050457168, 0.36539726945707501, 0.33302625239114747, 0.33916785593923643, 0.30162541752349686, 0.28720932909652308, 0.29431448860806692, 0.3318476535064192, 0.3144477383399214, 0.39158248545261698, 0.29929566545148112, 0.31680837341159174, 0.31275302679415717, 0.38645355623047611],
 listnumberlist 
[0, 0, 0, 0, 0, 0, 0, 0, 0, 0, 0, 0, 0, 0, 0, 0, 0, 0, 0, 0],
 end of file
