fullmaglist 
[18.105263157894736, 18.105263157894736, 18.105263157894736, 18.105263157894736, 18.105263157894736, 18.105263157894736, 18.105263157894736, 18.105263157894736, 18.105263157894736, 18.105263157894736, 18.105263157894736, 18.105263157894736, 18.105263157894736, 18.105263157894736, 18.105263157894736, 18.105263157894736, 18.105263157894736, 18.105263157894736, 18.105263157894736, 18.105263157894736],
 periodlist 
[0.0031622776601683798, 0.0054555947811685199, 0.0094120496726806703, 0.016237767391887217, 0.028013567611988671, 0.048329302385717518, 0.083378222347178912, 0.14384498882876623, 0.24816289228368255, 0.42813323987193919, 0.73861998220793579, 1.2742749857031335, 2.1983926488622894, 3.7926901907322494, 6.5431891297129621, 11.288378916846883, 19.474830399087551, 33.59818286283781, 57.963939533849604, 100.0],
 measuredperiodlist 
[0.0031622776781211575, 0.0054555944369517086, 0.0093240505810429156, 0.016237763492296171, 0.028013574773409537, 0.048329261771756879, 0.083378174653092815, 0.16808968282728079, 0.24816242552305043, 0.42813421370879245, 0.73862711020776339, 4.5873644761248622, 2.1984315748267886, 3.7929384605352752, 6.5431730302639846, 11.290490177864159, 19.477993435955902, 33.590829977850149, 57.992445993558363, 100.03298558121922],
 siglist 
[0.16890000000000005, 1.0, 1.0, 1.0, 1.0, 1.0, 1.0, 1.0, 1.0, 1.0, 1.0, 1.0, 1.0, 1.0, 1.0, 1.0, 1.0, 1.0, 1.0, 1.0],
 powerlist 
[0.067937487405453648, 0.1552679184410832, 0.18744940443238983, 0.16213698170120563, 0.23511957146847096, 0.11239245100622761, 0.1739461053458459, 0.18698364693850561, 0.10406120619069045, 0.20006542236200994, 0.10758897191808875, 0.21756246523770451, 0.10544213463886318, 0.12725533664916966, 0.14148071878023699, 0.11798437886848162, 0.12839650236127406, 0.17963286338196766, 0.171685505182608, 0.17891902279016872],
 listnumberlist 
[0, 0, 0, 0, 0, 0, 0, 0, 0, 0, 0, 0, 0, 0, 0, 0, 0, 0, 0, 0],
 end of file
