fullmaglist 
[19.210526315789473, 19.210526315789473, 19.210526315789473, 19.210526315789473, 19.210526315789473, 19.210526315789473, 19.210526315789473, 19.210526315789473, 19.210526315789473, 19.210526315789473, 19.210526315789473, 19.210526315789473, 19.210526315789473, 19.210526315789473, 19.210526315789473, 19.210526315789473, 19.210526315789473, 19.210526315789473, 19.210526315789473, 19.210526315789473],
 periodlist 
[0.0031622776601683798, 0.0054555947811685199, 0.0094120496726806703, 0.016237767391887217, 0.028013567611988671, 0.048329302385717518, 0.083378222347178912, 0.14384498882876623, 0.24816289228368255, 0.42813323987193919, 0.73861998220793579, 1.2742749857031335, 2.1983926488622894, 3.7926901907322494, 6.5431891297129621, 11.288378916846883, 19.474830399087551, 33.59818286283781, 57.963939533849604, 100.0],
 measuredperiodlist 
[0.0031622776148593945, 0.0054555947450613566, 0.0094120513819086586, 0.016237768951177862, 0.027248146573240976, 0.048329265801619357, 0.076945229106405513, 0.14384479302108047, 0.24816302762583803, 0.42813632204864044, 0.73862209006427315, 1.2742800762687563, 2.1984204566823138, 3.7928060858225647, 0.86537359922726453, 11.28924401389186, 19.485414760067812, 33.604462794657799, 57.957652076202571, 99.872108531398396],
 siglist 
[0.21819999999999995, 1.0, 1.0, 1.0, 1.0, 0.9998, 1.0, 1.0, 1.0, 1.0, 1.0, 1.0, 1.0, 1.0, 1.0, 1.0, 1.0, 1.0, 1.0, 1.0],
 powerlist 
[0.069446839180786563, 0.17478368551348267, 0.22110583758823071, 0.15992819569350142, 0.23707575616854482, 0.10010742148439755, 0.22106852891309553, 0.19129746139750142, 0.1239008520508281, 0.19070627130880832, 0.098396357920289737, 0.2554094377762457, 0.12015558253531904, 0.13221833414670028, 0.15011347836007191, 0.14778461069315521, 0.17573202990394923, 0.19987230446853838, 0.18609216561775857, 0.17160299924408004],
 listnumberlist 
[0, 0, 0, 0, 0, 0, 0, 0, 0, 0, 0, 0, 0, 0, 0, 0, 0, 0, 0, 0],
 end of file
