fullmaglist 
[20.684210526315788, 20.684210526315788, 20.684210526315788, 20.684210526315788, 20.684210526315788, 20.684210526315788, 20.684210526315788, 20.684210526315788, 20.684210526315788, 20.684210526315788, 20.684210526315788, 20.684210526315788, 20.684210526315788, 20.684210526315788, 20.684210526315788, 20.684210526315788, 20.684210526315788, 20.684210526315788, 20.684210526315788, 20.684210526315788],
 periodlist 
[0.0031622776601683798, 0.0054555947811685199, 0.0094120496726806703, 0.016237767391887217, 0.028013567611988671, 0.048329302385717518, 0.083378222347178912, 0.14384498882876623, 0.24816289228368255, 0.42813323987193919, 0.73861998220793579, 1.2742749857031335, 2.1983926488622894, 3.7926901907322494, 6.5431891297129621, 11.288378916846883, 19.474830399087551, 33.59818286283781, 57.963939533849604, 100.0],
 measuredperiodlist 
[0.0047291790517954976, 0.0045423072679917605, 0.0058431856257249717, 0.010087275691360822, 0.077872298919018243, 0.072246197645145421, 0.010913755904189458, 0.1021393692807798, 0.055817728203703822, 0.077872138017183984, 0.99726590237444379, 0.99726590237444379, 0.99726590237444379, 0.99726590237444379, 0.99726590237444379, 11.290992106622086, 40.94518213356654, 15.668318607346142, 17.567011513588533, 17.570423951712151],
 siglist 
[0.7361, 0.3429, 0.34330000000000005, 0.008099999999999996, 0.3741, 0.019499999999999962, 0.13780000000000003, 0.5780000000000001, 0.29800000000000004, 0.05279999999999996, 0.17759999999999998, 0.3086, 0.36160000000000003, 0.3144, 0.554, 0.7103999999999999, 0.10299999999999998, 0.7263999999999999, 0.9112, 0.006800000000000028],
 powerlist 
[0.420730386836071, 0.39509484502504444, 0.38010191847270636, 0.34449972336620011, 0.38884581768877791, 0.33561702173063357, 0.37469207063929511, 0.35981541650965948, 0.37072835234489354, 0.35506631727458365, 0.32727296250140481, 0.3286553602780915, 0.30859294421477701, 0.33111651315086016, 0.33375543747019298, 0.3573937376285074, 0.30949527803270827, 0.34685786175891031, 0.36859103899320744, 0.29547891962339873],
 listnumberlist 
[0, 0, 0, 0, 0, 0, 0, 0, 0, 0, 0, 0, 0, 0, 0, 0, 0, 0, 0, 0],
 end of file
