fullmaglist 
[22.894736842105264, 22.894736842105264, 22.894736842105264, 22.894736842105264, 22.894736842105264, 22.894736842105264, 22.894736842105264, 22.894736842105264, 22.894736842105264, 22.894736842105264, 22.894736842105264, 22.894736842105264, 22.894736842105264, 22.894736842105264, 22.894736842105264, 22.894736842105264, 22.894736842105264, 22.894736842105264, 22.894736842105264, 22.894736842105264],
 periodlist 
[0.0031622776601683798, 0.0054555947811685199, 0.0094120496726806703, 0.016237767391887217, 0.028013567611988671, 0.048329302385717518, 0.083378222347178912, 0.14384498882876623, 0.24816289228368255, 0.42813323987193919, 0.73861998220793579, 1.2742749857031335, 2.1983926488622894, 3.7926901907322494, 6.5431891297129621, 11.288378916846883, 19.474830399087551, 33.59818286283781, 57.963939533849604, 100.0],
 measuredperiodlist 
[0.0074449674981502852, 0.0085141832279870232, 0.0029893074715337201, 0.014755073052089639, 0.019627569886566283, 0.17473973676921375, 0.016059621139797219, 0.015667933313837982, 0.013722924651766973, 0.072143812528815771, 0.63074311191064336, 0.50437353008840213, 0.88226435859760743, 0.71803818528145358, 0.72022538465592745, 15.577550508252784, 19.480906201011297, 16.653195567503886, 68.609381407848602, 10.723033708236528],
 siglist 
[0.6003000000000001, 0.6582, 0.9986, 0.04949999999999999, 0.8079000000000001, 0.036800000000000055, 0.8023, 0.6691, 0.13149999999999995, 0.5288999999999999, 0.38770000000000004, 0.10929999999999995, 0.7743, 0.36860000000000004, 0.27390000000000003, 0.49650000000000005, 0.20040000000000002, 0.7242999999999999, 0.8838, 0.9328],
 powerlist 
[0.49761428769584176, 0.52403124145680358, 0.92076719884789338, 0.44887042911893388, 0.47153429792416379, 0.40934305589240877, 0.47080012513443809, 0.44645247387165077, 0.43751641299144195, 0.44017672583394474, 0.38111841422602338, 0.37410883981088239, 0.44732717282692791, 0.40681364538953374, 0.37977685354220236, 0.40272374726610527, 0.35866471578583403, 0.42741920299093517, 0.41201973606172221, 0.46789316999514979],
 listnumberlist 
[0, 0, 0, 0, 0, 0, 0, 0, 0, 0, 0, 0, 0, 0, 0, 0, 0, 0, 0, 0],
 end of file
