fullmaglist 
[19.210526315789473, 19.210526315789473, 19.210526315789473, 19.210526315789473, 19.210526315789473, 19.210526315789473, 19.210526315789473, 19.210526315789473, 19.210526315789473, 19.210526315789473, 19.210526315789473, 19.210526315789473, 19.210526315789473, 19.210526315789473, 19.210526315789473, 19.210526315789473, 19.210526315789473, 19.210526315789473, 19.210526315789473, 19.210526315789473],
 periodlist 
[0.0031622776601683798, 0.0054555947811685199, 0.0094120496726806703, 0.016237767391887217, 0.028013567611988671, 0.048329302385717518, 0.083378222347178912, 0.14384498882876623, 0.24816289228368255, 0.42813323987193919, 0.73861998220793579, 1.2742749857031335, 2.1983926488622894, 3.7926901907322494, 6.5431891297129621, 11.288378916846883, 19.474830399087551, 33.59818286283781, 57.963939533849604, 100.0],
 measuredperiodlist 
[0.00521937138850376, 0.0043957774081636062, 0.0035177978663188734, 0.10869985275246108, 0.042760622811613358, 0.048244072367890127, 0.015589524896447047, 0.013040560845256198, 0.24816166755850752, 0.018817392303587376, 2.110129072325964, 0.60591519905639912, 2.1985915118347603, 3.7927377743590593, 0.86744296929427156, 11.299130515461346, 19.482339139168154, 33.602357089012216, 58.053921819474013, 99.195978230894667],
 siglist 
[0.9387, 0.08889999999999998, 0.8752, 0.25570000000000004, 0.8173, 0.24180000000000001, 0.29179999999999995, 0.5156000000000001, 0.21040000000000003, 0.27449999999999997, 0.11980000000000002, 0.20750000000000002, 0.8369, 0.48929999999999996, 0.5012, 0.25549999999999995, 0.9454, 0.9973, 0.1763, 0.9999],
 powerlist 
[0.39769683858636146, 0.33759574558275346, 0.40422727684347359, 0.33591107693019145, 0.37367373075313159, 0.33607244278660331, 0.34549669915825321, 0.3940764028080429, 0.34795633464263642, 0.33944681514963093, 0.29692298152915531, 0.3234446803626479, 0.33202361135015329, 0.3105355778405412, 0.30424395828866996, 0.31066150106195473, 0.34557073689244044, 0.39644574320730791, 0.2931363443889497, 0.47437700736839061],
 listnumberlist 
[0, 0, 0, 0, 0, 0, 0, 0, 0, 0, 0, 0, 0, 0, 0, 0, 0, 0, 0, 0],
 end of file
