fullmaglist 
[21.421052631578945, 21.421052631578945, 21.421052631578945, 21.421052631578945, 21.421052631578945, 21.421052631578945, 21.421052631578945, 21.421052631578945, 21.421052631578945, 21.421052631578945, 21.421052631578945, 21.421052631578945, 21.421052631578945, 21.421052631578945, 21.421052631578945, 21.421052631578945, 21.421052631578945, 21.421052631578945, 21.421052631578945, 21.421052631578945],
 periodlist 
[0.0031622776601683798, 0.0054555947811685199, 0.0094120496726806703, 0.016237767391887217, 0.028013567611988671, 0.048329302385717518, 0.083378222347178912, 0.14384498882876623, 0.24816289228368255, 0.42813323987193919, 0.73861998220793579, 1.2742749857031335, 2.1983926488622894, 3.7926901907322494, 6.5431891297129621, 11.288378916846883, 19.474830399087551, 33.59818286283781, 57.963939533849604, 100.0],
 measuredperiodlist 
[0.0031522902377524721, 0.0043267081782803977, 0.0081550928617920501, 0.015592861424781303, 0.012778342892059976, 0.012778339608884323, 0.012914133869110993, 0.01520925939538316, 0.011750802320994857, 0.4281386155128708, 0.57769714665715577, 0.52376967821061082, 2.1983058692948947, 1.3529258117305931, 0.84074416633159943, 11.280859545120251, 19.498361996334779, 33.644178255945057, 58.029161809147659, 41.447086808933705],
 siglist 
[0.5155000000000001, 0.1069, 0.925, 0.45589999999999997, 0.00880000000000003, 0.42889999999999995, 0.5905, 0.6779999999999999, 0.29800000000000004, 0.9808, 0.7822, 0.9535, 0.6748000000000001, 0.031100000000000017, 0.3304, 0.6966, 0.09160000000000001, 0.4416, 0.86, 0.1815],
 powerlist 
[0.39550321489083612, 0.38137331280848236, 0.41469568233802995, 0.36534430241984217, 0.3349642972290181, 0.36360058925630884, 0.37643548080221606, 0.37519286025733067, 0.36102637178196084, 0.43730676120696815, 0.36956672408659069, 0.37360847009376086, 0.33593397603828418, 0.29682005599614802, 0.33157625330454249, 0.34178593410090119, 0.30929242414436953, 0.32747976107107946, 0.3441462924697643, 0.30430675157425424],
 listnumberlist 
[0, 0, 0, 0, 0, 0, 0, 0, 0, 0, 0, 0, 0, 0, 0, 0, 0, 0, 0, 0],
 end of file
