fullmaglist 
[18.105263157894736, 18.105263157894736, 18.105263157894736, 18.105263157894736, 18.105263157894736, 18.105263157894736, 18.105263157894736, 18.105263157894736, 18.105263157894736, 18.105263157894736, 18.105263157894736, 18.105263157894736, 18.105263157894736, 18.105263157894736, 18.105263157894736, 18.105263157894736, 18.105263157894736, 18.105263157894736, 18.105263157894736, 18.105263157894736],
 periodlist 
[0.0031622776601683798, 0.0054555947811685199, 0.0094120496726806703, 0.016237767391887217, 0.028013567611988671, 0.048329302385717518, 0.083378222347178912, 0.14384498882876623, 0.24816289228368255, 0.42813323987193919, 0.73861998220793579, 1.2742749857031335, 2.1983926488622894, 3.7926901907322494, 6.5431891297129621, 11.288378916846883, 19.474830399087551, 33.59818286283781, 57.963939533849604, 100.0],
 measuredperiodlist 
[0.004798483130053894, 0.0052223829823508684, 0.0050714245953053594, 0.015774647507284634, 0.053435896942205935, 0.013484669674898865, 0.022036682466976938, 0.014148724164752251, 0.071107403674061487, 0.23132274302986638, 0.7319172976745173, 0.85332458501769037, 0.55189954264991214, 0.78961167638991259, 3.1864743218207612, 43.218599064736033, 19.504876038268705, 33.714288811906471, 57.784444490084297, 10.484127202411029],
 siglist 
[0.28049999999999997, 0.38949999999999996, 0.7883, 0.11619999999999997, 0.8749, 0.7462, 0.062100000000000044, 0.15459999999999996, 0.4375, 0.9049, 0.3739, 0.11209999999999998, 0.3709, 0.8832, 0.44399999999999995, 0.3107, 0.9981, 0.9161, 0.4787, 0.6315999999999999],
 powerlist 
[0.49731668041449212, 0.49700651334895091, 0.51401352984904547, 0.43532291064951134, 0.50199079194084262, 0.50058595822806384, 0.44304026985132994, 0.49668654461774181, 0.46712695471005189, 0.51180351701383975, 0.37379250859589797, 0.39036848771519655, 0.40104992140418494, 0.48738951279774767, 0.41151744179515448, 0.40427385815844152, 0.56433525759572789, 0.46336103105459275, 0.41848343314395009, 0.42984463117826455],
 listnumberlist 
[0, 0, 0, 0, 0, 0, 0, 0, 0, 0, 0, 0, 0, 0, 0, 0, 0, 0, 0, 0],
 end of file
