fullmaglist 
[23.263157894736842, 23.263157894736842, 23.263157894736842, 23.263157894736842, 23.263157894736842, 23.263157894736842, 23.263157894736842, 23.263157894736842, 23.263157894736842, 23.263157894736842, 23.263157894736842, 23.263157894736842, 23.263157894736842, 23.263157894736842, 23.263157894736842, 23.263157894736842, 23.263157894736842, 23.263157894736842, 23.263157894736842, 23.263157894736842],
 periodlist 
[0.0031622776601683798, 0.0054555947811685199, 0.0094120496726806703, 0.016237767391887217, 0.028013567611988671, 0.048329302385717518, 0.083378222347178912, 0.14384498882876623, 0.24816289228368255, 0.42813323987193919, 0.73861998220793579, 1.2742749857031335, 2.1983926488622894, 3.7926901907322494, 6.5431891297129621, 11.288378916846883, 19.474830399087551, 33.59818286283781, 57.963939533849604, 100.0],
 measuredperiodlist 
[0.0031622776182816926, 0.0054259125261815156, 0.0094120506553203327, 0.016506525921026454, 0.029681078364117649, 0.05079076456623894, 0.07694518353865934, 0.12571232916958477, 0.49404099923253564, 0.42813220056747853, 0.73863072749378755, 1.2743013721899048, 0.68604609443023012, 3.7925761931588617, 0.86536807228092538, 11.28842010469719, 19.478677551559691, 33.572946859363576, 57.988561022082379, 99.994215857538734],
 siglist 
[0.9586, 0.8597, 1.0, 0.5158, 1.0, 0.48719999999999997, 1.0, 0.9191, 0.48040000000000005, 1.0, 1.0, 1.0, 0.9187, 1.0, 1.0, 0.9999, 1.0, 1.0, 1.0, 1.0],
 powerlist 
[0.097492976525121705, 0.090535221604212027, 0.12995471550509258, 0.079221285457766771, 0.12602486573602556, 0.080836959946365555, 0.16011882616813417, 0.092970684493396211, 0.081722796655745916, 0.14206697388394599, 0.10916281098478212, 0.14591913671024045, 0.077356292142201535, 0.1320824771430982, 0.11189246608051374, 0.11347010770245217, 0.11864684461450252, 0.12826790615000475, 0.18157098679899036, 0.17729645220673793],
 listnumberlist 
[0, 0, 0, 0, 0, 0, 0, 0, 0, 0, 0, 0, 0, 0, 0, 0, 0, 0, 0, 0],
 end of file
