fullmaglist 
[17.36842105263158, 17.36842105263158, 17.36842105263158, 17.36842105263158, 17.36842105263158, 17.36842105263158, 17.36842105263158, 17.36842105263158, 17.36842105263158, 17.36842105263158, 17.36842105263158, 17.36842105263158, 17.36842105263158, 17.36842105263158, 17.36842105263158, 17.36842105263158, 17.36842105263158, 17.36842105263158, 17.36842105263158, 17.36842105263158],
 periodlist 
[0.0031622776601683798, 0.0054555947811685199, 0.0094120496726806703, 0.016237767391887217, 0.028013567611988671, 0.048329302385717518, 0.083378222347178912, 0.14384498882876623, 0.24816289228368255, 0.42813323987193919, 0.73861998220793579, 1.2742749857031335, 2.1983926488622894, 3.7926901907322494, 6.5431891297129621, 11.288378916846883, 19.474830399087551, 33.59818286283781, 57.963939533849604, 100.0],
 measuredperiodlist 
[0.0031622776723700878, 0.0054555943342485006, 0.0095017272514702541, 0.016237765311922996, 0.028013565746989648, 0.048329307443571001, 0.083378222630290169, 0.14384462642513163, 0.24816200051107706, 0.29953962052573574, 0.73863087536016381, 0.55944017519714329, 2.1983898823648507, 3.792549636108741, 6.5427298621432222, 11.287338648047719, 19.47493923946028, 33.603813361986091, 57.980843380267885, 99.923762550568227],
 siglist 
[0.04459999999999997, 1.0, 1.0, 1.0, 1.0, 0.978, 1.0, 1.0, 0.9998, 1.0, 1.0, 1.0, 1.0, 1.0, 1.0, 1.0, 1.0, 1.0, 1.0, 1.0],
 powerlist 
[0.069165769162336715, 0.16376115777237174, 0.24178487278496102, 0.17713515098577845, 0.18202700062380645, 0.08578878103866458, 0.13241260224534895, 0.22876872625336792, 0.096748405729166334, 0.16431343209276836, 0.10003401757766325, 0.18849370516506309, 0.11295488177596955, 0.13671932141241094, 0.12117544491171621, 0.14942067310158647, 0.13206761104048936, 0.19139929909599171, 0.19875316344135122, 0.20835042577043894],
 listnumberlist 
[0, 0, 0, 0, 0, 0, 0, 0, 0, 0, 0, 0, 0, 0, 0, 0, 0, 0, 0, 0],
 end of file
