fullmaglist 
[19.94736842105263, 19.94736842105263, 19.94736842105263, 19.94736842105263, 19.94736842105263, 19.94736842105263, 19.94736842105263, 19.94736842105263, 19.94736842105263, 19.94736842105263, 19.94736842105263, 19.94736842105263, 19.94736842105263, 19.94736842105263, 19.94736842105263, 19.94736842105263, 19.94736842105263, 19.94736842105263, 19.94736842105263, 19.94736842105263],
 periodlist 
[0.0031622776601683798, 0.0054555947811685199, 0.0094120496726806703, 0.016237767391887217, 0.028013567611988671, 0.048329302385717518, 0.083378222347178912, 0.14384498882876623, 0.24816289228368255, 0.42813323987193919, 0.73861998220793579, 1.2742749857031335, 2.1983926488622894, 3.7926901907322494, 6.5431891297129621, 11.288378916846883, 19.474830399087551, 33.59818286283781, 57.963939533849604, 100.0],
 measuredperiodlist 
[0.0029110366471701583, 0.0034645834520518576, 0.0098890047630863058, 0.025345150628710407, 0.033052338340274295, 0.036463871124181028, 0.083378247952677745, 0.018944839763957881, 0.01603187981644184, 0.018944836486305058, 0.73859475555497556, 1.2743261434749489, 8.4724046714851831, 0.78967090517820104, 1.1767157785845506, 11.297752507889303, 19.495881368300328, 33.643861058232062, 58.099590589389805, 100.08804040916577],
 siglist 
[0.7278, 0.5396000000000001, 0.383, 0.017000000000000015, 0.6352, 0.46599999999999997, 0.8238, 0.19469999999999998, 0.4194, 0.5301, 0.9917, 0.9856, 0.8827, 0.8968, 0.037699999999999956, 0.7793, 0.982, 0.7807999999999999, 0.16820000000000002, 0.9039],
 powerlist 
[0.33502218138579626, 0.32580712265816553, 0.32672969731379164, 0.28587092485868415, 0.31883316957044139, 0.3186532456316149, 0.32800509329388067, 0.2960161872480721, 0.31508481919025388, 0.3156180523445985, 0.3482454823470329, 0.34675344346918435, 0.31396355080650917, 0.30563013001404687, 0.26105640012557557, 0.29520849845116531, 0.33514052348675166, 0.294922715532075, 0.26672678418192353, 0.3145545136089799],
 listnumberlist 
[0, 0, 0, 0, 0, 0, 0, 0, 0, 0, 0, 0, 0, 0, 0, 0, 0, 0, 0, 0],
 end of file
