fullmaglist 
[17.736842105263158, 17.736842105263158, 17.736842105263158, 17.736842105263158, 17.736842105263158, 17.736842105263158, 17.736842105263158, 17.736842105263158, 17.736842105263158, 17.736842105263158, 17.736842105263158, 17.736842105263158, 17.736842105263158, 17.736842105263158, 17.736842105263158, 17.736842105263158, 17.736842105263158, 17.736842105263158, 17.736842105263158, 17.736842105263158],
 periodlist 
[0.0031622776601683798, 0.0054555947811685199, 0.0094120496726806703, 0.016237767391887217, 0.028013567611988671, 0.048329302385717518, 0.083378222347178912, 0.14384498882876623, 0.24816289228368255, 0.42813323987193919, 0.73861998220793579, 1.2742749857031335, 2.1983926488622894, 3.7926901907322494, 6.5431891297129621, 11.288378916846883, 19.474830399087551, 33.59818286283781, 57.963939533849604, 100.0],
 measuredperiodlist 
[0.0038322081063579812, 0.0032660879124243453, 0.0055952194275313751, 0.074266822441094574, 0.03280454323325014, 0.024669138897628992, 0.037165235065566148, 0.012444474418124955, 0.010198246459434224, 0.29953201290035347, 2.1500655316231025, 0.99725710622183272, 0.66991173923260428, 0.78966629040026648, 6.5417263425539911, 26.448665841759528, 11.509664562090938, 37.091751887183065, 24.441468161673843, 53.571135865649289],
 siglist 
[0.5938, 0.49350000000000005, 0.9991, 0.7706999999999999, 0.75, 0.6738, 0.12870000000000004, 0.9478, 0.6474, 0.38560000000000005, 0.34640000000000004, 0.31220000000000003, 0.031200000000000006, 0.2841, 0.8016, 0.4457, 0.9616, 0.09970000000000001, 0.7279, 0.23609999999999998],
 powerlist 
[0.37005064899052309, 0.3440877333542241, 0.44626350345067134, 0.3699550383656422, 0.34490940944561238, 0.36254633840482414, 0.31623807378851448, 0.36802009610386938, 0.33613819678322243, 0.34148874337385066, 0.31102748996246971, 0.28561360368640354, 0.26645802410447528, 0.29723778594357375, 0.31256776960519311, 0.30286174119266424, 0.34521574042707637, 0.28118830489633101, 0.30086877474128482, 0.28834106697042355],
 listnumberlist 
[0, 0, 0, 0, 0, 0, 0, 0, 0, 0, 0, 0, 0, 0, 0, 0, 0, 0, 0, 0],
 end of file
