fullmaglist 
[22.526315789473685, 22.526315789473685, 22.526315789473685, 22.526315789473685, 22.526315789473685, 22.526315789473685, 22.526315789473685, 22.526315789473685, 22.526315789473685, 22.526315789473685, 22.526315789473685, 22.526315789473685, 22.526315789473685, 22.526315789473685, 22.526315789473685, 22.526315789473685, 22.526315789473685, 22.526315789473685, 22.526315789473685, 22.526315789473685],
 periodlist 
[0.0031622776601683798, 0.0054555947811685199, 0.0094120496726806703, 0.016237767391887217, 0.028013567611988671, 0.048329302385717518, 0.083378222347178912, 0.14384498882876623, 0.24816289228368255, 0.42813323987193919, 0.73861998220793579, 1.2742749857031335, 2.1983926488622894, 3.7926901907322494, 6.5431891297129621, 11.288378916846883, 19.474830399087551, 33.59818286283781, 57.963939533849604, 100.0],
 measuredperiodlist 
[0.0029669413123915044, 0.010606168017841717, 0.0059269658539115224, 0.010371531980402479, 0.058845194749530101, 0.11188330484431176, 0.071339634731617557, 0.036721421462828877, 0.084892158819466337, 0.020318148048151519, 0.58579834689550891, 0.6737334918645308, 0.79580063101009024, 0.99622267435762279, 0.86540124693618148, 11.287155311100012, 34.555518759683238, 14.032385861031734, 21.945400423788868, 99.496787331956682],
 siglist 
[0.26759999999999995, 0.6546000000000001, 0.16759999999999997, 0.9831, 0.9966, 0.8617, 0.6625, 0.6772, 0.45009999999999994, 0.0403, 0.33809999999999996, 0.7641, 0.5842, 0.31100000000000005, 0.8049, 0.25980000000000003, 0.37050000000000005, 0.4393, 0.39259999999999995, 0.5763],
 powerlist 
[0.38067892407051979, 0.40378668329191819, 0.37877431455798133, 0.44655973230491852, 0.45755230243318357, 0.39451589827280226, 0.41675016831145539, 0.38598738984849934, 0.40470206237281703, 0.36824149216690466, 0.33588450019937954, 0.37044396699186233, 0.36971885501726109, 0.34726998636451334, 0.38965385828553051, 0.33893743910618745, 0.3280993322581251, 0.35657148867599625, 0.34252426786276657, 0.34168947523367366],
 listnumberlist 
[0, 0, 0, 0, 0, 0, 0, 0, 0, 0, 0, 0, 0, 0, 0, 0, 0, 0, 0, 0],
 end of file
