fullmaglist 
[21.421052631578945, 21.421052631578945, 21.421052631578945, 21.421052631578945, 21.421052631578945, 21.421052631578945, 21.421052631578945, 21.421052631578945, 21.421052631578945, 21.421052631578945, 21.421052631578945, 21.421052631578945, 21.421052631578945, 21.421052631578945, 21.421052631578945, 21.421052631578945, 21.421052631578945, 21.421052631578945, 21.421052631578945, 21.421052631578945],
 periodlist 
[0.0031622776601683798, 0.0054555947811685199, 0.0094120496726806703, 0.016237767391887217, 0.028013567611988671, 0.048329302385717518, 0.083378222347178912, 0.14384498882876623, 0.24816289228368255, 0.42813323987193919, 0.73861998220793579, 1.2742749857031335, 2.1983926488622894, 3.7926901907322494, 6.5431891297129621, 11.288378916846883, 19.474830399087551, 33.59818286283781, 57.963939533849604, 100.0],
 measuredperiodlist 
[0.003162277584730444, 0.0037286371590107958, 0.010045874724208067, 0.016237755834356955, 0.016067087313221665, 0.017027616006483944, 0.013959350425237034, 0.012585832231769385, 0.012982294093412571, 0.29099393203901103, 0.50108699842660132, 1.448806024009577, 0.96428336255116875, 0.78962665183735137, 1.0225328936514, 40.266206084111161, 19.467885887169455, 40.311967509804312, 57.813585807161608, 22.89279970493757],
 siglist 
[0.13419999999999999, 0.4777, 0.08560000000000001, 0.37170000000000003, 0.868, 0.8221, 0.0655, 0.34950000000000003, 0.995, 0.39039999999999997, 0.8894, 0.6449, 0.7179, 0.6347, 0.9541, 0.9767, 0.36429999999999996, 0.8547, 0.9589, 0.2704],
 powerlist 
[0.36322261543136475, 0.37046885823130787, 0.35352966621090648, 0.34684338555143135, 0.38987077301785777, 0.38264124765759255, 0.3349725899152432, 0.36934259912880685, 0.44208615148089825, 0.3532768802584903, 0.3427248729194548, 0.33139242711795891, 0.33121345848031536, 0.32565136773761688, 0.3556980977079206, 0.38367468983030228, 0.32636396376230753, 0.35250344563180613, 0.37450857260604015, 0.31519374605188988],
 listnumberlist 
[0, 0, 0, 0, 0, 0, 0, 0, 0, 0, 0, 0, 0, 0, 0, 0, 0, 0, 0, 0],
 end of file
