fullmaglist 
[20.684210526315788, 20.684210526315788, 20.684210526315788, 20.684210526315788, 20.684210526315788, 20.684210526315788, 20.684210526315788, 20.684210526315788, 20.684210526315788, 20.684210526315788, 20.684210526315788, 20.684210526315788, 20.684210526315788, 20.684210526315788, 20.684210526315788, 20.684210526315788, 20.684210526315788, 20.684210526315788, 20.684210526315788, 20.684210526315788],
 periodlist 
[0.0031622776601683798, 0.0054555947811685199, 0.0094120496726806703, 0.016237767391887217, 0.028013567611988671, 0.048329302385717518, 0.083378222347178912, 0.14384498882876623, 0.24816289228368255, 0.42813323987193919, 0.73861998220793579, 1.2742749857031335, 2.1983926488622894, 3.7926901907322494, 6.5431891297129621, 11.288378916846883, 19.474830399087551, 33.59818286283781, 57.963939533849604, 100.0],
 measuredperiodlist 
[0.0073489879163749642, 0.003996371021043805, 0.0057188032063762786, 0.22463559025623897, 0.22463456098815432, 0.028688645253825949, 0.018459233817440648, 0.28244363608357165, 0.014083640756318802, 0.013915130571029855, 0.73861411060270843, 1.1573533563904008, 2.59456519970602, 2.5941847103253624, 0.56848295076910671, 15.502342352990741, 19.45958202682263, 33.56686107757556, 26.516035621890175, 99.87148038100139],
 siglist 
[0.4867, 0.665, 0.6597, 0.02969999999999995, 0.5257000000000001, 0.9388, 0.07630000000000003, 0.36119999999999997, 0.7101999999999999, 0.6592, 0.9505, 0.7738, 0.12619999999999998, 0.9552, 0.9665, 0.8253, 0.49429999999999996, 0.5405, 0.6263000000000001, 0.18079999999999996],
 powerlist 
[0.36831141491320918, 0.367996866464182, 0.36128206994022621, 0.32880624783810952, 0.35282714729230286, 0.38905179759527886, 0.32841712602657203, 0.35961950405315724, 0.36072627252590878, 0.35631536381775608, 0.35762017255034295, 0.31800833266793171, 0.29046365495462595, 0.36851489850685559, 0.38388550526055154, 0.32106084037327742, 0.30227007252053217, 0.31978067233462498, 0.32662316492495302, 0.29603005073310673],
 listnumberlist 
[0, 0, 0, 0, 0, 0, 0, 0, 0, 0, 0, 0, 0, 0, 0, 0, 0, 0, 0, 0],
 end of file
