fullmaglist 
[17.36842105263158, 17.36842105263158, 17.36842105263158, 17.36842105263158, 17.36842105263158, 17.36842105263158, 17.36842105263158, 17.36842105263158, 17.36842105263158, 17.36842105263158, 17.36842105263158, 17.36842105263158, 17.36842105263158, 17.36842105263158, 17.36842105263158, 17.36842105263158, 17.36842105263158, 17.36842105263158, 17.36842105263158, 17.36842105263158],
 periodlist 
[0.0031622776601683798, 0.0054555947811685199, 0.0094120496726806703, 0.016237767391887217, 0.028013567611988671, 0.048329302385717518, 0.083378222347178912, 0.14384498882876623, 0.24816289228368255, 0.42813323987193919, 0.73861998220793579, 1.2742749857031335, 2.1983926488622894, 3.7926901907322494, 6.5431891297129621, 11.288378916846883, 19.474830399087551, 33.59818286283781, 57.963939533849604, 100.0],
 measuredperiodlist 
[0.0031221988556014643, 0.0078954483480251254, 0.010537996602276917, 0.015772329209489656, 0.14117293289697894, 0.049398566514076737, 0.011307717706166127, 0.010015846965380212, 0.015724442676109118, 0.048532857211473469, 1.0730481618687908, 0.85715203777457605, 2.1985007646845904, 0.88904078398177711, 0.85755563315719396, 10.334628903925182, 12.481493842778255, 19.847214585063274, 14.330573455373916, 100.16121293699294],
 siglist 
[0.31379999999999997, 0.7163999999999999, 0.2966, 0.15469999999999995, 0.31200000000000006, 0.7962, 0.6336999999999999, 0.681, 0.8154, 0.23839999999999995, 0.6376, 0.4303, 0.5299, 0.4669, 0.29069999999999996, 0.9734, 0.36529999999999996, 0.5951, 0.5951, 0.7166],
 powerlist 
[0.36758392123417372, 0.37787124450485687, 0.38175407323931365, 0.34450769471097692, 0.35454485405523106, 0.38653720197411373, 0.37576715847153352, 0.37603577911739017, 0.40215731730412418, 0.35364855003483181, 0.34177117290264375, 0.31791740524505058, 0.32602111232529918, 0.32189792148368018, 0.30400805626596483, 0.37517925633646371, 0.31468369303571275, 0.34507003265057506, 0.3274902175953664, 0.33302971203335097],
 listnumberlist 
[0, 0, 0, 0, 0, 0, 0, 0, 0, 0, 0, 0, 0, 0, 0, 0, 0, 0, 0, 0],
 end of file
