fullmaglist 
[20.684210526315788, 20.684210526315788, 20.684210526315788, 20.684210526315788, 20.684210526315788, 20.684210526315788, 20.684210526315788, 20.684210526315788, 20.684210526315788, 20.684210526315788, 20.684210526315788, 20.684210526315788, 20.684210526315788, 20.684210526315788, 20.684210526315788, 20.684210526315788, 20.684210526315788, 20.684210526315788, 20.684210526315788, 20.684210526315788],
 periodlist 
[0.0031622776601683798, 0.0054555947811685199, 0.0094120496726806703, 0.016237767391887217, 0.028013567611988671, 0.048329302385717518, 0.083378222347178912, 0.14384498882876623, 0.24816289228368255, 0.42813323987193919, 0.73861998220793579, 1.2742749857031335, 2.1983926488622894, 3.7926901907322494, 6.5431891297129621, 11.288378916846883, 19.474830399087551, 33.59818286283781, 57.963939533849604, 100.0],
 measuredperiodlist 
[0.0050886527229173093, 0.0029072006468643125, 0.010664405147354297, 0.094791835537284166, 0.010291683965478837, 0.024291907381027291, 0.010456097938177025, 0.016101154440501354, 0.012106480282360478, 0.016101154297271145, 1.4843255777741329, 1.155867550833652, 0.6074129889406652, 1.0456594740158793, 0.63880580540921439, 21.560602421804663, 20.539844094954095, 33.582901850385532, 58.112435922866815, 21.569081078906375],
 siglist 
[0.15239999999999998, 0.43920000000000003, 0.10470000000000002, 0.6225, 0.5591999999999999, 0.7708, 0.832, 0.21950000000000003, 0.5715, 0.7908999999999999, 0.9881, 0.0736, 0.6369, 0.9271, 0.23560000000000003, 0.7017, 0.9813, 0.5629, 0.6175999999999999, 0.9693],
 powerlist 
[0.34714631409961783, 0.38382178044752385, 0.33751352901094744, 0.36027626330949647, 0.36407850465821229, 0.38339977723098995, 0.38159061605726097, 0.3478707206585232, 0.35962768143980994, 0.36958367872864906, 0.36505898504225909, 0.32402255179282863, 0.32511210702012061, 0.34830397357379433, 0.30155701786096145, 0.3359022063413129, 0.37618486982669952, 0.32088982934420379, 0.31587347894765666, 0.36489748600141952],
 listnumberlist 
[0, 0, 0, 0, 0, 0, 0, 0, 0, 0, 0, 0, 0, 0, 0, 0, 0, 0, 0, 0],
 end of file
