fullmaglist 
[20.31578947368421, 20.31578947368421, 20.31578947368421, 20.31578947368421, 20.31578947368421, 20.31578947368421, 20.31578947368421, 20.31578947368421, 20.31578947368421, 20.31578947368421, 20.31578947368421, 20.31578947368421, 20.31578947368421, 20.31578947368421, 20.31578947368421, 20.31578947368421, 20.31578947368421, 20.31578947368421, 20.31578947368421, 20.31578947368421],
 periodlist 
[0.0031622776601683798, 0.0054555947811685199, 0.0094120496726806703, 0.016237767391887217, 0.028013567611988671, 0.048329302385717518, 0.083378222347178912, 0.14384498882876623, 0.24816289228368255, 0.42813323987193919, 0.73861998220793579, 1.2742749857031335, 2.1983926488622894, 3.7926901907322494, 6.5431891297129621, 11.288378916846883, 19.474830399087551, 33.59818286283781, 57.963939533849604, 100.0],
 measuredperiodlist 
[0.0068489390172984527, 0.0067883168621730794, 0.0051445614299425535, 0.038212085546885585, 0.027248164305702201, 0.046095515413941822, 0.01217732195487041, 0.02801108102711225, 0.057503362355361971, 0.020077443257431746, 0.69036685210302629, 0.5544163212259815, 2.0945539876978434, 0.69037712719209121, 0.86537458363364095, 11.284723547912233, 19.47249606587679, 33.563478043325922, 57.7821931907704, 99.760507327522959],
 siglist 
[0.972, 0.09850000000000003, 0.8002, 0.14259999999999995, 0.5608, 0.21809999999999996, 0.5958, 0.4124, 0.6415, 0.39890000000000003, 0.1854, 0.7439, 0.15439999999999998, 0.4274, 0.08630000000000004, 0.07530000000000003, 0.15800000000000003, 0.3075, 0.2569, 0.969],
 powerlist 
[0.41497912398148196, 0.35087162870149657, 0.38389799666123087, 0.33753314751320901, 0.36220234036836074, 0.35697520853755127, 0.3647608635769593, 0.34334608902552699, 0.35517981458674364, 0.34606636154885356, 0.29874940501971381, 0.33034556148484584, 0.3035552169169406, 0.3069585918361063, 0.29305430770504082, 0.28809951026040054, 0.29080532007018245, 0.30939396449998768, 0.30264545246050994, 0.36697289409336215],
 listnumberlist 
[0, 0, 0, 0, 0, 0, 0, 0, 0, 0, 0, 0, 0, 0, 0, 0, 0, 0, 0, 0],
 end of file
