fullmaglist 
[18.842105263157894, 18.842105263157894, 18.842105263157894, 18.842105263157894, 18.842105263157894, 18.842105263157894, 18.842105263157894, 18.842105263157894, 18.842105263157894, 18.842105263157894, 18.842105263157894, 18.842105263157894, 18.842105263157894, 18.842105263157894, 18.842105263157894, 18.842105263157894, 18.842105263157894, 18.842105263157894, 18.842105263157894, 18.842105263157894],
 periodlist 
[0.0031622776601683798, 0.0054555947811685199, 0.0094120496726806703, 0.016237767391887217, 0.028013567611988671, 0.048329302385717518, 0.083378222347178912, 0.14384498882876623, 0.24816289228368255, 0.42813323987193919, 0.73861998220793579, 1.2742749857031335, 2.1983926488622894, 3.7926901907322494, 6.5431891297129621, 11.288378916846883, 19.474830399087551, 33.59818286283781, 57.963939533849604, 100.0],
 measuredperiodlist 
[0.0041270054609698617, 0.00539556217721759, 0.0093240492950079391, 0.019596535496059695, 0.014983229760689963, 0.010897935033386661, 0.010085596304369723, 0.018619940645720156, 0.46475784304454854, 0.023242698500584944, 0.7385976616652814, 1.2743038988024289, 2.1985710419825075, 3.7934048288481219, 6.544827129634589, 11.281263344476416, 14.430110583913971, 17.933477388286331, 15.573394979695028, 12.393370058396492],
 siglist 
[0.4659, 0.604, 0.40569999999999995, 0.08699999999999997, 0.18579999999999997, 0.10250000000000004, 0.009299999999999975, 0.053200000000000025, 0.07079999999999997, 0.024599999999999955, 0.9512, 0.9753000000000001, 0.5244, 0.2551, 0.638, 0.32299999999999995, 0.44730000000000003, 0.6825, 0.7872, 0.6214999999999999],
 powerlist 
[0.33039910812179463, 0.32973952302011839, 0.32179411786898243, 0.2975624908489396, 0.29984652021529051, 0.29854783706605464, 0.2885805181580367, 0.28878947956163609, 0.29685332290091143, 0.28923165645474241, 0.32946087658017004, 0.35109983978543541, 0.27574544323560007, 0.26242898329198189, 0.28922927895265699, 0.26455610624080256, 0.27155379004878538, 0.28289000924482066, 0.29465330621256247, 0.27681559736039718],
 listnumberlist 
[0, 0, 0, 0, 0, 0, 0, 0, 0, 0, 0, 0, 0, 0, 0, 0, 0, 0, 0, 0],
 end of file
