fullmaglist 
[22.526315789473685, 22.526315789473685, 22.526315789473685, 22.526315789473685, 22.526315789473685, 22.526315789473685, 22.526315789473685, 22.526315789473685, 22.526315789473685, 22.526315789473685, 22.526315789473685, 22.526315789473685, 22.526315789473685, 22.526315789473685, 22.526315789473685, 22.526315789473685, 22.526315789473685, 22.526315789473685, 22.526315789473685, 22.526315789473685],
 periodlist 
[0.0031622776601683798, 0.0054555947811685199, 0.0094120496726806703, 0.016237767391887217, 0.028013567611988671, 0.048329302385717518, 0.083378222347178912, 0.14384498882876623, 0.24816289228368255, 0.42813323987193919, 0.73861998220793579, 1.2742749857031335, 2.1983926488622894, 3.7926901907322494, 6.5431891297129621, 11.288378916846883, 19.474830399087551, 33.59818286283781, 57.963939533849604, 100.0],
 measuredperiodlist 
[0.0075837518015228617, 0.0030745818205041527, 0.0038327352020391834, 0.011502248329081626, 0.12500002069520427, 0.010917451970084263, 0.0214997623338209, 0.011810816332271167, 0.026839586945778812, 0.017031110541521618, 4.2915677626989677, 2.488983392085248, 1.1664174332050286, 0.65208003840096218, 0.81108296301562577, 18.038409501434234, 70.866774471057184, 33.712761041212175, 17.112023234062733, 100.57950763095592],
 siglist 
[0.4397, 0.5968, 0.8709, 0.8403, 0.8208, 0.9271, 0.3319, 0.14080000000000004, 0.3942, 0.8968, 0.5319, 0.8427, 0.5479, 0.9104, 0.7046, 0.7207, 0.9154, 0.3781, 0.46430000000000005, 0.756],
 powerlist 
[0.3846161496855442, 0.40218866008667115, 0.41438464114013729, 0.40136662419231023, 0.41223940979970419, 0.41632828746235273, 0.35840100452047285, 0.38052506703240752, 0.38353634458326397, 0.40751404675803149, 0.33678347223626559, 0.37183787669624924, 0.33077156628966853, 0.36424594747984768, 0.34564177094741994, 0.3438927217991295, 0.36819985307196601, 0.33629434003530811, 0.35723383368236866, 0.35778823778661645],
 listnumberlist 
[0, 0, 0, 0, 0, 0, 0, 0, 0, 0, 0, 0, 0, 0, 0, 0, 0, 0, 0, 0],
 end of file
