fullmaglist 
[21.05263157894737, 21.05263157894737, 21.05263157894737, 21.05263157894737, 21.05263157894737, 21.05263157894737, 21.05263157894737, 21.05263157894737, 21.05263157894737, 21.05263157894737, 21.05263157894737, 21.05263157894737, 21.05263157894737, 21.05263157894737, 21.05263157894737, 21.05263157894737, 21.05263157894737, 21.05263157894737, 21.05263157894737, 21.05263157894737],
 periodlist 
[0.0031622776601683798, 0.0054555947811685199, 0.0094120496726806703, 0.016237767391887217, 0.028013567611988671, 0.048329302385717518, 0.083378222347178912, 0.14384498882876623, 0.24816289228368255, 0.42813323987193919, 0.73861998220793579, 1.2742749857031335, 2.1983926488622894, 3.7926901907322494, 6.5431891297129621, 11.288378916846883, 19.474830399087551, 33.59818286283781, 57.963939533849604, 100.0],
 measuredperiodlist 
[0.0034658352049523264, 0.0061854448767655629, 0.0096890071310354858, 0.11200527489526858, 0.040899796950381977, 0.024145436613738681, 0.015171597868369387, 0.045697738001835894, 0.013507050531249804, 0.039288692928553103, 0.87166536218737367, 1.4591372620609115, 1.1385377945100412, 1.0963917371104734, 0.60844474807773474, 11.041270455875997, 11.015185821470734, 21.624429187395478, 11.043268112020955, 11.03972730742985],
 siglist 
[0.20089999999999997, 0.15059999999999996, 0.9071, 0.9029, 0.8664000000000001, 0.07879999999999998, 0.7594, 0.8558, 0.031100000000000017, 0.21140000000000003, 0.36850000000000005, 0.7646999999999999, 0.36729999999999996, 0.9117999999999999, 0.473, 0.2875, 0.1018, 0.16510000000000002, 0.6476999999999999, 0.6364000000000001],
 powerlist 
[0.475708353687055, 0.46652259645835475, 0.54784716540254563, 0.52861373285591207, 0.51312805078478974, 0.44352507101302685, 0.51559014581584395, 0.51097317312323498, 0.45133954219162548, 0.43885436778369147, 0.42374756515942835, 0.45590236234193349, 0.4019398141015641, 0.47858115176818739, 0.40132196743223769, 0.40426951612714918, 0.39083715139150388, 0.37587072767058549, 0.43524879173747094, 0.43155619029418318],
 listnumberlist 
[0, 0, 0, 0, 0, 0, 0, 0, 0, 0, 0, 0, 0, 0, 0, 0, 0, 0, 0, 0],
 end of file
