fullmaglist 
[21.421052631578945, 21.421052631578945, 21.421052631578945, 21.421052631578945, 21.421052631578945, 21.421052631578945, 21.421052631578945, 21.421052631578945, 21.421052631578945, 21.421052631578945, 21.421052631578945, 21.421052631578945, 21.421052631578945, 21.421052631578945, 21.421052631578945, 21.421052631578945, 21.421052631578945, 21.421052631578945, 21.421052631578945, 21.421052631578945],
 periodlist 
[0.0031622776601683798, 0.0054555947811685199, 0.0094120496726806703, 0.016237767391887217, 0.028013567611988671, 0.048329302385717518, 0.083378222347178912, 0.14384498882876623, 0.24816289228368255, 0.42813323987193919, 0.73861998220793579, 1.2742749857031335, 2.1983926488622894, 3.7926901907322494, 6.5431891297129621, 11.288378916846883, 19.474830399087551, 33.59818286283781, 57.963939533849604, 100.0],
 measuredperiodlist 
[0.0031723369272866841, 0.0054555945567721226, 0.009412051891377015, 0.015977620803120787, 0.028013561685102592, 0.046095414900972125, 0.083378026723748541, 0.14384513811391633, 0.24816285053647957, 0.428133054130727, 0.73860483384147424, 1.274255796560108, 2.1982953853054381, 3.7927729935880987, 6.5430991647414398, 11.28924401389186, 19.473194414318897, 33.612907704253217, 57.990511902213441, 100.00421953509961],
 siglist 
[0.21140000000000003, 1.0, 1.0, 1.0, 1.0, 1.0, 1.0, 1.0, 1.0, 1.0, 1.0, 1.0, 1.0, 1.0, 1.0, 1.0, 1.0, 1.0, 1.0, 1.0],
 powerlist 
[0.069086856131979346, 0.15070510362283868, 0.18253743118347637, 0.17528017947187047, 0.23649429087157581, 0.11852412327360801, 0.16907123631744581, 0.16357665613871478, 0.16751663991327012, 0.19233640391665421, 0.14583045842802606, 0.22109723789849972, 0.12510027930488543, 0.15378894066765467, 0.14676476127462285, 0.20158797015604291, 0.14909420258231551, 0.24151508398138713, 0.20417542889521967, 0.25688682489333553],
 listnumberlist 
[0, 0, 0, 0, 0, 0, 0, 0, 0, 0, 0, 0, 0, 0, 0, 0, 0, 0, 0, 0],
 end of file
