fullmaglist 
[20.31578947368421, 20.31578947368421, 20.31578947368421, 20.31578947368421, 20.31578947368421, 20.31578947368421, 20.31578947368421, 20.31578947368421, 20.31578947368421, 20.31578947368421, 20.31578947368421, 20.31578947368421, 20.31578947368421, 20.31578947368421, 20.31578947368421, 20.31578947368421, 20.31578947368421, 20.31578947368421, 20.31578947368421, 20.31578947368421],
 periodlist 
[0.0031622776601683798, 0.0054555947811685199, 0.0094120496726806703, 0.016237767391887217, 0.028013567611988671, 0.048329302385717518, 0.083378222347178912, 0.14384498882876623, 0.24816289228368255, 0.42813323987193919, 0.73861998220793579, 1.2742749857031335, 2.1983926488622894, 3.7926901907322494, 6.5431891297129621, 11.288378916846883, 19.474830399087551, 33.59818286283781, 57.963939533849604, 100.0],
 measuredperiodlist 
[0.0039162135198041719, 0.0037124283312980565, 0.0031467655250666388, 0.025002803197044753, 0.042119237840885587, 0.025155360521952618, 0.012199406039054101, 0.31812975444996994, 0.034940276399388924, 0.021538418491427281, 0.73858591603293666, 1.7358182643724556, 2.045718638419483, 2.1237572381180807, 1.1765622012069399, 11.637203794782884, 19.492418191589358, 33.514026622135532, 57.971542190733025, 23.566361046307172],
 siglist 
[0.6512, 0.15780000000000005, 0.3145, 0.6884, 0.47529999999999994, 0.5728, 0.7564, 0.7904, 0.8819, 0.17469999999999997, 0.22250000000000003, 0.6077, 0.29610000000000003, 0.054400000000000004, 0.8952, 0.6165, 0.18230000000000002, 0.8587, 0.009199999999999986, 0.7564],
 powerlist 
[0.52913782357036476, 0.49354375546860724, 0.49490848462220083, 0.50656143454663416, 0.4885343616974589, 0.50629596803978105, 0.51892813124635961, 0.51093150803368947, 0.55844669998470597, 0.47280138721826603, 0.39603204190324059, 0.42768686884545837, 0.3962127849179603, 0.45201893764917123, 0.48355913413066404, 0.44350168317630345, 0.41726845296966991, 0.46537974388936854, 0.38717020422023396, 0.44070292012609447],
 listnumberlist 
[0, 0, 0, 0, 0, 0, 0, 0, 0, 0, 0, 0, 0, 0, 0, 0, 0, 0, 0, 0],
 end of file
