fullmaglist 
[21.789473684210527, 21.789473684210527, 21.789473684210527, 21.789473684210527, 21.789473684210527, 21.789473684210527, 21.789473684210527, 21.789473684210527, 21.789473684210527, 21.789473684210527, 21.789473684210527, 21.789473684210527, 21.789473684210527, 21.789473684210527, 21.789473684210527, 21.789473684210527, 21.789473684210527, 21.789473684210527, 21.789473684210527, 21.789473684210527],
 periodlist 
[0.0031622776601683798, 0.0054555947811685199, 0.0094120496726806703, 0.016237767391887217, 0.028013567611988671, 0.048329302385717518, 0.083378222347178912, 0.14384498882876623, 0.24816289228368255, 0.42813323987193919, 0.73861998220793579, 1.2742749857031335, 2.1983926488622894, 3.7926901907322494, 6.5431891297129621, 11.288378916846883, 19.474830399087551, 33.59818286283781, 57.963939533849604, 100.0],
 measuredperiodlist 
[0.0031622777643872026, 0.0054856042485334705, 0.009412051280014995, 0.016237766828278991, 0.028823222455491244, 0.050790677119102699, 0.076945167817175447, 0.14384554270762567, 0.3303751072962709, 0.29953724690376604, 0.73860985375039789, 1.2742576641971555, 2.1985455422917988, 3.7927316291070605, 6.5426806249465308, 11.286532725330488, 19.471231859711004, 33.614857132343815, 58.017600926143132, 99.889320603047111],
 siglist 
[0.1856, 1.0, 1.0, 1.0, 1.0, 0.9999, 1.0, 1.0, 1.0, 1.0, 1.0, 1.0, 1.0, 1.0, 1.0, 1.0, 1.0, 1.0, 1.0, 1.0],
 powerlist 
[0.06883925682973259, 0.17262763790326255, 0.17585865086431815, 0.11670619683900946, 0.20592717860595494, 0.10474576743169445, 0.21332727604418228, 0.12290536144397074, 0.11040505026072661, 0.15123790018511557, 0.092989832178901624, 0.1658435332551409, 0.1181139430713955, 0.13088200298713937, 0.12220330873979428, 0.14835464180835428, 0.14346004457643527, 0.19751221745716385, 0.16255520624929623, 0.18835017175204397],
 listnumberlist 
[0, 0, 0, 0, 0, 0, 0, 0, 0, 0, 0, 0, 0, 0, 0, 0, 0, 0, 0, 0],
 end of file
