fullmaglist 
[21.789473684210527, 21.789473684210527, 21.789473684210527, 21.789473684210527, 21.789473684210527, 21.789473684210527, 21.789473684210527, 21.789473684210527, 21.789473684210527, 21.789473684210527, 21.789473684210527, 21.789473684210527, 21.789473684210527, 21.789473684210527, 21.789473684210527, 21.789473684210527, 21.789473684210527, 21.789473684210527, 21.789473684210527, 21.789473684210527],
 periodlist 
[0.0031622776601683798, 0.0054555947811685199, 0.0094120496726806703, 0.016237767391887217, 0.028013567611988671, 0.048329302385717518, 0.083378222347178912, 0.14384498882876623, 0.24816289228368255, 0.42813323987193919, 0.73861998220793579, 1.2742749857031335, 2.1983926488622894, 3.7926901907322494, 6.5431891297129621, 11.288378916846883, 19.474830399087551, 33.59818286283781, 57.963939533849604, 100.0],
 measuredperiodlist 
[0.0087924602014031565, 0.0087924636628739818, 0.002990069850212336, 0.077511509267903761, 0.029754370703724005, 0.021657243580686717, 0.076945286951243141, 0.16808926781159286, 0.010636409101080168, 0.024120765349155554, 0.99725710622183272, 0.99725710622183272, 0.99726590237444379, 0.99726590237444379, 0.99726590237444379, 11.291626393572495, 19.454696079734898, 33.613369209390761, 60.269377113328474, 100.00868547862385],
 siglist 
[0.15739999999999998, 0.4354, 0.29390000000000005, 0.19220000000000004, 0.19179999999999997, 0.31689999999999996, 0.9972, 0.9755, 0.12860000000000005, 0.3741, 0.5554, 0.4575, 0.9033, 0.6623, 0.7767999999999999, 0.9493, 0.4011, 0.648, 0.9897, 0.265],
 powerlist 
[0.35995871696135262, 0.35774011601392236, 0.35992563815654571, 0.33178968438637996, 0.33905919299738546, 0.3493679211106302, 0.42267558047860188, 0.43537273812735666, 0.34298961748291401, 0.35865894945663196, 0.32884939737331964, 0.32547483073117134, 0.36454765981651072, 0.3184693763017315, 0.33985445520055391, 0.36431688084653596, 0.30602080662269798, 0.34203343873807884, 0.39095838887472129, 0.29585861547982095],
 listnumberlist 
[0, 0, 0, 0, 0, 0, 0, 0, 0, 0, 0, 0, 0, 0, 0, 0, 0, 0, 0, 0],
 end of file
