fullmaglist 
[21.421052631578945, 21.421052631578945, 21.421052631578945, 21.421052631578945, 21.421052631578945, 21.421052631578945, 21.421052631578945, 21.421052631578945, 21.421052631578945, 21.421052631578945, 21.421052631578945, 21.421052631578945, 21.421052631578945, 21.421052631578945, 21.421052631578945, 21.421052631578945, 21.421052631578945, 21.421052631578945, 21.421052631578945, 21.421052631578945],
 periodlist 
[0.0031622776601683798, 0.0054555947811685199, 0.0094120496726806703, 0.016237767391887217, 0.028013567611988671, 0.048329302385717518, 0.083378222347178912, 0.14384498882876623, 0.24816289228368255, 0.42813323987193919, 0.73861998220793579, 1.2742749857031335, 2.1983926488622894, 3.7926901907322494, 6.5431891297129621, 11.288378916846883, 19.474830399087551, 33.59818286283781, 57.963939533849604, 100.0],
 measuredperiodlist 
[0.011933523586578891, 0.0041133256363386946, 0.0043494070241191568, 0.020846061904518539, 0.04243267980353424, 0.01016064437690134, 0.010974885268215363, 0.026142033138750367, 0.018956840568073261, 0.018996357240785189, 2.8482407394723728, 0.98228532368137023, 0.91057405993427321, 0.61522263689283463, 0.717354049046383, 11.286398917511375, 19.475942965524151, 33.621479212288222, 58.107298291414168, 10.63526359932191],
 siglist 
[0.8268, 0.6744, 0.19410000000000005, 0.5324, 0.45640000000000003, 0.8543000000000001, 0.4065, 0.05130000000000001, 0.059699999999999975, 0.8637, 0.8756, 0.8264, 0.8972, 0.028800000000000048, 0.43069999999999997, 0.3952, 0.08479999999999999, 0.3909, 0.387, 0.7534],
 powerlist 
[0.36446122937691505, 0.35968283237099857, 0.32730488903372296, 0.31895336563053656, 0.31322921341168103, 0.33181744994848983, 0.31381620436845686, 0.29257684244152249, 0.29178994217493509, 0.34253064161857882, 0.29854505424836153, 0.31120093708601115, 0.32060620520691935, 0.25447993137416736, 0.28175446612112326, 0.27240569206014709, 0.25822612816562773, 0.2728999900550152, 0.26711791642202459, 0.29986720963348051],
 listnumberlist 
[0, 0, 0, 0, 0, 0, 0, 0, 0, 0, 0, 0, 0, 0, 0, 0, 0, 0, 0, 0],
 end of file
