fullmaglist 
[24.0, 24.0, 24.0, 24.0, 24.0, 24.0, 24.0, 24.0, 24.0, 24.0, 24.0, 24.0, 24.0, 24.0, 24.0, 24.0, 24.0, 24.0, 24.0, 24.0],
 periodlist 
[0.0031622776601683798, 0.0054555947811685199, 0.0094120496726806703, 0.016237767391887217, 0.028013567611988671, 0.048329302385717518, 0.083378222347178912, 0.14384498882876623, 0.24816289228368255, 0.42813323987193919, 0.73861998220793579, 1.2742749857031335, 2.1983926488622894, 3.7926901907322494, 6.5431891297129621, 11.288378916846883, 19.474830399087551, 33.59818286283781, 57.963939533849604, 100.0],
 measuredperiodlist 
[0.0064360366807466587, 0.0056442278350356759, 0.0059961144596122106, 0.089509309061619538, 0.020641922611826093, 0.19829712285367676, 0.059704831617295, 0.010739702879862201, 0.012984963537497634, 0.059944117479644135, 0.5324704691127975, 0.56288498452544766, 1.9907993048331285, 1.4986553008267869, 0.53248968363137994, 45.989470185633678, 12.071347884527718, 33.561771604142137, 13.504596562788967, 17.555191086350852],
 siglist 
[0.4666, 0.27949999999999997, 0.0032999999999999696, 0.9606, 0.6949000000000001, 0.3922, 0.5463, 0.35329999999999995, 0.759, 0.6031, 0.9082, 0.33009999999999995, 0.9017, 0.7541, 0.7879, 0.9283, 0.04379999999999995, 0.10029999999999994, 0.7435, 0.9897],
 powerlist 
[0.38911052642462285, 0.38632235213599386, 0.33702253785316272, 0.42795077071280646, 0.38162308241563425, 0.37187822423190559, 0.37026843105127816, 0.37840652739654396, 0.39501265083357451, 0.37746514547257193, 0.36499531466697993, 0.32451503675050258, 0.35758477347646983, 0.33899770270404483, 0.34355730410994306, 0.3669653779888476, 0.3017995472561093, 0.3081003615412391, 0.34042009496625214, 0.43308261779014884],
 listnumberlist 
[0, 0, 0, 0, 0, 0, 0, 0, 0, 0, 0, 0, 0, 0, 0, 0, 0, 0, 0, 0],
 end of file
