fullmaglist 
[20.31578947368421, 20.31578947368421, 20.31578947368421, 20.31578947368421, 20.31578947368421, 20.31578947368421, 20.31578947368421, 20.31578947368421, 20.31578947368421, 20.31578947368421, 20.31578947368421, 20.31578947368421, 20.31578947368421, 20.31578947368421, 20.31578947368421, 20.31578947368421, 20.31578947368421, 20.31578947368421, 20.31578947368421, 20.31578947368421],
 periodlist 
[0.0031622776601683798, 0.0054555947811685199, 0.0094120496726806703, 0.016237767391887217, 0.028013567611988671, 0.048329302385717518, 0.083378222347178912, 0.14384498882876623, 0.24816289228368255, 0.42813323987193919, 0.73861998220793579, 1.2742749857031335, 2.1983926488622894, 3.7926901907322494, 6.5431891297129621, 11.288378916846883, 19.474830399087551, 33.59818286283781, 57.963939533849604, 100.0],
 measuredperiodlist 
[0.0062473810522250921, 0.0082892661374291722, 0.0040751858036043283, 0.0165053416382018, 0.13947311695691381, 0.010174089123791707, 0.024104236423498092, 0.14383599276616896, 0.016587923704234165, 0.017625147820405158, 2.8200113300723424, 1.9383968098682851, 1.0107196039001489, 3.9066354187778867, 1.3736828046868492, 11.595245114889369, 13.022285487401343, 52.692835237979132, 57.124033941550969, 100.55185796832534],
 siglist 
[0.9765, 0.010099999999999998, 0.07430000000000003, 0.98, 0.36160000000000003, 0.31989999999999996, 0.33909999999999996, 0.6897, 0.04620000000000002, 0.5515, 0.9736, 0.6798, 0.6663, 0.625, 0.6567000000000001, 0.7021999999999999, 0.8613999999999999, 0.45089999999999997, 0.8561, 0.9961],
 powerlist 
[0.45765737219881525, 0.33271561727331245, 0.36520592802301566, 0.47245058700677722, 0.35797253568419796, 0.36481358415846671, 0.36688967178284759, 0.41114618586420593, 0.3350828282692852, 0.38223744192899956, 0.39335269025180519, 0.3224914232888717, 0.33922844933819973, 0.32386488227955529, 0.32671296270792022, 0.34125089251516544, 0.38220712367941256, 0.29133324229639374, 0.34835692029824183, 0.46721556040850309],
 listnumberlist 
[0, 0, 0, 0, 0, 0, 0, 0, 0, 0, 0, 0, 0, 0, 0, 0, 0, 0, 0, 0],
 end of file
