fullmaglist 
[22.894736842105264, 22.894736842105264, 22.894736842105264, 22.894736842105264, 22.894736842105264, 22.894736842105264, 22.894736842105264, 22.894736842105264, 22.894736842105264, 22.894736842105264, 22.894736842105264, 22.894736842105264, 22.894736842105264, 22.894736842105264, 22.894736842105264, 22.894736842105264, 22.894736842105264, 22.894736842105264, 22.894736842105264, 22.894736842105264],
 periodlist 
[0.0031622776601683798, 0.0054555947811685199, 0.0094120496726806703, 0.016237767391887217, 0.028013567611988671, 0.048329302385717518, 0.083378222347178912, 0.14384498882876623, 0.24816289228368255, 0.42813323987193919, 0.73861998220793579, 1.2742749857031335, 2.1983926488622894, 3.7926901907322494, 6.5431891297129621, 11.288378916846883, 19.474830399087551, 33.59818286283781, 57.963939533849604, 100.0],
 measuredperiodlist 
[0.0035401120908138211, 0.0053636493342549022, 0.0031082890935976585, 0.038218578714000036, 0.015418198562406209, 0.020621040785946371, 0.013407384879686691, 0.14842828544748166, 0.24800208636641821, 0.031564693547423035, 0.73838498021248122, 1.2721575376142138, 1.2840348802133998, 3.7434373226963134, 6.4403645435306416, 16.008306051721792, 19.749994008233944, 30.150474014601624, 23.287054051802361, 13.584043874169534],
 siglist 
[0.09799999999999998, 0.7918000000000001, 0.4606, 0.2257, 0.8628, 0.03380000000000005, 0.347, 0.3002, 0.9988, 0.13, 0.9907, 0.8291999999999999, 0.013000000000000012, 0.9432, 0.9992, 0.3489, 1.0, 0.9117, 0.8061, 0.1058],
 powerlist 
[0.24324823918632441, 0.28251129386103646, 0.25795780018147085, 0.2346106437553056, 0.27753473852755817, 0.23859990201129555, 0.26909432411638695, 0.24539159220174062, 0.33367106002652025, 0.25228035767236195, 0.27672775822800311, 0.23696111258128563, 0.19397155853910605, 0.24908171834287923, 0.31215388140973965, 0.21600717171380499, 0.36589428258473505, 0.2498010274198057, 0.23366159046266027, 0.20322199012511341],
 listnumberlist 
[0, 0, 0, 0, 0, 0, 0, 0, 0, 0, 0, 0, 0, 0, 0, 0, 0, 0, 0, 0],
 end of file
