fullmaglist 
[23.263157894736842, 23.263157894736842, 23.263157894736842, 23.263157894736842, 23.263157894736842, 23.263157894736842, 23.263157894736842, 23.263157894736842, 23.263157894736842, 23.263157894736842, 23.263157894736842, 23.263157894736842, 23.263157894736842, 23.263157894736842, 23.263157894736842, 23.263157894736842, 23.263157894736842, 23.263157894736842, 23.263157894736842, 23.263157894736842],
 periodlist 
[0.0031622776601683798, 0.0054555947811685199, 0.0094120496726806703, 0.016237767391887217, 0.028013567611988671, 0.048329302385717518, 0.083378222347178912, 0.14384498882876623, 0.24816289228368255, 0.42813323987193919, 0.73861998220793579, 1.2742749857031335, 2.1983926488622894, 3.7926901907322494, 6.5431891297129621, 11.288378916846883, 19.474830399087551, 33.59818286283781, 57.963939533849604, 100.0],
 measuredperiodlist 
[0.0087028312243268395, 0.0053986439665383726, 0.0089839700715182037, 0.016900325148676593, 0.010119311330464009, 0.010119055803078652, 0.076961954356170453, 0.010280804616194307, 0.020172927781833942, 0.011218993849456797, 1.5452416578033734, 4.489156629651057, 1.8866535430796805, 1.9385732608658997, 4.9029023971427321, 11.093176179736506, 18.6087943739611, 21.587851649708387, 18.047445366802027, 36.947932854472427],
 siglist 
[0.9822, 0.8351999999999999, 0.9929, 0.027699999999999947, 0.9604, 0.3247, 0.9986, 0.8798, 0.22030000000000005, 0.7549, 0.6027, 0.9862, 0.9269000000000001, 0.9401, 0.9991, 0.998, 0.9095, 0.9168000000000001, 0.6972, 0.6892],
 powerlist 
[0.32807478777549326, 0.30883050936685519, 0.35174718686377288, 0.25518835272159662, 0.32857897604053915, 0.26727082751458769, 0.40614119682417393, 0.31109141077097108, 0.26725179437529989, 0.2890586374496632, 0.24961778734673726, 0.29836994999907362, 0.27823878979040545, 0.27828352167523901, 0.31655079066641389, 0.33709208291277504, 0.27121309388976111, 0.28315045434315878, 0.24099533771117462, 0.24514852062546097],
 listnumberlist 
[0, 0, 0, 0, 0, 0, 0, 0, 0, 0, 0, 0, 0, 0, 0, 0, 0, 0, 0, 0],
 end of file
