fullmaglist 
[22.157894736842106, 22.157894736842106, 22.157894736842106, 22.157894736842106, 22.157894736842106, 22.157894736842106, 22.157894736842106, 22.157894736842106, 22.157894736842106, 22.157894736842106, 22.157894736842106, 22.157894736842106, 22.157894736842106, 22.157894736842106, 22.157894736842106, 22.157894736842106, 22.157894736842106, 22.157894736842106, 22.157894736842106, 22.157894736842106],
 periodlist 
[0.0031622776601683798, 0.0054555947811685199, 0.0094120496726806703, 0.016237767391887217, 0.028013567611988671, 0.048329302385717518, 0.083378222347178912, 0.14384498882876623, 0.24816289228368255, 0.42813323987193919, 0.73861998220793579, 1.2742749857031335, 2.1983926488622894, 3.7926901907322494, 6.5431891297129621, 11.288378916846883, 19.474830399087551, 33.59818286283781, 57.963939533849604, 100.0],
 measuredperiodlist 
[0.0030244032045145426, 0.006805030488191843, 0.0030363478978286569, 0.015740271604456114, 0.027248242141459284, 0.19790053934680282, 0.20845288461648578, 0.092683419773687173, 0.092968011264835226, 0.011923800142709443, 1.0413431485293851, 1.7281967992696285, 4.8947087974216714, 0.92083500121943207, 0.96446109303145211, 16.010776262293547, 27.023330617627298, 16.010776262293547, 15.166187540489204, 10.446913487872724],
 siglist 
[0.11209999999999998, 0.8796, 0.0044999999999999485, 0.6254, 0.39649999999999996, 0.13839999999999997, 0.15739999999999998, 0.9903, 0.31399999999999995, 0.8216, 0.9755, 0.7119, 0.8033, 0.7599, 0.0006000000000000449, 0.9749, 0.9498, 0.2921, 0.9987, 0.6486000000000001],
 powerlist 
[0.25524707564721888, 0.31308460875186689, 0.27248839520940488, 0.25174362240671827, 0.26524810448515451, 0.248791891908062, 0.27276195604223324, 0.30688532256586909, 0.25764081710637127, 0.29441543174037499, 0.27361152113130527, 0.22694027220281748, 0.25445892336139414, 0.24289267958123856, 0.16378294027043838, 0.28109863466253066, 0.26307169539509961, 0.21680829899204099, 0.31496232800133006, 0.24334748517080537],
 listnumberlist 
[0, 0, 0, 0, 0, 0, 0, 0, 0, 0, 0, 0, 0, 0, 0, 0, 0, 0, 0, 0],
 end of file
