fullmaglist 
[24.0, 24.0, 24.0, 24.0, 24.0, 24.0, 24.0, 24.0, 24.0, 24.0, 24.0, 24.0, 24.0, 24.0, 24.0, 24.0, 24.0, 24.0, 24.0, 24.0],
 periodlist 
[0.0031622776601683798, 0.0054555947811685199, 0.0094120496726806703, 0.016237767391887217, 0.028013567611988671, 0.048329302385717518, 0.083378222347178912, 0.14384498882876623, 0.24816289228368255, 0.42813323987193919, 0.73861998220793579, 1.2742749857031335, 2.1983926488622894, 3.7926901907322494, 6.5431891297129621, 11.288378916846883, 19.474830399087551, 33.59818286283781, 57.963939533849604, 100.0],
 measuredperiodlist 
[0.0049504397045657521, 0.0040574627503710253, 0.0043806577328700117, 0.01689194831804508, 0.021117713566412576, 0.05120444159211706, 0.013333912287800691, 0.044690412087506882, 0.010141955877218601, 0.017554388321434852, 0.60679006504399491, 1.6419101094746711, 0.81842885249512387, 5.8348266436995804, 0.52490817367255871, 16.972298752771771, 20.594089553764423, 42.410911239606541, 17.225894521305541, 12.662196616026966],
 siglist 
[0.31420000000000003, 0.47330000000000005, 0.30010000000000003, 0.2673, 0.12570000000000003, 0.43389999999999995, 0.5482, 0.0010999999999999899, 0.8377, 0.3396, 0.3345, 0.42679999999999996, 0.13839999999999997, 0.29369999999999996, 0.9885, 0.6184000000000001, 0.7665, 0.866, 0.18169999999999997, 0.0131],
 powerlist 
[0.34242570374636577, 0.35863060698904753, 0.32978288549762269, 0.30644041198560157, 0.29718849205339476, 0.33613883502752717, 0.32975169058812337, 0.27924560848894509, 0.34711845216904796, 0.32192202232758704, 0.27007435117686296, 0.30159184110123394, 0.25383573247060831, 0.27271453345931984, 0.35755308194283092, 0.26786977140844354, 0.29833846476005765, 0.30920242964130795, 0.2782555228050439, 0.2350562337800855],
 listnumberlist 
[0, 0, 0, 0, 0, 0, 0, 0, 0, 0, 0, 0, 0, 0, 0, 0, 0, 0, 0, 0],
 end of file
