fullmaglist 
[20.31578947368421, 20.31578947368421, 20.31578947368421, 20.31578947368421, 20.31578947368421, 20.31578947368421, 20.31578947368421, 20.31578947368421, 20.31578947368421, 20.31578947368421, 20.31578947368421, 20.31578947368421, 20.31578947368421, 20.31578947368421, 20.31578947368421, 20.31578947368421, 20.31578947368421, 20.31578947368421, 20.31578947368421, 20.31578947368421],
 periodlist 
[0.0031622776601683798, 0.0054555947811685199, 0.0094120496726806703, 0.016237767391887217, 0.028013567611988671, 0.048329302385717518, 0.083378222347178912, 0.14384498882876623, 0.24816289228368255, 0.42813323987193919, 0.73861998220793579, 1.2742749857031335, 2.1983926488622894, 3.7926901907322494, 6.5431891297129621, 11.288378916846883, 19.474830399087551, 33.59818286283781, 57.963939533849604, 100.0],
 measuredperiodlist 
[0.0031522812835391816, 0.0050363183436581025, 0.0045415367321387599, 0.016237594554333847, 0.028824781421454799, 0.015810122849550242, 0.016063891419073977, 0.14385678946942421, 0.077838454643972696, 0.42772207698070036, 0.73782552075570262, 0.62315988800960276, 0.62104160598242764, 1.3534235036724229, 0.86693716461443426, 11.130965819263498, 19.000004820623587, 33.272412778148095, 50.831160992553286, 87.463632602796196],
 siglist 
[0.2562, 0.9921, 0.11819999999999997, 0.9998, 0.6973, 0.8725, 0.9209, 1.0, 0.5742, 0.9893, 0.9993, 0.961, 0.5166, 0.9998, 0.4488, 0.9603, 0.33819999999999995, 0.9761, 0.8336, 0.3749],
 powerlist 
[0.2384611964691358, 0.29039226753807657, 0.23146892090386767, 0.31096418783102048, 0.24359413338895491, 0.25519441693804784, 0.26186516846830432, 0.34439215812152241, 0.23789386318520475, 0.28461570553846371, 0.28337883169142347, 0.23692479370315989, 0.20178104055130014, 0.28583466078410941, 0.20822571722845312, 0.23836733471759597, 0.19261757942832222, 0.24428864036771153, 0.21896778520965537, 0.19565077502214789],
 listnumberlist 
[0, 0, 0, 0, 0, 0, 0, 0, 0, 0, 0, 0, 0, 0, 0, 0, 0, 0, 0, 0],
 end of file
