fullmaglist 
[23.263157894736842, 23.263157894736842, 23.263157894736842, 23.263157894736842, 23.263157894736842, 23.263157894736842, 23.263157894736842, 23.263157894736842, 23.263157894736842, 23.263157894736842, 23.263157894736842, 23.263157894736842, 23.263157894736842, 23.263157894736842, 23.263157894736842, 23.263157894736842, 23.263157894736842, 23.263157894736842, 23.263157894736842, 23.263157894736842],
 periodlist 
[0.0031622776601683798, 0.0054555947811685199, 0.0094120496726806703, 0.016237767391887217, 0.028013567611988671, 0.048329302385717518, 0.083378222347178912, 0.14384498882876623, 0.24816289228368255, 0.42813323987193919, 0.73861998220793579, 1.2742749857031335, 2.1983926488622894, 3.7926901907322494, 6.5431891297129621, 11.288378916846883, 19.474830399087551, 33.59818286283781, 57.963939533849604, 100.0],
 measuredperiodlist 
[0.0031622777837289461, 0.0054555945793867784, 0.0094120489246286212, 0.016237769305333348, 0.028013566901716625, 0.048329325560491125, 0.083378207362215087, 0.14384465897672413, 0.24816232067654584, 0.42813740677738027, 0.73862499614172461, 1.2743200699922537, 1.8251123093083412, 3.7922953883656323, 6.5421295738811116, 11.287769753030293, 19.470863553790306, 33.608779584728097, 57.924463709628377, 99.776239667152097],
 siglist 
[0.9, 1.0, 1.0, 1.0, 1.0, 0.9978, 0.9919, 1.0, 0.9437, 1.0, 1.0, 1.0, 1.0, 1.0, 1.0, 1.0, 1.0, 1.0, 1.0, 1.0],
 powerlist 
[0.065771566547848409, 0.11565535189704346, 0.11582490908171902, 0.084743147360552537, 0.15379090659108263, 0.075627414508888116, 0.073555761712075007, 0.17345528593474635, 0.067957729685623663, 0.13588470748381451, 0.090226363116568509, 0.10309387543908335, 0.095006576644567103, 0.1129477214185194, 0.09930268977380706, 0.085078230415307016, 0.12115253610312157, 0.14376169063482028, 0.13741232394557212, 0.19069614412630437],
 listnumberlist 
[0, 0, 0, 0, 0, 0, 0, 0, 0, 0, 0, 0, 0, 0, 0, 0, 0, 0, 0, 0],
 end of file
