fullmaglist 
[23.63157894736842, 23.63157894736842, 23.63157894736842, 23.63157894736842, 23.63157894736842, 23.63157894736842, 23.63157894736842, 23.63157894736842, 23.63157894736842, 23.63157894736842, 23.63157894736842, 23.63157894736842, 23.63157894736842, 23.63157894736842, 23.63157894736842, 23.63157894736842, 23.63157894736842, 23.63157894736842, 23.63157894736842, 23.63157894736842],
 periodlist 
[0.0031622776601683798, 0.0054555947811685199, 0.0094120496726806703, 0.016237767391887217, 0.028013567611988671, 0.048329302385717518, 0.083378222347178912, 0.14384498882876623, 0.24816289228368255, 0.42813323987193919, 0.73861998220793579, 1.2742749857031335, 2.1983926488622894, 3.7926901907322494, 6.5431891297129621, 11.288378916846883, 19.474830399087551, 33.59818286283781, 57.963939533849604, 100.0],
 measuredperiodlist 
[0.003162271180599197, 0.0070319385168311844, 0.0094120086961145353, 0.030123647039761111, 0.02801375096442239, 0.013225555979153961, 0.083361823126325368, 0.018137235332466552, 0.012093571655804282, 0.42819114021896199, 0.737471502551862, 1.2764377967675089, 2.1932175671746941, 3.7881064517996768, 6.5649951148391237, 10.934189579350505, 29.105428242635085, 21.796972679974154, 67.835518980077296, 101.12299056901945],
 siglist 
[0.5144, 0.20779999999999998, 0.28869999999999996, 0.38759999999999994, 0.42279999999999995, 0.6531, 0.8032, 0.14870000000000005, 0.21619999999999995, 0.9919, 0.9794, 0.9772, 1.0, 0.9578, 0.9936, 0.5333, 0.5475, 0.35250000000000004, 0.9961, 0.9937],
 powerlist 
[0.30278193361421818, 0.28289782279639464, 0.30151232656820548, 0.2873889130012911, 0.27683068979377323, 0.29615958755139132, 0.31156212076033368, 0.26936195058828627, 0.28029574887262348, 0.35579670480578163, 0.3085139555131664, 0.29552373355383715, 0.35460034336144886, 0.29625695724328616, 0.32603319298519901, 0.25344311585269441, 0.25713543296703401, 0.24706658917144714, 0.32220985972272304, 0.31227098273839937],
 listnumberlist 
[0, 0, 0, 0, 0, 0, 0, 0, 0, 0, 0, 0, 0, 0, 0, 0, 0, 0, 0, 0],
 end of file
