fullmaglist 
[17.0, 17.0, 17.0, 17.0, 17.0, 17.0, 17.0, 17.0, 17.0, 17.0, 17.0, 17.0, 17.0, 17.0, 17.0, 17.0, 17.0, 17.0, 17.0, 17.0],
 periodlist 
[0.0031622776601683798, 0.0054555947811685199, 0.0094120496726806703, 0.016237767391887217, 0.028013567611988671, 0.048329302385717518, 0.083378222347178912, 0.14384498882876623, 0.24816289228368255, 0.42813323987193919, 0.73861998220793579, 1.2742749857031335, 2.1983926488622894, 3.7926901907322494, 6.5431891297129621, 11.288378916846883, 19.474830399087551, 33.59818286283781, 57.963939533849604, 100.0],
 measuredperiodlist 
[0.0036631102400858139, 0.0064467048197153791, 0.0031964118366531072, 0.010203113800197203, 0.017347944833724871, 0.01734838303613501, 0.012781521436587662, 0.010221170417392846, 0.029762021826265771, 0.010221161142161653, 0.72020680966530204, 3.0493535595985892, 1.5996307638636511, 3.801462843351862, 0.97951279130998525, 11.147679080482272, 25.164587896891994, 11.411971603253928, 17.69899506930189, 17.392895722301205],
 siglist 
[0.06679999999999997, 0.8791, 0.9911, 0.7574, 0.3405, 0.5529, 0.9393, 0.7363, 0.264, 0.9605, 0.19479999999999997, 0.74, 0.8621, 0.9991, 0.9841, 0.8465, 0.30610000000000004, 0.9186, 0.9244, 0.9916],
 powerlist 
[0.34747837996763342, 0.42712559015297313, 0.50246607114153297, 0.40310568215932002, 0.35382978102291252, 0.37588297456942577, 0.44139591893024577, 0.40255634399656792, 0.36014551536711192, 0.44402102592709225, 0.28532153643636793, 0.32834027801720539, 0.36042867973044251, 0.45469319681321951, 0.40462860682151447, 0.3374784995159904, 0.28877213708761496, 0.38157907808044594, 0.37274177956366922, 0.40626509055466198],
 listnumberlist 
[0, 0, 0, 0, 0, 0, 0, 0, 0, 0, 0, 0, 0, 0, 0, 0, 0, 0, 0, 0],
 end of file
