fullmaglist 
[21.421052631578945, 21.421052631578945, 21.421052631578945, 21.421052631578945, 21.421052631578945, 21.421052631578945, 21.421052631578945, 21.421052631578945, 21.421052631578945, 21.421052631578945, 21.421052631578945, 21.421052631578945, 21.421052631578945, 21.421052631578945, 21.421052631578945, 21.421052631578945, 21.421052631578945, 21.421052631578945, 21.421052631578945, 21.421052631578945],
 periodlist 
[0.0031622776601683798, 0.0054555947811685199, 0.0094120496726806703, 0.016237767391887217, 0.028013567611988671, 0.048329302385717518, 0.083378222347178912, 0.14384498882876623, 0.24816289228368255, 0.42813323987193919, 0.73861998220793579, 1.2742749857031335, 2.1983926488622894, 3.7926901907322494, 6.5431891297129621, 11.288378916846883, 19.474830399087551, 33.59818286283781, 57.963939533849604, 100.0],
 measuredperiodlist 
[0.0031622784127017319, 0.0054556425659765687, 0.0094121038750209305, 0.014862326348586632, 0.028821886806618787, 0.1236656143270351, 0.085693834196140364, 0.14386068712194111, 0.010116453051885979, 0.42825679923158982, 0.73877511547005958, 9.6304486757768792, 0.6333715485899335, 3.796788909566712, 1.174215402642075, 11.192557508551971, 27.96121252828803, 34.348615690228911, 54.342770379063175, 27.96121252828803],
 siglist 
[9.999999999998899e-05, 1.0, 0.598, 0.4868, 0.7964, 0.9841, 0.00770000000000004, 0.9992, 0.060799999999999965, 0.9994, 0.9902, 0.9284, 0.9764, 1.0, 0.9799, 0.9999, 0.9881, 0.9146, 0.5401, 0.6669],
 powerlist 
[0.2217400646115289, 0.36187737833690531, 0.25809129101523748, 0.25136769181033236, 0.24821826552977008, 0.27840169773249679, 0.22397584230191611, 0.32163155074202976, 0.23627646574235861, 0.31658748784602359, 0.26589498340865608, 0.23216430213477585, 0.25502032891151322, 0.31290050669258412, 0.25953257036669364, 0.31855534022653237, 0.26295846512242349, 0.2287297911816048, 0.21161176332471737, 0.22637555485999253],
 listnumberlist 
[0, 0, 0, 0, 0, 0, 0, 0, 0, 0, 0, 0, 0, 0, 0, 0, 0, 0, 0, 0],
 end of file
