fullmaglist 
[19.94736842105263, 19.94736842105263, 19.94736842105263, 19.94736842105263, 19.94736842105263, 19.94736842105263, 19.94736842105263, 19.94736842105263, 19.94736842105263, 19.94736842105263, 19.94736842105263, 19.94736842105263, 19.94736842105263, 19.94736842105263, 19.94736842105263, 19.94736842105263, 19.94736842105263, 19.94736842105263, 19.94736842105263, 19.94736842105263],
 periodlist 
[0.0031622776601683798, 0.0054555947811685199, 0.0094120496726806703, 0.016237767391887217, 0.028013567611988671, 0.048329302385717518, 0.083378222347178912, 0.14384498882876623, 0.24816289228368255, 0.42813323987193919, 0.73861998220793579, 1.2742749857031335, 2.1983926488622894, 3.7926901907322494, 6.5431891297129621, 11.288378916846883, 19.474830399087551, 33.59818286283781, 57.963939533849604, 100.0],
 measuredperiodlist 
[0.0044665502300902599, 0.0054555929325893421, 0.0094121102347016691, 0.016237574750359342, 0.028013551866065557, 0.048323827874526833, 0.11194755858684846, 0.14382995812066152, 0.011357928009985219, 0.42800804136313608, 0.73913160652143561, 1.2753159178303917, 2.198832575621585, 3.7986198191980316, 6.5057384799186035, 11.113702653032302, 19.413495577156688, 30.742356979325415, 29.305783265401633, 87.534193712557823],
 siglist 
[0.32210000000000005, 0.9206, 0.9997, 0.9996, 0.9636, 0.9958, 0.026000000000000023, 1.0, 0.8157, 0.6007, 1.0, 1.0, 0.999, 0.9361, 0.9752, 0.9975, 0.9924, 0.977, 0.9941, 1.0],
 powerlist 
[0.23722438400129275, 0.27113141785226363, 0.33240243015173221, 0.31102189152511744, 0.26561388148697596, 0.29021322586316778, 0.21392087172482402, 0.35051354643201693, 0.24843063468095894, 0.23798001520914192, 0.35209928869812729, 0.2963745499367621, 0.27998985128253423, 0.23573630839972629, 0.25335748014781645, 0.26821431122998196, 0.25484468227823293, 0.24429178797708845, 0.26889117453704031, 0.31714568074881266],
 listnumberlist 
[0, 0, 0, 0, 0, 0, 0, 0, 0, 0, 0, 0, 0, 0, 0, 0, 0, 0, 0, 0],
 end of file
