fullmaglist 
[20.684210526315788, 20.684210526315788, 20.684210526315788, 20.684210526315788, 20.684210526315788, 20.684210526315788, 20.684210526315788, 20.684210526315788, 20.684210526315788, 20.684210526315788, 20.684210526315788, 20.684210526315788, 20.684210526315788, 20.684210526315788, 20.684210526315788, 20.684210526315788, 20.684210526315788, 20.684210526315788, 20.684210526315788, 20.684210526315788],
 periodlist 
[0.0031622776601683798, 0.0054555947811685199, 0.0094120496726806703, 0.016237767391887217, 0.028013567611988671, 0.048329302385717518, 0.083378222347178912, 0.14384498882876623, 0.24816289228368255, 0.42813323987193919, 0.73861998220793579, 1.2742749857031335, 2.1983926488622894, 3.7926901907322494, 6.5431891297129621, 11.288378916846883, 19.474830399087551, 33.59818286283781, 57.963939533849604, 100.0],
 measuredperiodlist 
[0.0031523186963605433, 0.0054556076010792648, 0.01165335125786876, 0.016237488861483781, 0.028013913317574034, 0.046367630057466691, 0.039249990183740341, 0.16801408446466354, 0.047234874049556452, 0.49718727974787663, 0.60507628477230047, 1.2734755051684656, 1.0366496966556815, 0.96787301617444188, 0.93947556941887755, 33.996390139407957, 27.034097630112203, 31.270194034136779, 10.446913487872724, 10.263601762842891],
 siglist 
[0.01980000000000004, 0.7665, 0.2116, 0.9992, 0.9535, 0.9139, 0.0534, 0.5887, 0.9528, 0.9946, 0.848, 0.7617, 0.8925, 0.7329, 0.1462, 0.3476, 0.922, 0.7247, 0.7458, 0.6845],
 powerlist 
[0.22868487533063583, 0.26861544106994484, 0.24289669805953973, 0.3357729618371007, 0.29477807740859219, 0.28492773804299781, 0.22161822331629119, 0.25063861486021466, 0.28236907660440147, 0.30753034425176456, 0.23484494079249679, 0.23083174621623553, 0.24176974296770098, 0.22109404511852926, 0.19003362267373833, 0.20117499026509389, 0.24539115802436631, 0.22606797375308832, 0.2229844981941202, 0.22142057321196845],
 listnumberlist 
[0, 0, 0, 0, 0, 0, 0, 0, 0, 0, 0, 0, 0, 0, 0, 0, 0, 0, 0, 0],
 end of file
