fullmaglist 
[18.842105263157894, 18.842105263157894, 18.842105263157894, 18.842105263157894, 18.842105263157894, 18.842105263157894, 18.842105263157894, 18.842105263157894, 18.842105263157894, 18.842105263157894, 18.842105263157894, 18.842105263157894, 18.842105263157894, 18.842105263157894, 18.842105263157894, 18.842105263157894, 18.842105263157894, 18.842105263157894, 18.842105263157894, 18.842105263157894],
 periodlist 
[0.0031622776601683798, 0.0054555947811685199, 0.0094120496726806703, 0.016237767391887217, 0.028013567611988671, 0.048329302385717518, 0.083378222347178912, 0.14384498882876623, 0.24816289228368255, 0.42813323987193919, 0.73861998220793579, 1.2742749857031335, 2.1983926488622894, 3.7926901907322494, 6.5431891297129621, 11.288378916846883, 19.474830399087551, 33.59818286283781, 57.963939533849604, 100.0],
 measuredperiodlist 
[0.010135350496410908, 0.0066953194512843215, 0.0033645540270704219, 0.022017157459746736, 0.011737578790423099, 0.013586218035981432, 0.052047881241162525, 0.014303445199080399, 0.012802633622395384, 0.010681805857653172, 9.3219066456103175, 1.2218323598605383, 1.9243884394268289, 2.1430254823042887, 0.59901193969427646, 11.137363999168668, 11.199941020372407, 9.9963791730855736, 50.860098370665156, 13.837901470858519],
 siglist 
[0.19469999999999998, 0.8956, 0.264, 0.14, 0.9824, 0.7274, 0.22199999999999998, 0.5262, 0.5428, 0.5470999999999999, 0.08720000000000006, 0.6101, 0.07279999999999998, 0.09640000000000004, 0.33330000000000004, 0.7865, 0.44179999999999997, 0.26739999999999997, 0.23109999999999997, 0.17889999999999995],
 powerlist 
[0.40856590371039631, 0.44459714185564658, 0.41881708776154808, 0.39088080981430595, 0.51106783726571536, 0.4220862916163125, 0.34177143008173544, 0.43992760954432969, 0.43639978571836985, 0.39739154887027406, 0.31259032025826916, 0.3265000797918064, 0.30492913748960215, 0.27966760524953699, 0.31313098843660592, 0.39426533130492258, 0.318570393710365, 0.34604140446162823, 0.34930939558202334, 0.28878647635710847],
 listnumberlist 
[0, 0, 0, 0, 0, 0, 0, 0, 0, 0, 0, 0, 0, 0, 0, 0, 0, 0, 0, 0],
 end of file
