fullmaglist 
[24.0, 24.0, 24.0, 24.0, 24.0, 24.0, 24.0, 24.0, 24.0, 24.0, 24.0, 24.0, 24.0, 24.0, 24.0, 24.0, 24.0, 24.0, 24.0, 24.0],
 periodlist 
[0.0031622776601683798, 0.0054555947811685199, 0.0094120496726806703, 0.016237767391887217, 0.028013567611988671, 0.048329302385717518, 0.083378222347178912, 0.14384498882876623, 0.24816289228368255, 0.42813323987193919, 0.73861998220793579, 1.2742749857031335, 2.1983926488622894, 3.7926901907322494, 6.5431891297129621, 11.288378916846883, 19.474830399087551, 33.59818286283781, 57.963939533849604, 100.0],
 measuredperiodlist 
[0.0047352211330617044, 0.0055640484894366451, 0.0051412071444738878, 0.014793855927004771, 0.011774160729367487, 0.017289575509170228, 0.048685581227160026, 0.01336239364886955, 0.02654243141183352, 0.37915685293434453, 1.9416747293915884, 1.2832219955728392, 0.66896657399628301, 0.5637046114452261, 0.58730458334859803, 11.670745842417293, 28.59170736609617, 20.918101412738327, 60.581854739682754, 10.068966436355497],
 siglist 
[0.25639999999999996, 0.8658, 0.32799999999999996, 0.8135, 0.9972, 0.23019999999999996, 0.6223000000000001, 0.005499999999999949, 0.2854, 0.9981, 0.33240000000000003, 0.5698, 0.09940000000000004, 0.3217, 0.8613999999999999, 0.21309999999999996, 0.29879999999999995, 0.38739999999999997, 0.2744, 0.00019999999999997797],
 powerlist 
[0.33182779440849608, 0.36081988435180956, 0.32545776646492619, 0.35148971976574611, 0.43696817599722326, 0.30107097452948606, 0.33284024107749721, 0.28225199727916583, 0.3061902815666071, 0.42061371464749786, 0.25810613595889725, 0.26610398585462802, 0.23074835380575301, 0.25537986829228521, 0.36607732141888649, 0.24768012912067239, 0.2431479418536448, 0.26095621410655323, 0.24301256579032554, 0.1577447182707501],
 listnumberlist 
[0, 0, 0, 0, 0, 0, 0, 0, 0, 0, 0, 0, 0, 0, 0, 0, 0, 0, 0, 0],
 end of file
