fullmaglist 
[21.421052631578945, 21.421052631578945, 21.421052631578945, 21.421052631578945, 21.421052631578945, 21.421052631578945, 21.421052631578945, 21.421052631578945, 21.421052631578945, 21.421052631578945, 21.421052631578945, 21.421052631578945, 21.421052631578945, 21.421052631578945, 21.421052631578945, 21.421052631578945, 21.421052631578945, 21.421052631578945, 21.421052631578945, 21.421052631578945],
 periodlist 
[0.0031622776601683798, 0.0054555947811685199, 0.0094120496726806703, 0.016237767391887217, 0.028013567611988671, 0.048329302385717518, 0.083378222347178912, 0.14384498882876623, 0.24816289228368255, 0.42813323987193919, 0.73861998220793579, 1.2742749857031335, 2.1983926488622894, 3.7926901907322494, 6.5431891297129621, 11.288378916846883, 19.474830399087551, 33.59818286283781, 57.963939533849604, 100.0],
 measuredperiodlist 
[0.0058403910705454223, 0.0064452941842142583, 0.0084255845953081984, 0.010742329311498639, 0.023766970268714285, 0.011097964392997844, 0.17519765266140572, 0.010062003680348212, 0.24817117185147936, 0.010132294266050272, 0.55249582652393736, 2.5442226659310809, 0.87115898399844605, 0.93335134740840919, 6.5765290753862153, 22.732145438329372, 31.196145340686328, 33.895741134218788, 67.992367669261569, 21.108933356719227],
 siglist 
[0.6738, 0.9804, 0.3728, 0.5458000000000001, 0.36329999999999996, 0.24980000000000002, 0.9416, 0.7491, 0.5438000000000001, 0.027900000000000036, 0.2794, 0.9482, 0.006000000000000005, 0.37970000000000004, 0.7497, 0.5566, 0.6979, 0.47, 0.3204, 0.7954],
 powerlist 
[0.28199936558392913, 0.29630423178883669, 0.25975244227447392, 0.23530892635029443, 0.22970011065484905, 0.24520941851923664, 0.26829340396549106, 0.26339412174236487, 0.26941320440608335, 0.20973698665326632, 0.19276922388820431, 0.24115776708066763, 0.17860033258728289, 0.19304677968168257, 0.21800878079485519, 0.20570993084543085, 0.21189823056967882, 0.20455103489047308, 0.20854338384326365, 0.23055064843771789],
 listnumberlist 
[0, 0, 0, 0, 0, 0, 0, 0, 0, 0, 0, 0, 0, 0, 0, 0, 0, 0, 0, 0],
 end of file
