fullmaglist 
[17.0, 17.0, 17.0, 17.0, 17.0, 17.0, 17.0, 17.0, 17.0, 17.0, 17.0, 17.0, 17.0, 17.0, 17.0, 17.0, 17.0, 17.0, 17.0, 17.0],
 periodlist 
[0.0031622776601683798, 0.0054555947811685199, 0.0094120496726806703, 0.016237767391887217, 0.028013567611988671, 0.048329302385717518, 0.083378222347178912, 0.14384498882876623, 0.24816289228368255, 0.42813323987193919, 0.73861998220793579, 1.2742749857031335, 2.1983926488622894, 3.7926901907322494, 6.5431891297129621, 11.288378916846883, 19.474830399087551, 33.59818286283781, 57.963939533849604, 100.0],
 measuredperiodlist 
[0.0031622760585170982, 0.0055169025669000995, 0.0054262244345099119, 0.016237591450818163, 0.028013303343156503, 0.044762789315179505, 0.083375109684205653, 0.14383365150671984, 0.19876385365744922, 0.060819298021985768, 0.73790883329588564, 1.2748646904356522, 2.1955332984320886, 3.9262876578657475, 6.6172081941514733, 11.211759979661119, 18.936478335434508, 32.458818988331778, 27.428586866305054, 101.21907079615775],
 siglist 
[0.8200000000000001, 0.992, 0.8535, 1.0, 0.9996, 0.9729, 0.9914, 0.9899, 0.9829, 0.2603, 0.8579, 0.9995, 0.8024, 0.6457999999999999, 0.9729, 0.9972, 0.9214, 0.9967, 0.24329999999999996, 0.9992],
 powerlist 
[0.2668451132002409, 0.28378662894436257, 0.25802031388118912, 0.34590500969994736, 0.32768756032077184, 0.26687968802553552, 0.29133907715519564, 0.2799640767158153, 0.28483254313123246, 0.22558457116313352, 0.22474640452421965, 0.28809067038220804, 0.21607034560485283, 0.20682844559555696, 0.24078660190227896, 0.26824475590538166, 0.23814184519784931, 0.26689978924562313, 0.19363695297186473, 0.28458819389658635],
 listnumberlist 
[0, 0, 0, 0, 0, 0, 0, 0, 0, 0, 0, 0, 0, 0, 0, 0, 0, 0, 0, 0],
 end of file
