fullmaglist 
[19.57894736842105, 19.57894736842105, 19.57894736842105, 19.57894736842105, 19.57894736842105, 19.57894736842105, 19.57894736842105, 19.57894736842105, 19.57894736842105, 19.57894736842105, 19.57894736842105, 19.57894736842105, 19.57894736842105, 19.57894736842105, 19.57894736842105, 19.57894736842105, 19.57894736842105, 19.57894736842105, 19.57894736842105, 19.57894736842105],
 periodlist 
[0.0031622776601683798, 0.0054555947811685199, 0.0094120496726806703, 0.016237767391887217, 0.028013567611988671, 0.048329302385717518, 0.083378222347178912, 0.14384498882876623, 0.24816289228368255, 0.42813323987193919, 0.73861998220793579, 1.2742749857031335, 2.1983926488622894, 3.7926901907322494, 6.5431891297129621, 11.288378916846883, 19.474830399087551, 33.59818286283781, 57.963939533849604, 100.0],
 measuredperiodlist 
[0.003162255389425943, 0.0054556398375796983, 0.0094121162476119881, 0.016238191500205147, 0.011004278872138566, 0.048330408283541071, 0.083381813563977517, 0.14387371831546264, 0.040065064252443723, 0.42824112243290274, 0.73792055377485832, 1.4704908687270779, 2.2014516480342703, 3.7934511155188959, 6.5718089117389358, 11.087343153572595, 18.698769011932686, 33.336059195694745, 13.094983589631648, 23.091898615433607],
 siglist 
[0.2167, 0.32809999999999995, 0.9971, 0.9981, 0.7933, 0.906, 0.2762, 0.28869999999999996, 0.6047, 0.9446, 0.9694, 0.9306, 0.9029, 0.8231999999999999, 0.998, 0.9279, 0.9975, 0.7805, 0.9982, 0.19430000000000003],
 powerlist 
[0.2313289946053573, 0.23482877769595425, 0.30987677461911267, 0.29297320984286301, 0.24678629040918193, 0.26003624392485142, 0.22496085526995338, 0.22511340665335322, 0.2360415763295246, 0.260733389352928, 0.24542847503823517, 0.23208203213493669, 0.22431418519374588, 0.22001993943886722, 0.2738471718419665, 0.23123765713999428, 0.27071330992729925, 0.21610677612669466, 0.27686461539945312, 0.19070149310612272],
 listnumberlist 
[0, 0, 0, 0, 0, 0, 0, 0, 0, 0, 0, 0, 0, 0, 0, 0, 0, 0, 0, 0],
 end of file
