fullmaglist 
[18.473684210526315, 18.473684210526315, 18.473684210526315, 18.473684210526315, 18.473684210526315, 18.473684210526315, 18.473684210526315, 18.473684210526315, 18.473684210526315, 18.473684210526315, 18.473684210526315, 18.473684210526315, 18.473684210526315, 18.473684210526315, 18.473684210526315, 18.473684210526315, 18.473684210526315, 18.473684210526315, 18.473684210526315, 18.473684210526315],
 periodlist 
[0.0031622776601683798, 0.0054555947811685199, 0.0094120496726806703, 0.016237767391887217, 0.028013567611988671, 0.048329302385717518, 0.083378222347178912, 0.14384498882876623, 0.24816289228368255, 0.42813323987193919, 0.73861998220793579, 1.2742749857031335, 2.1983926488622894, 3.7926901907322494, 6.5431891297129621, 11.288378916846883, 19.474830399087551, 33.59818286283781, 57.963939533849604, 100.0],
 measuredperiodlist 
[0.0031622776436605548, 0.0054555943677634163, 0.0094120492055514357, 0.016237765666067133, 0.028013575752082534, 0.048329248698415594, 0.083378305978634673, 0.14384502567241444, 0.24816382294822989, 0.42813503132786684, 0.73861414200167264, 1.2742709747264482, 2.1984292295946215, 3.792823980962551, 6.5432775018048588, 11.288748762799623, 19.470165481413009, 33.608320654860734, 57.979169925364118, 100.04277032172293],
 siglist 
[0.8247, 1.0, 1.0, 1.0, 1.0, 1.0, 1.0, 1.0, 1.0, 1.0, 1.0, 1.0, 1.0, 1.0, 1.0, 1.0, 1.0, 1.0, 1.0, 1.0],
 powerlist 
[0.056464394175474227, 0.15554657584538478, 0.20681261614480956, 0.14295963635196823, 0.19359310224410176, 0.088717551683803214, 0.095939574187173374, 0.19485480115632325, 0.090132255360975105, 0.17935230820107889, 0.16473473209139525, 0.17728660705673555, 0.10026191045607924, 0.11184181998557997, 0.1561362412350579, 0.10334077615035579, 0.12739492885648637, 0.14329035674669832, 0.11716624855990615, 0.21927307518472561],
 listnumberlist 
[0, 0, 0, 0, 0, 0, 0, 0, 0, 0, 0, 0, 0, 0, 0, 0, 0, 0, 0, 0],
 end of file
