fullmaglist 
[21.05263157894737, 21.05263157894737, 21.05263157894737, 21.05263157894737, 21.05263157894737, 21.05263157894737, 21.05263157894737, 21.05263157894737, 21.05263157894737, 21.05263157894737, 21.05263157894737, 21.05263157894737, 21.05263157894737, 21.05263157894737, 21.05263157894737, 21.05263157894737, 21.05263157894737, 21.05263157894737, 21.05263157894737, 21.05263157894737],
 periodlist 
[0.0031622776601683798, 0.0054555947811685199, 0.0094120496726806703, 0.016237767391887217, 0.028013567611988671, 0.048329302385717518, 0.083378222347178912, 0.14384498882876623, 0.24816289228368255, 0.42813323987193919, 0.73861998220793579, 1.2742749857031335, 2.1983926488622894, 3.7926901907322494, 6.5431891297129621, 11.288378916846883, 19.474830399087551, 33.59818286283781, 57.963939533849604, 100.0],
 measuredperiodlist 
[0.0031622793115467255, 0.0062468203649675633, 0.0058237224231935435, 0.047983463360469325, 0.028013456690633959, 0.048323066206438905, 0.022081593639343908, 0.048720003189883732, 0.037930766350305539, 0.034762747846419091, 0.73872636377923417, 1.2765096053329246, 2.1950676869380161, 3.7785809084571946, 0.66018158680348704, 25.94693742716581, 19.365963612928567, 32.466997496753301, 47.846385636136617, 26.90781753592427],
 siglist 
[0.02290000000000003, 0.7477, 0.11119999999999997, 0.1048, 0.4941, 0.9994, 0.20099999999999996, 0.38849999999999996, 0.32709999999999995, 0.9843, 0.9998, 0.9912, 0.9749, 0.4747, 0.5354, 0.4367, 0.5593, 0.7617, 0.5052, 0.2913],
 powerlist 
[0.26780098117541334, 0.28182592319019589, 0.25034702899445727, 0.2507714263175958, 0.26366319828604579, 0.34194244129909923, 0.25455416848324769, 0.26906043741007984, 0.24628011577916753, 0.30966038690627412, 0.34176240961904963, 0.29308599824170201, 0.27547621800891287, 0.23072570390936814, 0.22916832715017654, 0.2255937004643872, 0.23535633420614191, 0.23769864178345307, 0.22488200325505636, 0.22295079033597726],
 listnumberlist 
[0, 0, 0, 0, 0, 0, 0, 0, 0, 0, 0, 0, 0, 0, 0, 0, 0, 0, 0, 0],
 end of file
