fullmaglist 
[19.94736842105263, 19.94736842105263, 19.94736842105263, 19.94736842105263, 19.94736842105263, 19.94736842105263, 19.94736842105263, 19.94736842105263, 19.94736842105263, 19.94736842105263, 19.94736842105263, 19.94736842105263, 19.94736842105263, 19.94736842105263, 19.94736842105263, 19.94736842105263, 19.94736842105263, 19.94736842105263, 19.94736842105263, 19.94736842105263],
 periodlist 
[0.0031622776601683798, 0.0054555947811685199, 0.0094120496726806703, 0.016237767391887217, 0.028013567611988671, 0.048329302385717518, 0.083378222347178912, 0.14384498882876623, 0.24816289228368255, 0.42813323987193919, 0.73861998220793579, 1.2742749857031335, 2.1983926488622894, 3.7926901907322494, 6.5431891297129621, 11.288378916846883, 19.474830399087551, 33.59818286283781, 57.963939533849604, 100.0],
 measuredperiodlist 
[0.0031622761923112449, 0.0054556004593103212, 0.0094119431986079312, 0.016237393237006712, 0.028822358702089462, 0.07492006993737306, 0.29096657095887751, 0.14385859933783141, 0.24821992496303144, 0.074911616136267969, 0.73838500098092352, 2.3868603144271967, 0.67723319464292286, 3.7634174408616063, 0.99479340135719008, 10.908926580717107, 69.997197115121267, 32.489962240103004, 23.658959275231823, 23.203463362866987],
 siglist 
[0.013299999999999979, 1.0, 0.9983, 0.9945, 0.9276, 0.45920000000000005, 0.24550000000000005, 0.9964, 0.9952, 0.9838, 1.0, 0.9995, 0.6168, 1.0, 1.0, 0.9218, 0.9995, 0.6194, 0.9387, 0.9994],
 powerlist 
[0.22096585505835556, 0.36515841466691462, 0.31583112722891932, 0.28199328250863093, 0.27035776105993031, 0.24002776802883632, 0.22270049465549646, 0.29285976674256692, 0.30055526985023207, 0.28312641142104455, 0.3183202465902345, 0.28286256896072204, 0.20525509381183124, 0.3166398948334892, 0.34805991552890392, 0.22723143720014075, 0.28995808090889752, 0.21106994254173514, 0.24187261732591608, 0.28164007315779838],
 listnumberlist 
[0, 0, 0, 0, 0, 0, 0, 0, 0, 0, 0, 0, 0, 0, 0, 0, 0, 0, 0, 0],
 end of file
