fullmaglist 
[21.05263157894737, 21.05263157894737, 21.05263157894737, 21.05263157894737, 21.05263157894737, 21.05263157894737, 21.05263157894737, 21.05263157894737, 21.05263157894737, 21.05263157894737, 21.05263157894737, 21.05263157894737, 21.05263157894737, 21.05263157894737, 21.05263157894737, 21.05263157894737, 21.05263157894737, 21.05263157894737, 21.05263157894737, 21.05263157894737],
 periodlist 
[0.0031622776601683798, 0.0054555947811685199, 0.0094120496726806703, 0.016237767391887217, 0.028013567611988671, 0.048329302385717518, 0.083378222347178912, 0.14384498882876623, 0.24816289228368255, 0.42813323987193919, 0.73861998220793579, 1.2742749857031335, 2.1983926488622894, 3.7926901907322494, 6.5431891297129621, 11.288378916846883, 19.474830399087551, 33.59818286283781, 57.963939533849604, 100.0],
 measuredperiodlist 
[0.0031947362861050889, 0.0071066239746606337, 0.0058484120067010675, 0.013265637103674366, 0.037076998576026018, 0.012084182151366123, 0.069585981255449264, 0.15853697334709443, 0.028750358278787188, 0.42845035558898925, 4.9798492322487036, 3.4295685126524775, 2.1802221778307658, 0.91117715822828294, 6.422178675866907, 15.166187540489204, 10.263601762842891, 15.166187540489204, 16.010776262293547, 10.585448857039628],
 siglist 
[0.5392, 0.8518, 0.3468, 0.024700000000000055, 0.09399999999999997, 0.0018000000000000238, 0.014900000000000024, 0.09770000000000001, 0.03480000000000005, 0.8718, 0.6533, 0.9097, 0.9968, 0.7537, 1.0, 0.9214, 0.7421, 0.8831, 0.499, 0.7668],
 powerlist 
[0.26114424537669906, 0.27325908065141341, 0.25299168764077751, 0.21988279387707196, 0.23236470673066839, 0.21107299541211255, 0.21900958002401855, 0.23191303164564037, 0.22327737570695194, 0.27788780584761802, 0.21716575005610023, 0.24168208613753339, 0.27825241081377983, 0.22119011544350084, 0.38669461229659674, 0.24130605734844152, 0.22949198459120507, 0.23369898973718789, 0.20955970828756371, 0.22665378822439036],
 listnumberlist 
[0, 0, 0, 0, 0, 0, 0, 0, 0, 0, 0, 0, 0, 0, 0, 0, 0, 0, 0, 0],
 end of file
