fullmaglist 
[19.57894736842105, 19.57894736842105, 19.57894736842105, 19.57894736842105, 19.57894736842105, 19.57894736842105, 19.57894736842105, 19.57894736842105, 19.57894736842105, 19.57894736842105, 19.57894736842105, 19.57894736842105, 19.57894736842105, 19.57894736842105, 19.57894736842105, 19.57894736842105, 19.57894736842105, 19.57894736842105, 19.57894736842105, 19.57894736842105],
 periodlist 
[0.0031622776601683798, 0.0054555947811685199, 0.0094120496726806703, 0.016237767391887217, 0.028013567611988671, 0.048329302385717518, 0.083378222347178912, 0.14384498882876623, 0.24816289228368255, 0.42813323987193919, 0.73861998220793579, 1.2742749857031335, 2.1983926488622894, 3.7926901907322494, 6.5431891297129621, 11.288378916846883, 19.474830399087551, 33.59818286283781, 57.963939533849604, 100.0],
 measuredperiodlist 
[0.0061293655467855642, 0.0044696474102483225, 0.011697089958308813, 0.011761433997362118, 0.011804168848115438, 0.02158953505361311, 0.016011744558691133, 0.011697107217473196, 0.011697114559387937, 0.011696999537115853, 0.7096940087545075, 1.2730892086662411, 7.4476263487442278, 3.028939908048581, 4.5665748469035048, 38.898884488379885, 39.503566434598909, 38.233832107249285, 50.085047296577201, 39.531498976358236],
 siglist 
[0.9856, 0.5464, 0.6334, 0.9496, 0.8504, 0.7263, 0.11319999999999997, 0.837, 0.8324, 0.9648, 0.07199999999999995, 0.14800000000000002, 0.5302, 0.5438000000000001, 0.2389, 0.5506, 0.5871, 0.9756, 0.11009999999999998, 0.7593],
 powerlist 
[0.4864608493943684, 0.40733730492377973, 0.41585609374664662, 0.45487613147852468, 0.4156045072719402, 0.39291292990095805, 0.36724736736506802, 0.43166996608716102, 0.42768065834281765, 0.44651446293905983, 0.2922760067125863, 0.29461154293336667, 0.32948385497970056, 0.32850210927110163, 0.30558461927167352, 0.32743820086367054, 0.33365490431916617, 0.42836728513285072, 0.29041624353956141, 0.34939616510486549],
 listnumberlist 
[0, 0, 0, 0, 0, 0, 0, 0, 0, 0, 0, 0, 0, 0, 0, 0, 0, 0, 0, 0],
 end of file
