fullmaglist 
[19.57894736842105, 19.57894736842105, 19.57894736842105, 19.57894736842105, 19.57894736842105, 19.57894736842105, 19.57894736842105, 19.57894736842105, 19.57894736842105, 19.57894736842105, 19.57894736842105, 19.57894736842105, 19.57894736842105, 19.57894736842105, 19.57894736842105, 19.57894736842105, 19.57894736842105, 19.57894736842105, 19.57894736842105, 19.57894736842105],
 periodlist 
[0.0031622776601683798, 0.0054555947811685199, 0.0094120496726806703, 0.016237767391887217, 0.028013567611988671, 0.048329302385717518, 0.083378222347178912, 0.14384498882876623, 0.24816289228368255, 0.42813323987193919, 0.73861998220793579, 1.2742749857031335, 2.1983926488622894, 3.7926901907322494, 6.5431891297129621, 11.288378916846883, 19.474830399087551, 33.59818286283781, 57.963939533849604, 100.0],
 measuredperiodlist 
[0.0031622775973191627, 0.0054555946781020019, 0.0094120485384516506, 0.016237765666067133, 0.028013567569534312, 0.048329266287478377, 0.083378140870590908, 0.14384484588490629, 0.24816243165646493, 0.42813619930542962, 0.73862615095054351, 1.2742775589257223, 2.198440428260406, 3.7928656467172281, 6.5440216174230219, 11.28808442698379, 19.475876572738716, 33.595893671640667, 57.93247341715481, 99.846038521624678],
 siglist 
[0.9372, 1.0, 1.0, 1.0, 1.0, 1.0, 1.0, 1.0, 1.0, 1.0, 1.0, 1.0, 1.0, 1.0, 1.0, 1.0, 1.0, 1.0, 1.0, 1.0],
 powerlist 
[0.058043257133232717, 0.18681281323594628, 0.15469797994584611, 0.11118557068961249, 0.17637644750478124, 0.089388426402267462, 0.10465239644119008, 0.18621309335102515, 0.082470122228195886, 0.14021643527697852, 0.13484674456106488, 0.16202305612684853, 0.096514259162269356, 0.12331137549942085, 0.14696655708586864, 0.083424178583349537, 0.14384610528589944, 0.19643547635395503, 0.17582668124184639, 0.26957458436291237],
 listnumberlist 
[0, 0, 0, 0, 0, 0, 0, 0, 0, 0, 0, 0, 0, 0, 0, 0, 0, 0, 0, 0],
 end of file
