fullmaglist 
[17.36842105263158, 17.36842105263158, 17.36842105263158, 17.36842105263158, 17.36842105263158, 17.36842105263158, 17.36842105263158, 17.36842105263158, 17.36842105263158, 17.36842105263158, 17.36842105263158, 17.36842105263158, 17.36842105263158, 17.36842105263158, 17.36842105263158, 17.36842105263158, 17.36842105263158, 17.36842105263158, 17.36842105263158, 17.36842105263158],
 periodlist 
[0.0031622776601683798, 0.0054555947811685199, 0.0094120496726806703, 0.016237767391887217, 0.028013567611988671, 0.048329302385717518, 0.083378222347178912, 0.14384498882876623, 0.24816289228368255, 0.42813323987193919, 0.73861998220793579, 1.2742749857031335, 2.1983926488622894, 3.7926901907322494, 6.5431891297129621, 11.288378916846883, 19.474830399087551, 33.59818286283781, 57.963939533849604, 100.0],
 measuredperiodlist 
[0.0044310193703217451, 0.0054556116299934966, 0.0094120259207659401, 0.016237868070835566, 0.027249437304590545, 0.026200223169248752, 0.16761758037617008, 0.12469735173866336, 0.2247437707942182, 0.42788145791535453, 0.52934293639045404, 0.91049174486357309, 0.53237223503555087, 0.53045933604776485, 0.53017358621437449, 34.188076745892182, 10.020111200906582, 34.016824941534914, 34.016824941534914, 30.543789170877893],
 siglist 
[0.03639999999999999, 0.9955, 0.9471, 0.9971, 0.9994, 0.023599999999999954, 0.4346, 0.34240000000000004, 0.03049999999999997, 0.9999, 0.9724, 0.9648, 0.6960999999999999, 0.9299999999999999, 0.7713, 0.6595, 0.011099999999999999, 0.9777, 0.5843, 0.024399999999999977],
 powerlist 
[0.23488795357224179, 0.32869307517517538, 0.31225562030781029, 0.34753391091596603, 0.35134719493599825, 0.22721935971098592, 0.25625678544261105, 0.26167902589953518, 0.23291149816317414, 0.35285342166239814, 0.28735456411603338, 0.26267401768642151, 0.2226603064971657, 0.26044876753856988, 0.23862452553548152, 0.22091289818818099, 0.17236222032535015, 0.29153245422029261, 0.23165816757616051, 0.18283264262019899],
 listnumberlist 
[0, 0, 0, 0, 0, 0, 0, 0, 0, 0, 0, 0, 0, 0, 0, 0, 0, 0, 0, 0],
 end of file
