fullmaglist 
[21.421052631578945, 21.421052631578945, 21.421052631578945, 21.421052631578945, 21.421052631578945, 21.421052631578945, 21.421052631578945, 21.421052631578945, 21.421052631578945, 21.421052631578945, 21.421052631578945, 21.421052631578945, 21.421052631578945, 21.421052631578945, 21.421052631578945, 21.421052631578945, 21.421052631578945, 21.421052631578945, 21.421052631578945, 21.421052631578945],
 periodlist 
[0.0031622776601683798, 0.0054555947811685199, 0.0094120496726806703, 0.016237767391887217, 0.028013567611988671, 0.048329302385717518, 0.083378222347178912, 0.14384498882876623, 0.24816289228368255, 0.42813323987193919, 0.73861998220793579, 1.2742749857031335, 2.1983926488622894, 3.7926901907322494, 6.5431891297129621, 11.288378916846883, 19.474830399087551, 33.59818286283781, 57.963939533849604, 100.0],
 measuredperiodlist 
[0.0031613529202080253, 0.0041865009397553526, 0.005952551009504271, 0.028297104891184328, 0.015365937033512538, 0.048330165902420098, 0.083377552521174875, 0.143835118673732, 0.24815411232463769, 0.4278962044134712, 0.73918511103834006, 1.2730397077801998, 1.2716827125491257, 3.788885082075621, 6.5243465709024147, 22.457659498634651, 19.362338916936125, 21.782660029846316, 48.346254959444302, 23.470442213853705],
 siglist 
[0.5911, 0.24360000000000004, 0.8235, 0.08520000000000005, 0.36760000000000004, 0.9279, 0.5754, 0.9987, 1.0, 0.8075, 0.9991, 1.0, 0.9361, 0.9323, 0.9998, 0.9363, 0.8329, 0.7497, 0.9899, 0.9917],
 powerlist 
[0.29435036858426322, 0.27911648433040359, 0.30488005850568228, 0.25204524315851801, 0.26360509950175404, 0.30463611832776416, 0.27085741885547954, 0.36980666263514883, 0.46393930264953886, 0.28951557809239942, 0.32107607366724039, 0.45529451147070876, 0.27790824083060561, 0.26491161781271721, 0.37067855779786885, 0.27060780864432732, 0.26003600999842275, 0.24387379216785035, 0.30393311511461851, 0.30099981271617204],
 listnumberlist 
[0, 0, 0, 0, 0, 0, 0, 0, 0, 0, 0, 0, 0, 0, 0, 0, 0, 0, 0, 0],
 end of file
