fullmaglist 
[21.05263157894737, 21.05263157894737, 21.05263157894737, 21.05263157894737, 21.05263157894737, 21.05263157894737, 21.05263157894737, 21.05263157894737, 21.05263157894737, 21.05263157894737, 21.05263157894737, 21.05263157894737, 21.05263157894737, 21.05263157894737, 21.05263157894737, 21.05263157894737, 21.05263157894737, 21.05263157894737, 21.05263157894737, 21.05263157894737],
 periodlist 
[0.0031622776601683798, 0.0054555947811685199, 0.0094120496726806703, 0.016237767391887217, 0.028013567611988671, 0.048329302385717518, 0.083378222347178912, 0.14384498882876623, 0.24816289228368255, 0.42813323987193919, 0.73861998220793579, 1.2742749857031335, 2.1983926488622894, 3.7926901907322494, 6.5431891297129621, 11.288378916846883, 19.474830399087551, 33.59818286283781, 57.963939533849604, 100.0],
 measuredperiodlist 
[0.0031622778188380198, 0.005455567476920809, 0.0094120779173603626, 0.016237660381373274, 0.028013177412531409, 0.048325390673782359, 0.018042397449453691, 0.14380807942106796, 0.022397246128803602, 0.14283639073029336, 0.73894919120043279, 1.2738919557358572, 2.2012860850990994, 5.6710976352408027, 6.4740115394389575, 11.148426871881266, 26.198974162648991, 30.225358118913984, 17.896417907816616, 27.340524496662574],
 siglist 
[0.07940000000000003, 0.7498, 0.5971, 0.9782, 0.9997, 0.48729999999999996, 0.5676, 0.7674, 0.352, 0.6884, 0.9924, 1.0, 0.9998, 0.5898, 0.9410000000000001, 0.4899, 0.3298, 0.7465999999999999, 0.9480999999999999, 0.9704],
 powerlist 
[0.2350981329910326, 0.26272328369884518, 0.25506179440259319, 0.27973399696863516, 0.31804189561239132, 0.2658837351817962, 0.23581113511745252, 0.2672718969669618, 0.23100290761203704, 0.26407340262982748, 0.2702114495340065, 0.33865982462480049, 0.30409826943488322, 0.21489573943872284, 0.23900571339907575, 0.2238222902059068, 0.20437531719262739, 0.21270689401564491, 0.2685856593982256, 0.2446300387896779],
 listnumberlist 
[0, 0, 0, 0, 0, 0, 0, 0, 0, 0, 0, 0, 0, 0, 0, 0, 0, 0, 0, 0],
 end of file
