fullmaglist 
[20.684210526315788, 20.684210526315788, 20.684210526315788, 20.684210526315788, 20.684210526315788, 20.684210526315788, 20.684210526315788, 20.684210526315788, 20.684210526315788, 20.684210526315788, 20.684210526315788, 20.684210526315788, 20.684210526315788, 20.684210526315788, 20.684210526315788, 20.684210526315788, 20.684210526315788, 20.684210526315788, 20.684210526315788, 20.684210526315788],
 periodlist 
[0.0031622776601683798, 0.0054555947811685199, 0.0094120496726806703, 0.016237767391887217, 0.028013567611988671, 0.048329302385717518, 0.083378222347178912, 0.14384498882876623, 0.24816289228368255, 0.42813323987193919, 0.73861998220793579, 1.2742749857031335, 2.1983926488622894, 3.7926901907322494, 6.5431891297129621, 11.288378916846883, 19.474830399087551, 33.59818286283781, 57.963939533849604, 100.0],
 measuredperiodlist 
[0.0031622868676827983, 0.0080466024236854426, 0.0094120093907652125, 0.011687208472025215, 0.028013829153663402, 0.048329438162786661, 0.029404191693787416, 0.021146278355378096, 0.021146450028804893, 0.4283089140502549, 0.73801896985175375, 1.2736180491515432, 2.1940974235922766, 3.7950346609907588, 6.566597926182201, 11.407715286254286, 16.226446799033891, 32.596038246226932, 33.284910966938874, 30.15750946182613],
 siglist 
[0.20199999999999996, 0.9171, 0.9557, 0.20840000000000003, 0.9517, 0.9003, 0.7914, 0.9385, 0.9619, 0.17520000000000002, 0.9972, 0.9999, 0.15559999999999996, 1.0, 0.731, 0.874, 0.9978, 0.0050000000000000044, 0.9998, 0.9924],
 powerlist 
[0.267511345435617, 0.29742097398305867, 0.29715197952717087, 0.24188366560788793, 0.28338253068509206, 0.28430865844368824, 0.26460757187147543, 0.29773870630112187, 0.29692192627601999, 0.25213016953853162, 0.30016951018604676, 0.34020366182295819, 0.20713765696045269, 0.34665829300893847, 0.23760184945018981, 0.24506248904524158, 0.29838212420217614, 0.19431552573846295, 0.34652817808562142, 0.28266253754448611],
 listnumberlist 
[0, 0, 0, 0, 0, 0, 0, 0, 0, 0, 0, 0, 0, 0, 0, 0, 0, 0, 0, 0],
 end of file
