fullmaglist 
[22.894736842105264, 22.894736842105264, 22.894736842105264, 22.894736842105264, 22.894736842105264, 22.894736842105264, 22.894736842105264, 22.894736842105264, 22.894736842105264, 22.894736842105264, 22.894736842105264, 22.894736842105264, 22.894736842105264, 22.894736842105264, 22.894736842105264, 22.894736842105264, 22.894736842105264, 22.894736842105264, 22.894736842105264, 22.894736842105264],
 periodlist 
[0.0031622776601683798, 0.0054555947811685199, 0.0094120496726806703, 0.016237767391887217, 0.028013567611988671, 0.048329302385717518, 0.083378222347178912, 0.14384498882876623, 0.24816289228368255, 0.42813323987193919, 0.73861998220793579, 1.2742749857031335, 2.1983926488622894, 3.7926901907322494, 6.5431891297129621, 11.288378916846883, 19.474830399087551, 33.59818286283781, 57.963939533849604, 100.0],
 measuredperiodlist 
[0.0032806861636867184, 0.0032699322873027199, 0.0093241693285395118, 0.022914148804591739, 0.027998485515380367, 0.28048333809634285, 0.022883812249045028, 0.010346290700643012, 0.012429991881672302, 0.016732419482108244, 4.2862211488917445, 1.3329735571232457, 1.6862688409448614, 1.1655643499767308, 2.4490137120162907, 28.59170736609617, 28.59170736609617, 30.655108094068282, 57.004631668800648, 26.587355808709273],
 siglist 
[0.10460000000000003, 0.135, 0.5935, 0.6732, 0.0020000000000000018, 0.25370000000000004, 0.0022999999999999687, 0.6595, 0.04520000000000002, 0.12129999999999996, 0.6601, 0.996, 0.00029999999999996696, 0.0014999999999999458, 0.4396, 0.9558, 0.03969999999999996, 0.9083, 0.9957, 0.49770000000000003],
 powerlist 
[0.29109257154512574, 0.28302653480609008, 0.32075552525429651, 0.29812789723703476, 0.23673086058611845, 0.27548375792313506, 0.2483861149828806, 0.28475757861262579, 0.25104836874850561, 0.26995143439118652, 0.25262209139108543, 0.31427468638976075, 0.1657664070255519, 0.16941555116067691, 0.22783896029504769, 0.27998425378955211, 0.2004515322300226, 0.28146858809705028, 0.32445171461079192, 0.23231329377289772],
 listnumberlist 
[0, 0, 0, 0, 0, 0, 0, 0, 0, 0, 0, 0, 0, 0, 0, 0, 0, 0, 0, 0],
 end of file
