fullmaglist 
[19.94736842105263, 19.94736842105263, 19.94736842105263, 19.94736842105263, 19.94736842105263, 19.94736842105263, 19.94736842105263, 19.94736842105263, 19.94736842105263, 19.94736842105263, 19.94736842105263, 19.94736842105263, 19.94736842105263, 19.94736842105263, 19.94736842105263, 19.94736842105263, 19.94736842105263, 19.94736842105263, 19.94736842105263, 19.94736842105263],
 periodlist 
[0.0031622776601683798, 0.0054555947811685199, 0.0094120496726806703, 0.016237767391887217, 0.028013567611988671, 0.048329302385717518, 0.083378222347178912, 0.14384498882876623, 0.24816289228368255, 0.42813323987193919, 0.73861998220793579, 1.2742749857031335, 2.1983926488622894, 3.7926901907322494, 6.5431891297129621, 11.288378916846883, 19.474830399087551, 33.59818286283781, 57.963939533849604, 100.0],
 measuredperiodlist 
[0.0031622740760080936, 0.004275596095330781, 0.0094121077583957727, 0.016237806260339733, 0.028016054452535355, 0.048326347650737095, 0.021875851925372374, 0.1438744048494357, 0.011189953762516353, 0.031667099478483882, 0.73826977451030795, 1.2747829578970036, 2.2027879160320856, 3.7759502043232818, 9.2414095750230896, 30.927292312749902, 35.479275984323941, 31.617769451971615, 17.288371323994976, 33.290030671886598],
 siglist 
[0.3228, 0.9272, 0.9982, 0.9765, 0.9998, 0.5347999999999999, 0.17510000000000003, 0.7479, 0.5965, 0.9588, 0.9999, 1.0, 0.9175, 0.1936, 0.8969, 0.9999, 0.9464, 0.9995, 0.9184, 0.6648000000000001],
 powerlist 
[0.25803445907533434, 0.28595450680057249, 0.34226010210326796, 0.30402989867885899, 0.35873502297210796, 0.26027839803496217, 0.23590528294232904, 0.29700304748357542, 0.24966600251376722, 0.29075316721065653, 0.34311425377052823, 0.35561626610150421, 0.24666015453215437, 0.20783485051032116, 0.25086532513509208, 0.34315811314219619, 0.25272577569101001, 0.32431499790932028, 0.25070418180958737, 0.22645221117237868],
 listnumberlist 
[0, 0, 0, 0, 0, 0, 0, 0, 0, 0, 0, 0, 0, 0, 0, 0, 0, 0, 0, 0],
 end of file
