fullmaglist 
[21.05263157894737, 21.05263157894737, 21.05263157894737, 21.05263157894737, 21.05263157894737, 21.05263157894737, 21.05263157894737, 21.05263157894737, 21.05263157894737, 21.05263157894737, 21.05263157894737, 21.05263157894737, 21.05263157894737, 21.05263157894737, 21.05263157894737, 21.05263157894737, 21.05263157894737, 21.05263157894737, 21.05263157894737, 21.05263157894737],
 periodlist 
[0.0031622776601683798, 0.0054555947811685199, 0.0094120496726806703, 0.016237767391887217, 0.028013567611988671, 0.048329302385717518, 0.083378222347178912, 0.14384498882876623, 0.24816289228368255, 0.42813323987193919, 0.73861998220793579, 1.2742749857031335, 2.1983926488622894, 3.7926901907322494, 6.5431891297129621, 11.288378916846883, 19.474830399087551, 33.59818286283781, 57.963939533849604, 100.0],
 measuredperiodlist 
[0.0031622775924174604, 0.0054555945520970957, 0.0094120496441806624, 0.016237766393556282, 0.028013573361319256, 0.048329314583142234, 0.083378104766887798, 0.14384497869660182, 0.24816204242542164, 0.4281313048582055, 0.73861400080338979, 1.2743116124596119, 2.1984249667015798, 3.7927937775130518, 6.5423965733456315, 11.287583334596849, 19.474026802505023, 33.592490766984099, 57.893459388993477, 99.903767724274616],
 siglist 
[0.4114, 1.0, 1.0, 1.0, 1.0, 0.7051000000000001, 0.9292, 1.0, 0.9048, 1.0, 1.0, 1.0, 1.0, 0.938, 1.0, 0.4586, 1.0, 1.0, 1.0, 1.0],
 powerlist 
[0.054052901333451614, 0.15856568283563424, 0.08456074910662216, 0.11861299399342658, 0.18758060367987026, 0.053924494589332322, 0.058817095617477062, 0.15096314307581207, 0.05667593057935149, 0.10927619089582501, 0.093191683611756046, 0.10067606677072291, 0.10658227330462325, 0.051258252158982609, 0.091270375126690062, 0.044418186861166747, 0.071501521633903428, 0.09972638603683226, 0.11667133496260949, 0.20693475716861368],
 listnumberlist 
[0, 0, 0, 0, 0, 0, 0, 0, 0, 0, 0, 0, 0, 0, 0, 0, 0, 0, 0, 0],
 end of file
