fullmaglist 
[20.31578947368421, 20.31578947368421, 20.31578947368421, 20.31578947368421, 20.31578947368421, 20.31578947368421, 20.31578947368421, 20.31578947368421, 20.31578947368421, 20.31578947368421, 20.31578947368421, 20.31578947368421, 20.31578947368421, 20.31578947368421, 20.31578947368421, 20.31578947368421, 20.31578947368421, 20.31578947368421, 20.31578947368421, 20.31578947368421],
 periodlist 
[0.0031622776601683798, 0.0054555947811685199, 0.0094120496726806703, 0.016237767391887217, 0.028013567611988671, 0.048329302385717518, 0.083378222347178912, 0.14384498882876623, 0.24816289228368255, 0.42813323987193919, 0.73861998220793579, 1.2742749857031335, 2.1983926488622894, 3.7926901907322494, 6.5431891297129621, 11.288378916846883, 19.474830399087551, 33.59818286283781, 57.963939533849604, 100.0],
 measuredperiodlist 
[0.0031622806600825303, 0.0054556133770859733, 0.0094119533757128521, 0.015827500517793035, 0.028012677927003148, 0.048329892267881536, 0.083381744738210709, 0.1438340351099196, 0.24806508210426889, 0.42781084384619772, 0.73887249925949328, 3.2387646083526396, 2.2000427245229592, 0.63505362472471638, 6.5842675422540671, 11.313826156060756, 19.055121399717674, 35.589626137669427, 23.203463362866987, 22.732145438329372],
 siglist 
[0.5182, 1.0, 0.8567, 0.8089, 0.9977, 0.9997, 0.9994, 1.0, 0.015499999999999958, 0.9163, 0.9997, 0.9997, 0.9547, 0.013499999999999956, 0.9889, 0.9494, 1.0, 0.9916, 0.8649, 0.8892],
 powerlist 
[0.23472787671934708, 0.36752397045917129, 0.26479677035251853, 0.24380199943746442, 0.28915515385379392, 0.31093545475278295, 0.31386766224827006, 0.38037426416124653, 0.21034071526536802, 0.26399091383656198, 0.312656147162924, 0.31328528091325691, 0.22959054287794681, 0.16712882128488718, 0.2683021263128445, 0.24980336767841579, 0.3259946983637852, 0.25732231548409656, 0.23260071749680769, 0.22133268513327026],
 listnumberlist 
[0, 0, 0, 0, 0, 0, 0, 0, 0, 0, 0, 0, 0, 0, 0, 0, 0, 0, 0, 0],
 end of file
