fullmaglist 
[24.0, 24.0, 24.0, 24.0, 24.0, 24.0, 24.0, 24.0, 24.0, 24.0, 24.0, 24.0, 24.0, 24.0, 24.0, 24.0, 24.0, 24.0, 24.0, 24.0],
 periodlist 
[0.0031622776601683798, 0.0054555947811685199, 0.0094120496726806703, 0.016237767391887217, 0.028013567611988671, 0.048329302385717518, 0.083378222347178912, 0.14384498882876623, 0.24816289228368255, 0.42813323987193919, 0.73861998220793579, 1.2742749857031335, 2.1983926488622894, 3.7926901907322494, 6.5431891297129621, 11.288378916846883, 19.474830399087551, 33.59818286283781, 57.963939533849604, 100.0],
 measuredperiodlist 
[0.003162277724960535, 0.0054555954503417983, 0.0094120491674958562, 0.016237771668319297, 0.028013554486135163, 0.048275788079388593, 0.083378071237772924, 0.14384500291701666, 0.24816173814163556, 0.42813473679165714, 0.73861785638909727, 1.2742990139512207, 1.3241299108982452, 3.7929935144462776, 6.4271436500642549, 11.287222911954114, 19.455814553463615, 33.601319607033034, 58.027845882892009, 100.13944167414938],
 siglist 
[0.3667, 0.9975, 0.3651, 0.0011999999999999789, 0.9714, 0.017000000000000015, 0.17469999999999997, 0.9299999999999999, 0.8044, 0.2623, 0.8115, 0.581, 0.7367, 0.8654999999999999, 0.6411, 0.37450000000000006, 0.9714, 0.4454, 0.638, 1.0],
 powerlist 
[0.069934774601935409, 0.1001795297089359, 0.069586427622185865, 0.058630288757800908, 0.083009866008791955, 0.061949899952528538, 0.064162535470547316, 0.07925388505626485, 0.076648257237496478, 0.065480845341807925, 0.063289753390488729, 0.062715320141473074, 0.062291918822533481, 0.065979739508085167, 0.061191000301685124, 0.058851398349067295, 0.071515754391340211, 0.060573719567372501, 0.06107324139738933, 0.16320741194810756],
 listnumberlist 
[0, 0, 0, 0, 0, 0, 0, 0, 0, 0, 0, 0, 0, 0, 0, 0, 0, 0, 0, 0],
 end of file
