fullmaglist 
[20.684210526315788, 20.684210526315788, 20.684210526315788, 20.684210526315788, 20.684210526315788, 20.684210526315788, 20.684210526315788, 20.684210526315788, 20.684210526315788, 20.684210526315788, 20.684210526315788, 20.684210526315788, 20.684210526315788, 20.684210526315788, 20.684210526315788, 20.684210526315788, 20.684210526315788, 20.684210526315788, 20.684210526315788, 20.684210526315788],
 periodlist 
[0.0031622776601683798, 0.0054555947811685199, 0.0094120496726806703, 0.016237767391887217, 0.028013567611988671, 0.048329302385717518, 0.083378222347178912, 0.14384498882876623, 0.24816289228368255, 0.42813323987193919, 0.73861998220793579, 1.2742749857031335, 2.1983926488622894, 3.7926901907322494, 6.5431891297129621, 11.288378916846883, 19.474830399087551, 33.59818286283781, 57.963939533849604, 100.0],
 measuredperiodlist 
[0.0055618622625009219, 0.005455575563280338, 0.0094119750030967307, 0.016237841499632283, 0.028013752506535209, 0.048421402654982001, 0.083374396401412018, 0.14247090251000583, 0.027899243794289347, 0.42844564106197686, 0.7395646724729299, 1.274648872766099, 2.1945833263477708, 3.7894390912635942, 5.2114182051534517, 11.2942960834171, 19.884975192825401, 31.31627097423814, 31.31627097423814, 30.385464976046855],
 siglist 
[0.8969, 0.9927, 0.9764, 0.9991, 0.9724, 0.22619999999999996, 0.9801, 0.03590000000000004, 0.353, 0.2278, 0.051100000000000034, 0.9822, 0.9969, 0.7051000000000001, 0.9693, 0.09089999999999998, 0.999, 0.8343, 0.9997, 0.9794],
 powerlist 
[0.25412394634973268, 0.28406894849870257, 0.27194550495815484, 0.29845967562418796, 0.2697501857854766, 0.22218762082393909, 0.26113367405875904, 0.21221240671102265, 0.23231528118361922, 0.22932063118750493, 0.18013400974178848, 0.24325569877111688, 0.26268387072170107, 0.20523641194642755, 0.24299990787043199, 0.18486317912762318, 0.27169910679106507, 0.21397246478339293, 0.27777905601954134, 0.23561480329841972],
 listnumberlist 
[0, 0, 0, 0, 0, 0, 0, 0, 0, 0, 0, 0, 0, 0, 0, 0, 0, 0, 0, 0],
 end of file
