fullmaglist 
[20.31578947368421, 20.31578947368421, 20.31578947368421, 20.31578947368421, 20.31578947368421, 20.31578947368421, 20.31578947368421, 20.31578947368421, 20.31578947368421, 20.31578947368421, 20.31578947368421, 20.31578947368421, 20.31578947368421, 20.31578947368421, 20.31578947368421, 20.31578947368421, 20.31578947368421, 20.31578947368421, 20.31578947368421, 20.31578947368421],
 periodlist 
[0.0031622776601683798, 0.0054555947811685199, 0.0094120496726806703, 0.016237767391887217, 0.028013567611988671, 0.048329302385717518, 0.083378222347178912, 0.14384498882876623, 0.24816289228368255, 0.42813323987193919, 0.73861998220793579, 1.2742749857031335, 2.1983926488622894, 3.7926901907322494, 6.5431891297129621, 11.288378916846883, 19.474830399087551, 33.59818286283781, 57.963939533849604, 100.0],
 measuredperiodlist 
[0.0031622574789713447, 0.0051538085741943867, 0.0095099478452512851, 0.0165066977465987, 0.028012097536325314, 0.014663929364745481, 0.083371954980930349, 0.083075516817988776, 0.014663999086760464, 0.37475606187242111, 0.99931954667253342, 4.5684407704322672, 2.2180677030267608, 2.3989066248441637, 6.6906906485228959, 15.166187540489204, 16.307070723243417, 16.307070723243417, 16.501399572755385, 19.049465962415272],
 siglist 
[0.05179999999999996, 0.8636, 0.6944, 0.7036, 0.9757, 0.9992, 0.9998, 0.9327, 0.8319, 0.9989, 0.997, 0.9852, 1.0, 0.9414, 0.9897, 0.9892, 1.0, 0.9875, 0.9983, 0.9359],
 powerlist 
[0.23663499736748439, 0.28165854846441712, 0.28728216044787802, 0.26066478828519291, 0.29272063487540068, 0.34416367233811329, 0.34661126277959098, 0.27821798194810504, 0.27161064879900421, 0.33827874657916457, 0.30759104937709231, 0.28021915943065107, 0.39367010452131718, 0.27527157261105795, 0.27110570708787896, 0.27407801173529817, 0.34738565411258415, 0.27085476062394021, 0.31038565639826382, 0.26007487821320002],
 listnumberlist 
[0, 0, 0, 0, 0, 0, 0, 0, 0, 0, 0, 0, 0, 0, 0, 0, 0, 0, 0, 0],
 end of file
