fullmaglist 
[24.0, 24.0, 24.0, 24.0, 24.0, 24.0, 24.0, 24.0, 24.0, 24.0, 24.0, 24.0, 24.0, 24.0, 24.0, 24.0, 24.0, 24.0, 24.0, 24.0],
 periodlist 
[0.0031622776601683798, 0.0054555947811685199, 0.0094120496726806703, 0.016237767391887217, 0.028013567611988671, 0.048329302385717518, 0.083378222347178912, 0.14384498882876623, 0.24816289228368255, 0.42813323987193919, 0.73861998220793579, 1.2742749857031335, 2.1983926488622894, 3.7926901907322494, 6.5431891297129621, 11.288378916846883, 19.474830399087551, 33.59818286283781, 57.963939533849604, 100.0],
 measuredperiodlist 
[0.0055734179123896601, 0.0034153020538901552, 0.0060887140618559607, 0.013222493476532921, 0.028014993833739735, 0.033684836352601152, 0.037122280512171868, 0.016194541400973154, 0.021340320620704626, 0.092540984322563372, 0.73779899081458833, 0.91239977397429561, 0.55392803485334374, 3.8286742407384922, 1.1721433550034932, 11.019749485112262, 19.286005094483681, 31.258747292978111, 29.834057464551837, 22.218766001227337],
 siglist 
[0.8204, 0.21220000000000006, 0.7761, 0.5941000000000001, 0.9544, 0.3912, 0.013499999999999956, 0.845, 0.7203999999999999, 0.6900999999999999, 0.9063, 0.47440000000000004, 0.9903, 0.33999999999999997, 0.49560000000000004, 0.0044999999999999485, 0.7166, 0.958, 0.9635, 0.4283],
 powerlist 
[0.30257499142403549, 0.28636879828846507, 0.30769948767232813, 0.30097591308127536, 0.31460654650641079, 0.27397508046632696, 0.27121025361001383, 0.30933106652162273, 0.30144018852790738, 0.28537772886691182, 0.26597607288048303, 0.25987041009459111, 0.30497226682424977, 0.23262425237051948, 0.24186890436274874, 0.1982630423794422, 0.28696081804064866, 0.29339368481769418, 0.28683074558073945, 0.23794042623027983],
 listnumberlist 
[0, 0, 0, 0, 0, 0, 0, 0, 0, 0, 0, 0, 0, 0, 0, 0, 0, 0, 0, 0],
 end of file
