fullmaglist 
[23.63157894736842, 23.63157894736842, 23.63157894736842, 23.63157894736842, 23.63157894736842, 23.63157894736842, 23.63157894736842, 23.63157894736842, 23.63157894736842, 23.63157894736842, 23.63157894736842, 23.63157894736842, 23.63157894736842, 23.63157894736842, 23.63157894736842, 23.63157894736842, 23.63157894736842, 23.63157894736842, 23.63157894736842, 23.63157894736842],
 periodlist 
[0.0031622776601683798, 0.0054555947811685199, 0.0094120496726806703, 0.016237767391887217, 0.028013567611988671, 0.048329302385717518, 0.083378222347178912, 0.14384498882876623, 0.24816289228368255, 0.42813323987193919, 0.73861998220793579, 1.2742749857031335, 2.1983926488622894, 3.7926901907322494, 6.5431891297129621, 11.288378916846883, 19.474830399087551, 33.59818286283781, 57.963939533849604, 100.0],
 measuredperiodlist 
[0.0034946553161369531, 0.0054555733856025976, 0.0035069261876510644, 0.01623786579435461, 0.011192917303455095, 0.011068478935285321, 0.095608465861960479, 0.32146843239896838, 0.01564285790949245, 0.012129740631627221, 0.73784578263223699, 0.77299967368790701, 1.5304450781900518, 3.7996612303345052, 0.86985988508554857, 33.394040385200022, 28.924089270689805, 33.394040385200022, 10.585448857039628, 11.847904054387307],
 siglist 
[0.01880000000000004, 0.9988, 0.7246, 0.9951, 0.6206, 0.9756, 0.4314, 0.7534, 0.9368, 0.48660000000000003, 0.9996, 1.0, 0.8317, 0.7983, 0.7549, 0.836, 0.9541, 0.9903, 0.5735, 0.7181],
 powerlist 
[0.25380667257721318, 0.41453901719589709, 0.32038494857084465, 0.36517286908744212, 0.29230193193725224, 0.32912633445237105, 0.2801302187701491, 0.29022921366776544, 0.32391806151795988, 0.27362544212800743, 0.35967966863640033, 0.38918928805024067, 0.26026270802625051, 0.25456832350665271, 0.24916724511966307, 0.25935747464349379, 0.29173994365475753, 0.31416319574648721, 0.23932774696184317, 0.26648143201203284],
 listnumberlist 
[0, 0, 0, 0, 0, 0, 0, 0, 0, 0, 0, 0, 0, 0, 0, 0, 0, 0, 0, 0],
 end of file
