fullmaglist 
[23.263157894736842, 23.263157894736842, 23.263157894736842, 23.263157894736842, 23.263157894736842, 23.263157894736842, 23.263157894736842, 23.263157894736842, 23.263157894736842, 23.263157894736842, 23.263157894736842, 23.263157894736842, 23.263157894736842, 23.263157894736842, 23.263157894736842, 23.263157894736842, 23.263157894736842, 23.263157894736842, 23.263157894736842, 23.263157894736842],
 periodlist 
[0.0031622776601683798, 0.0054555947811685199, 0.0094120496726806703, 0.016237767391887217, 0.028013567611988671, 0.048329302385717518, 0.083378222347178912, 0.14384498882876623, 0.24816289228368255, 0.42813323987193919, 0.73861998220793579, 1.2742749857031335, 2.1983926488622894, 3.7926901907322494, 6.5431891297129621, 11.288378916846883, 19.474830399087551, 33.59818286283781, 57.963939533849604, 100.0],
 measuredperiodlist 
[0.0064835673541690699, 0.0030525760553362412, 0.0030760206536522045, 0.014484661925287618, 0.36034864944228578, 0.048328279603614674, 0.013092519413762447, 0.24072423060747328, 0.24811289900588643, 0.015836818733855968, 0.73036401922705074, 1.2737125568585341, 2.196744518356565, 3.8030710344858103, 6.5408657644096317, 11.255253383476838, 19.884047198001966, 34.408770745869113, 58.573950634145319, 28.620680390994853],
 siglist 
[0.2247, 0.15890000000000004, 0.010600000000000054, 0.3681, 0.7212000000000001, 0.9166, 0.0746, 0.2097, 0.9439, 0.025399999999999978, 1.0, 0.9725, 0.8577, 0.9281, 0.5275000000000001, 0.28359999999999996, 0.7037, 0.6087, 0.9833, 0.6246],
 powerlist 
[0.29214029307376688, 0.28181796151169874, 0.26004582622001443, 0.26766851534134817, 0.29254214226686653, 0.31000422866701594, 0.25656014063487365, 0.2946346241361168, 0.34068072382335113, 0.25031191244456336, 0.47278326383436009, 0.2882656302451152, 0.27041878486670173, 0.27816535764922978, 0.25039536023016712, 0.22773018562435932, 0.25692599816559458, 0.25479256543567907, 0.29952863591251638, 0.2453140770173865],
 listnumberlist 
[0, 0, 0, 0, 0, 0, 0, 0, 0, 0, 0, 0, 0, 0, 0, 0, 0, 0, 0, 0],
 end of file
