fullmaglist 
[21.421052631578945, 21.421052631578945, 21.421052631578945, 21.421052631578945, 21.421052631578945, 21.421052631578945, 21.421052631578945, 21.421052631578945, 21.421052631578945, 21.421052631578945, 21.421052631578945, 21.421052631578945, 21.421052631578945, 21.421052631578945, 21.421052631578945, 21.421052631578945, 21.421052631578945, 21.421052631578945, 21.421052631578945, 21.421052631578945],
 periodlist 
[0.0031622776601683798, 0.0054555947811685199, 0.0094120496726806703, 0.016237767391887217, 0.028013567611988671, 0.048329302385717518, 0.083378222347178912, 0.14384498882876623, 0.24816289228368255, 0.42813323987193919, 0.73861998220793579, 1.2742749857031335, 2.1983926488622894, 3.7926901907322494, 6.5431891297129621, 11.288378916846883, 19.474830399087551, 33.59818286283781, 57.963939533849604, 100.0],
 measuredperiodlist 
[0.0031622722229144935, 0.0054556318599148154, 0.0060986263662220824, 0.016237842929229484, 0.028013172121471919, 0.013071089462351616, 0.024301018788526169, 0.012187463943899978, 0.011617533343225888, 0.015392798472398319, 0.73801035160748774, 1.1168990437649087, 2.2055134871807338, 3.0750096626625698, 6.4920399725736555, 32.554676176777164, 11.363862719791479, 32.554676176777164, 30.388718486546058, 32.554676176777164],
 siglist 
[0.1279, 0.9, 0.44110000000000005, 0.9898, 0.6718999999999999, 0.7145, 0.1642, 0.7826, 0.08150000000000002, 0.35829999999999995, 0.3407, 0.3335, 0.8964, 0.9598, 0.9913, 0.08609999999999995, 0.9214, 0.8654, 0.32609999999999995, 0.9019],
 powerlist 
[0.2319722298757699, 0.26475218697666147, 0.25035363301767127, 0.2812253216494065, 0.23745371216555, 0.24065980049395849, 0.22920632740940272, 0.25324454259518614, 0.23317319698960473, 0.23178063900780085, 0.20076444509082808, 0.20488209724889711, 0.23634684533633096, 0.25366808989451323, 0.26105139943805455, 0.19735752904079182, 0.23040116467399419, 0.22772378018070982, 0.20079563036173945, 0.2413480877351348],
 listnumberlist 
[0, 0, 0, 0, 0, 0, 0, 0, 0, 0, 0, 0, 0, 0, 0, 0, 0, 0, 0, 0],
 end of file
