fullmaglist 
[23.63157894736842, 23.63157894736842, 23.63157894736842, 23.63157894736842, 23.63157894736842, 23.63157894736842, 23.63157894736842, 23.63157894736842, 23.63157894736842, 23.63157894736842, 23.63157894736842, 23.63157894736842, 23.63157894736842, 23.63157894736842, 23.63157894736842, 23.63157894736842, 23.63157894736842, 23.63157894736842, 23.63157894736842, 23.63157894736842],
 periodlist 
[0.0031622776601683798, 0.0054555947811685199, 0.0094120496726806703, 0.016237767391887217, 0.028013567611988671, 0.048329302385717518, 0.083378222347178912, 0.14384498882876623, 0.24816289228368255, 0.42813323987193919, 0.73861998220793579, 1.2742749857031335, 2.1983926488622894, 3.7926901907322494, 6.5431891297129621, 11.288378916846883, 19.474830399087551, 33.59818286283781, 57.963939533849604, 100.0],
 measuredperiodlist 
[0.0051358277538647292, 0.0053763471422927341, 0.0070744893274109592, 0.067699648615946198, 0.054350375877347368, 0.117738369833032, 0.17245555222428999, 0.15629063481077249, 0.19873967478921811, 0.056082211325299655, 0.73621424796385271, 4.5930334818170424, 0.94408687250750445, 0.78969575619392707, 4.9977963066064666, 11.048453303077212, 11.696454741555844, 66.824366242814094, 28.59170736609617, 27.96121252828803],
 siglist 
[0.9286, 0.9738, 0.16700000000000004, 0.9962, 0.9427, 0.24950000000000006, 0.9953, 0.9978, 0.9337, 0.07750000000000001, 0.9889, 0.9956, 0.92, 0.999, 1.0, 0.994, 0.7439, 0.8882, 0.9445, 0.9543],
 powerlist 
[0.32075690728495909, 0.35332454479780201, 0.27458034151496602, 0.35538639608768119, 0.32402670052520832, 0.27333201980420879, 0.35777779435973123, 0.35945695332899019, 0.32792217168087878, 0.27037092553143693, 0.30464066709327509, 0.33048381647397979, 0.28707342669734215, 0.38274392749857306, 0.38515045162338873, 0.33210809930492008, 0.25515477089828031, 0.2736224268263131, 0.28284645295154431, 0.28976453030014043],
 listnumberlist 
[0, 0, 0, 0, 0, 0, 0, 0, 0, 0, 0, 0, 0, 0, 0, 0, 0, 0, 0, 0],
 end of file
