fullmaglist 
[17.36842105263158, 17.36842105263158, 17.36842105263158, 17.36842105263158, 17.36842105263158, 17.36842105263158, 17.36842105263158, 17.36842105263158, 17.36842105263158, 17.36842105263158, 17.36842105263158, 17.36842105263158, 17.36842105263158, 17.36842105263158, 17.36842105263158, 17.36842105263158, 17.36842105263158, 17.36842105263158, 17.36842105263158, 17.36842105263158],
 periodlist 
[0.0031622776601683798, 0.0054555947811685199, 0.0094120496726806703, 0.016237767391887217, 0.028013567611988671, 0.048329302385717518, 0.083378222347178912, 0.14384498882876623, 0.24816289228368255, 0.42813323987193919, 0.73861998220793579, 1.2742749857031335, 2.1983926488622894, 3.7926901907322494, 6.5431891297129621, 11.288378916846883, 19.474830399087551, 33.59818286283781, 57.963939533849604, 100.0],
 measuredperiodlist 
[0.0031622865399358537, 0.0054555904121079265, 0.0094119595119577393, 0.0162376062908643, 0.028012949400321025, 0.04832793358855253, 0.083377490675028657, 0.14385340047143944, 0.24815969783105946, 0.42827522497689791, 0.73741040099994559, 1.2726918312767463, 2.2061609764387149, 4.4025742803319092, 6.5553534652173626, 11.418708793205331, 19.764358929995407, 96.18471112321447, 48.719264974255019, 105.02067555258759],
 siglist 
[0.2532, 0.999, 0.9742, 0.9295, 0.9988, 1.0, 1.0, 1.0, 0.9656, 0.9507, 0.9924, 1.0, 1.0, 0.9988, 0.7115, 0.9999, 1.0, 0.9979, 0.9942, 1.0],
 powerlist 
[0.23505997389945338, 0.32434839669027682, 0.27699230688160226, 0.25985999146920935, 0.31247468441635728, 0.40677937302584555, 0.36998982172753198, 0.35326901788091675, 0.27290763856253025, 0.25901955016893213, 0.25772525899178211, 0.32573358941598385, 0.36655696987352271, 0.28174462954891094, 0.21708684965207453, 0.31515263446601999, 0.37869601326581137, 0.2692114827175483, 0.26116629595039315, 0.33378614772930071],
 listnumberlist 
[0, 0, 0, 0, 0, 0, 0, 0, 0, 0, 0, 0, 0, 0, 0, 0, 0, 0, 0, 0],
 end of file
