fullmaglist 
[22.894736842105264, 22.894736842105264, 22.894736842105264, 22.894736842105264, 22.894736842105264, 22.894736842105264, 22.894736842105264, 22.894736842105264, 22.894736842105264, 22.894736842105264, 22.894736842105264, 22.894736842105264, 22.894736842105264, 22.894736842105264, 22.894736842105264, 22.894736842105264, 22.894736842105264, 22.894736842105264, 22.894736842105264, 22.894736842105264],
 periodlist 
[0.0031622776601683798, 0.0054555947811685199, 0.0094120496726806703, 0.016237767391887217, 0.028013567611988671, 0.048329302385717518, 0.083378222347178912, 0.14384498882876623, 0.24816289228368255, 0.42813323987193919, 0.73861998220793579, 1.2742749857031335, 2.1983926488622894, 3.7926901907322494, 6.5431891297129621, 11.288378916846883, 19.474830399087551, 33.59818286283781, 57.963939533849604, 100.0],
 measuredperiodlist 
[0.0031622774860637051, 0.0054555942145812593, 0.0094120484075860718, 0.016237772998696654, 0.028013564153531508, 0.048329337829854949, 0.083378280398041571, 0.14384526281030949, 0.24816321928649032, 0.42813162964653928, 0.73860684641288654, 1.2742831070093443, 2.1985229964897997, 3.79227020692095, 6.5429540249885019, 11.289034116106956, 19.476175554094155, 33.607461096069876, 57.985235088903934, 100.06761221338985],
 siglist 
[0.06440000000000001, 1.0, 1.0, 0.9987, 1.0, 0.8815, 0.9568, 0.9683, 0.35829999999999995, 1.0, 1.0, 1.0, 0.9995, 1.0, 0.9976, 0.9991, 0.9961, 1.0, 1.0, 1.0],
 powerlist 
[0.068796899666923247, 0.12222416167219308, 0.13646052524921851, 0.10756754736308732, 0.14032942744194468, 0.081183113626228015, 0.090402990800121347, 0.10167346867453123, 0.068573964190279557, 0.11657258235207599, 0.10310116550941199, 0.17528829423501194, 0.10017753014510852, 0.13965895776812434, 0.10189389500559752, 0.079705818771004466, 0.086400248651802847, 0.14644580919412636, 0.10361141026345455, 0.1636787921138001],
 listnumberlist 
[0, 0, 0, 0, 0, 0, 0, 0, 0, 0, 0, 0, 0, 0, 0, 0, 0, 0, 0, 0],
 end of file
