fullmaglist 
[19.210526315789473, 19.210526315789473, 19.210526315789473, 19.210526315789473, 19.210526315789473, 19.210526315789473, 19.210526315789473, 19.210526315789473, 19.210526315789473, 19.210526315789473, 19.210526315789473, 19.210526315789473, 19.210526315789473, 19.210526315789473, 19.210526315789473, 19.210526315789473, 19.210526315789473, 19.210526315789473, 19.210526315789473, 19.210526315789473],
 periodlist 
[0.0031622776601683798, 0.0054555947811685199, 0.0094120496726806703, 0.016237767391887217, 0.028013567611988671, 0.048329302385717518, 0.083378222347178912, 0.14384498882876623, 0.24816289228368255, 0.42813323987193919, 0.73861998220793579, 1.2742749857031335, 2.1983926488622894, 3.7926901907322494, 6.5431891297129621, 11.288378916846883, 19.474830399087551, 33.59818286283781, 57.963939533849604, 100.0],
 measuredperiodlist 
[0.011255058022958762, 0.0054555840581084663, 0.0094119766601078719, 0.016237312139264447, 0.02801394072290701, 0.044627629260521211, 0.083368400613294202, 0.044626621222482801, 0.4038054723200768, 0.030290383914962381, 0.7385118073816741, 1.2748646904356522, 2.19808957930826, 3.7935676291992384, 6.491806702813264, 11.157279057111774, 19.434656356607295, 21.392157807083102, 60.973176988697105, 100.61965824826575],
 siglist 
[0.8261000000000001, 0.9601, 0.9196, 0.9742999999999999, 0.9943, 0.9871, 0.9995, 0.3923, 0.7464999999999999, 0.7941, 0.9999, 1.0, 0.18469999999999998, 0.9964, 1.0, 1.0, 0.9672, 0.9995, 0.6653, 0.9741],
 powerlist 
[0.26591484879746968, 0.27887631612753433, 0.26756758884670029, 0.27594433025697629, 0.28760042237539701, 0.28166519751885466, 0.30648060605582089, 0.23165291127614063, 0.24540207539609832, 0.24493689212670511, 0.30571006725296324, 0.32945826174945519, 0.18965911161803758, 0.26769533981488797, 0.35122648159534131, 0.38366533652564994, 0.24196551609104772, 0.28987880484707518, 0.20662166060651205, 0.24646995432868765],
 listnumberlist 
[0, 0, 0, 0, 0, 0, 0, 0, 0, 0, 0, 0, 0, 0, 0, 0, 0, 0, 0, 0],
 end of file
