fullmaglist 
[20.684210526315788, 20.684210526315788, 20.684210526315788, 20.684210526315788, 20.684210526315788, 20.684210526315788, 20.684210526315788, 20.684210526315788, 20.684210526315788, 20.684210526315788, 20.684210526315788, 20.684210526315788, 20.684210526315788, 20.684210526315788, 20.684210526315788, 20.684210526315788, 20.684210526315788, 20.684210526315788, 20.684210526315788, 20.684210526315788],
 periodlist 
[0.0031622776601683798, 0.0054555947811685199, 0.0094120496726806703, 0.016237767391887217, 0.028013567611988671, 0.048329302385717518, 0.083378222347178912, 0.14384498882876623, 0.24816289228368255, 0.42813323987193919, 0.73861998220793579, 1.2742749857031335, 2.1983926488622894, 3.7926901907322494, 6.5431891297129621, 11.288378916846883, 19.474830399087551, 33.59818286283781, 57.963939533849604, 100.0],
 measuredperiodlist 
[0.0031622778174407876, 0.0054555945056916719, 0.0094120484871362872, 0.016237767193392906, 0.028013579388772167, 0.048329316348727107, 0.083378197248873784, 0.14384478595583677, 0.24816236030858979, 0.42813237685710576, 0.73862267463571163, 1.2742973119318002, 2.1984348289132525, 3.7925240145499775, 6.5426327384736842, 11.288527308839393, 19.467969799586271, 33.58935684470476, 58.008393490135347, 99.932736501534563],
 siglist 
[0.9633, 1.0, 1.0, 1.0, 1.0, 1.0, 1.0, 1.0, 1.0, 1.0, 1.0, 1.0, 1.0, 1.0, 1.0, 1.0, 1.0, 1.0, 1.0, 1.0],
 powerlist 
[0.061008362661117047, 0.13626671151767814, 0.14525177557141311, 0.14900317130383545, 0.18282846473566347, 0.12073414241434814, 0.1216617314183704, 0.21112614073933228, 0.082813323500856323, 0.17963002998500424, 0.11999903176068849, 0.21034684534845055, 0.11400813684867502, 0.1195874713468451, 0.13352548673731734, 0.093976680424383341, 0.12365418772031449, 0.18432758689976098, 0.17194133323711563, 0.2558776112534083],
 listnumberlist 
[0, 0, 0, 0, 0, 0, 0, 0, 0, 0, 0, 0, 0, 0, 0, 0, 0, 0, 0, 0],
 end of file
