fullmaglist 
[23.63157894736842, 23.63157894736842, 23.63157894736842, 23.63157894736842, 23.63157894736842, 23.63157894736842, 23.63157894736842, 23.63157894736842, 23.63157894736842, 23.63157894736842, 23.63157894736842, 23.63157894736842, 23.63157894736842, 23.63157894736842, 23.63157894736842, 23.63157894736842, 23.63157894736842, 23.63157894736842, 23.63157894736842, 23.63157894736842],
 periodlist 
[0.0031622776601683798, 0.0054555947811685199, 0.0094120496726806703, 0.016237767391887217, 0.028013567611988671, 0.048329302385717518, 0.083378222347178912, 0.14384498882876623, 0.24816289228368255, 0.42813323987193919, 0.73861998220793579, 1.2742749857031335, 2.1983926488622894, 3.7926901907322494, 6.5431891297129621, 11.288378916846883, 19.474830399087551, 33.59818286283781, 57.963939533849604, 100.0],
 measuredperiodlist 
[0.0031435328480188527, 0.0031680952714323364, 0.0043716517799157724, 0.024006732807262999, 0.027880649565461553, 0.017972185107768886, 0.038864073473471768, 0.2238052921603654, 0.024874609915253632, 0.42837525463777076, 0.5097868742761239, 4.6097972544328467, 0.69467514837759048, 0.5097868742761239, 0.5097868742761239, 10.752284986446705, 19.174847633458739, 10.996562713650389, 55.50158750137922, 84.979183239573501],
 siglist 
[0.042200000000000015, 0.021700000000000053, 0.0013999999999999568, 0.30710000000000004, 0.7903, 0.24650000000000005, 0.06120000000000003, 0.5357000000000001, 0.9796, 0.9167, 0.8979, 0.894, 0.8551, 0.5171, 0.9782, 0.3678, 0.24609999999999999, 0.5745, 0.8979, 0.9755],
 powerlist 
[0.26794429967351951, 0.26342254205619453, 0.24884531260034548, 0.28409992709189569, 0.2886408682671443, 0.27520934081440407, 0.25992279511071797, 0.28831476528866168, 0.32771582671688382, 0.31776626336353769, 0.26582009562360265, 0.28242334026508226, 0.26341529621816934, 0.23332328237524458, 0.29969312070845422, 0.22248587505347805, 0.22499291717823472, 0.24506458277869786, 0.27920404109835961, 0.28701251458609689],
 listnumberlist 
[0, 0, 0, 0, 0, 0, 0, 0, 0, 0, 0, 0, 0, 0, 0, 0, 0, 0, 0, 0],
 end of file
