fullmaglist 
[19.94736842105263, 19.94736842105263, 19.94736842105263, 19.94736842105263, 19.94736842105263, 19.94736842105263, 19.94736842105263, 19.94736842105263, 19.94736842105263, 19.94736842105263, 19.94736842105263, 19.94736842105263, 19.94736842105263, 19.94736842105263, 19.94736842105263, 19.94736842105263, 19.94736842105263, 19.94736842105263, 19.94736842105263, 19.94736842105263],
 periodlist 
[0.0031622776601683798, 0.0054555947811685199, 0.0094120496726806703, 0.016237767391887217, 0.028013567611988671, 0.048329302385717518, 0.083378222347178912, 0.14384498882876623, 0.24816289228368255, 0.42813323987193919, 0.73861998220793579, 1.2742749857031335, 2.1983926488622894, 3.7926901907322494, 6.5431891297129621, 11.288378916846883, 19.474830399087551, 33.59818286283781, 57.963939533849604, 100.0],
 measuredperiodlist 
[0.0031622766385036947, 0.005455533906739733, 0.0032198636491524821, 0.016237488861483781, 0.026168443739987647, 0.048330647900228473, 0.083375950469148169, 0.1438608507924326, 0.24810321003465233, 0.019967469330999434, 0.73697223279640345, 1.2722099830827858, 0.59631785984703167, 8.030556857208099, 0.7438151934796271, 28.924089270689805, 16.010776262293547, 31.693785451265818, 15.166187540489204, 99.659623210770434],
 siglist 
[0.8626, 0.9999, 0.7913, 0.9999, 0.5888, 0.9999, 0.9999, 1.0, 0.5904, 0.9361, 0.9636, 0.8137, 0.9695, 0.9674, 0.5181, 0.9261, 0.9927, 0.8491, 0.9962, 0.6773],
 powerlist 
[0.29318246480867427, 0.35965452480031435, 0.28476306124222978, 0.362729948906926, 0.2499972835251692, 0.38680357710433971, 0.36888088829925175, 0.36802554578617241, 0.26093251380082816, 0.29419072308149319, 0.26667868249205656, 0.24318878188268306, 0.2705540741234756, 0.27676503704654226, 0.2160054675149494, 0.24608920971077028, 0.27374366887250479, 0.25262529434406367, 0.28844640486227457, 0.23604402053234988],
 listnumberlist 
[0, 0, 0, 0, 0, 0, 0, 0, 0, 0, 0, 0, 0, 0, 0, 0, 0, 0, 0, 0],
 end of file
