fullmaglist 
[17.36842105263158, 17.36842105263158, 17.36842105263158, 17.36842105263158, 17.36842105263158, 17.36842105263158, 17.36842105263158, 17.36842105263158, 17.36842105263158, 17.36842105263158, 17.36842105263158, 17.36842105263158, 17.36842105263158, 17.36842105263158, 17.36842105263158, 17.36842105263158, 17.36842105263158, 17.36842105263158, 17.36842105263158, 17.36842105263158],
 periodlist 
[0.0031622776601683798, 0.0054555947811685199, 0.0094120496726806703, 0.016237767391887217, 0.028013567611988671, 0.048329302385717518, 0.083378222347178912, 0.14384498882876623, 0.24816289228368255, 0.42813323987193919, 0.73861998220793579, 1.2742749857031335, 2.1983926488622894, 3.7926901907322494, 6.5431891297129621, 11.288378916846883, 19.474830399087551, 33.59818286283781, 57.963939533849604, 100.0],
 measuredperiodlist 
[0.003162277469880341, 0.0054555948677533755, 0.0094120495647590507, 0.016237772997233474, 0.028013558932405262, 0.04832933529084827, 0.083378277789410177, 0.14384508560168371, 0.24816214626521058, 0.42812568773677401, 0.73861888232957817, 1.2742888462827799, 2.198370438470993, 3.7928906466094445, 6.5427567215533733, 11.285870538869954, 19.474558331232672, 33.593932356427707, 57.903326277389574, 100.01379056722192],
 siglist 
[0.47419999999999995, 1.0, 1.0, 1.0, 1.0, 1.0, 1.0, 1.0, 0.9941, 1.0, 1.0, 1.0, 1.0, 1.0, 1.0, 1.0, 1.0, 1.0, 1.0, 1.0],
 powerlist 
[0.0519897182084708, 0.16423793448109691, 0.16444642713534713, 0.14472447428972224, 0.21395099158674191, 0.10847904714642864, 0.078248143096803988, 0.16933700396961876, 0.062067280939686581, 0.14211717783583072, 0.13255609767802254, 0.14970114019099395, 0.12603761893117896, 0.11355527043790963, 0.13510172916718982, 0.10149168299954323, 0.13064785702170181, 0.22165971673293045, 0.17591448144247346, 0.2505706941473459],
 listnumberlist 
[0, 0, 0, 0, 0, 0, 0, 0, 0, 0, 0, 0, 0, 0, 0, 0, 0, 0, 0, 0],
 end of file
