fullmaglist 
[21.789473684210527, 21.789473684210527, 21.789473684210527, 21.789473684210527, 21.789473684210527, 21.789473684210527, 21.789473684210527, 21.789473684210527, 21.789473684210527, 21.789473684210527, 21.789473684210527, 21.789473684210527, 21.789473684210527, 21.789473684210527, 21.789473684210527, 21.789473684210527, 21.789473684210527, 21.789473684210527, 21.789473684210527, 21.789473684210527],
 periodlist 
[0.0031622776601683798, 0.0054555947811685199, 0.0094120496726806703, 0.016237767391887217, 0.028013567611988671, 0.048329302385717518, 0.083378222347178912, 0.14384498882876623, 0.24816289228368255, 0.42813323987193919, 0.73861998220793579, 1.2742749857031335, 2.1983926488622894, 3.7926901907322494, 6.5431891297129621, 11.288378916846883, 19.474830399087551, 33.59818286283781, 57.963939533849604, 100.0],
 measuredperiodlist 
[0.0098466575729609634, 0.0034906815924162431, 0.0030938881319011492, 0.016237544806533756, 0.011328434148398686, 0.048329858959145842, 0.016999439669138704, 0.015094645151760384, 0.015584605286346014, 0.42791056523957616, 0.81707514115871405, 1.274798880207211, 2.1953645614276369, 3.7714577002346035, 6.4795334672471157, 11.27803031861391, 18.898225800626392, 17.76418283039612, 18.448705930621287, 18.448705930621287],
 siglist 
[0.45920000000000005, 0.23109999999999997, 0.2309, 0.3379, 0.9262, 0.9999, 0.2783, 0.29890000000000005, 0.645, 0.14849999999999997, 0.9175, 0.9986, 0.7656000000000001, 0.6143000000000001, 0.8437, 0.37160000000000004, 0.9167, 0.5313, 0.7424999999999999, 0.9879],
 powerlist 
[0.30216674209096112, 0.28070647314058639, 0.28248134263410912, 0.28284854156632738, 0.32645000032929056, 0.41010245454710759, 0.2813841771499257, 0.28150023821350711, 0.29866502877928647, 0.2687795592249721, 0.27714066029603168, 0.35270912954488287, 0.25935918853249545, 0.25326778446535347, 0.27262783812803493, 0.24524243587886743, 0.27547144364942699, 0.24363285362064085, 0.25533486393065125, 0.31894308290064782],
 listnumberlist 
[0, 0, 0, 0, 0, 0, 0, 0, 0, 0, 0, 0, 0, 0, 0, 0, 0, 0, 0, 0],
 end of file
