fullmaglist 
[20.684210526315788, 20.684210526315788, 20.684210526315788, 20.684210526315788, 20.684210526315788, 20.684210526315788, 20.684210526315788, 20.684210526315788, 20.684210526315788, 20.684210526315788, 20.684210526315788, 20.684210526315788, 20.684210526315788, 20.684210526315788, 20.684210526315788, 20.684210526315788, 20.684210526315788, 20.684210526315788, 20.684210526315788, 20.684210526315788],
 periodlist 
[0.0031622776601683798, 0.0054555947811685199, 0.0094120496726806703, 0.016237767391887217, 0.028013567611988671, 0.048329302385717518, 0.083378222347178912, 0.14384498882876623, 0.24816289228368255, 0.42813323987193919, 0.73861998220793579, 1.2742749857031335, 2.1983926488622894, 3.7926901907322494, 6.5431891297129621, 11.288378916846883, 19.474830399087551, 33.59818286283781, 57.963939533849604, 100.0],
 measuredperiodlist 
[0.0032979992688979675, 0.0033459960953660189, 0.0094816759130822003, 0.28596484805542188, 0.061562027924601241, 0.016216852355099336, 0.013637003307624171, 0.019771578324572336, 0.012486287238015311, 0.032028836237009792, 0.73949122979981619, 1.2759886337621473, 2.1888248374009858, 2.7432113738625157, 2.8580722290496459, 12.580024533344798, 18.363079235206555, 14.872690843373661, 64.293633897496207, 82.490669424813518],
 siglist 
[0.08799999999999997, 0.9539, 0.7379, 0.42989999999999995, 0.41469999999999996, 0.43379999999999996, 0.5857, 0.5835, 0.3489, 0.7448, 0.2086, 0.869, 0.8872, 0.7574, 0.9744, 0.2641, 0.9573, 0.043200000000000016, 0.25139999999999996, 0.626],
 powerlist 
[0.38148455357268152, 0.47844717030219058, 0.43449664624277307, 0.38247264683277771, 0.38293220220025304, 0.38760347583708077, 0.39525952140323756, 0.40274958530215388, 0.38769794422902337, 0.43657010328939888, 0.3233372461517976, 0.36854019476884869, 0.37765830027875913, 0.37412394440200974, 0.42641337242625443, 0.32839979271015757, 0.39637514972528415, 0.28353797096300576, 0.33495911318303279, 0.34044535023669448],
 listnumberlist 
[0, 0, 0, 0, 0, 0, 0, 0, 0, 0, 0, 0, 0, 0, 0, 0, 0, 0, 0, 0],
 end of file
