fullmaglist 
[22.157894736842106, 22.157894736842106, 22.157894736842106, 22.157894736842106, 22.157894736842106, 22.157894736842106, 22.157894736842106, 22.157894736842106, 22.157894736842106, 22.157894736842106, 22.157894736842106, 22.157894736842106, 22.157894736842106, 22.157894736842106, 22.157894736842106, 22.157894736842106, 22.157894736842106, 22.157894736842106, 22.157894736842106, 22.157894736842106],
 periodlist 
[0.0031622776601683798, 0.0054555947811685199, 0.0094120496726806703, 0.016237767391887217, 0.028013567611988671, 0.048329302385717518, 0.083378222347178912, 0.14384498882876623, 0.24816289228368255, 0.42813323987193919, 0.73861998220793579, 1.2742749857031335, 2.1983926488622894, 3.7926901907322494, 6.5431891297129621, 11.288378916846883, 19.474830399087551, 33.59818286283781, 57.963939533849604, 100.0],
 measuredperiodlist 
[0.0043139692074294876, 0.0039314928687911822, 0.0094120664696942108, 0.024820800737110914, 0.046505094183126282, 0.048325645658489347, 0.083382466858044499, 0.15650445374642935, 0.3010440920057636, 0.29951575366644151, 1.0762198804215082, 1.2725957268004446, 2.1953217667117779, 1.1151666278257668, 0.99751479725550574, 10.906682900903901, 18.534554521110891, 31.097662550829693, 18.534554521110891, 87.335771366673427],
 siglist 
[0.0007000000000000339, 0.0043999999999999595, 0.9424, 0.0016000000000000458, 0.005099999999999993, 0.11729999999999996, 0.997, 0.764, 0.14849999999999997, 0.17369999999999997, 0.8036, 0.9677, 0.9244, 0.6106, 0.7332000000000001, 0.919, 0.8759, 0.924, 0.9895, 0.9703],
 powerlist 
[0.22219130293027772, 0.23106037741954713, 0.31273812615563801, 0.22214258798839201, 0.21785677213504087, 0.23446579006571749, 0.32028108070627209, 0.26318884915023077, 0.24185790646504596, 0.24149106452171271, 0.22647907091002831, 0.25861276258802834, 0.25491338421274656, 0.22082022444616514, 0.22836559137899318, 0.24745710696517328, 0.26508734007404872, 0.25940561380340876, 0.2909105961407677, 0.26817022783611466],
 listnumberlist 
[0, 0, 0, 0, 0, 0, 0, 0, 0, 0, 0, 0, 0, 0, 0, 0, 0, 0, 0, 0],
 end of file
