fullmaglist 
[22.526315789473685, 22.526315789473685, 22.526315789473685, 22.526315789473685, 22.526315789473685, 22.526315789473685, 22.526315789473685, 22.526315789473685, 22.526315789473685, 22.526315789473685, 22.526315789473685, 22.526315789473685, 22.526315789473685, 22.526315789473685, 22.526315789473685, 22.526315789473685, 22.526315789473685, 22.526315789473685, 22.526315789473685, 22.526315789473685],
 periodlist 
[0.0031622776601683798, 0.0054555947811685199, 0.0094120496726806703, 0.016237767391887217, 0.028013567611988671, 0.048329302385717518, 0.083378222347178912, 0.14384498882876623, 0.24816289228368255, 0.42813323987193919, 0.73861998220793579, 1.2742749857031335, 2.1983926488622894, 3.7926901907322494, 6.5431891297129621, 11.288378916846883, 19.474830399087551, 33.59818286283781, 57.963939533849604, 100.0],
 measuredperiodlist 
[0.0031622779418645254, 0.0054555290548499516, 0.0094122123232359151, 0.016506510001587676, 0.028013201734572363, 0.048328498954644909, 0.083374127801502218, 0.12575650935975841, 0.098764977336508158, 0.42807553396186071, 0.73826151771315041, 1.274310131294681, 1.2741954551511021, 3.7884925110129903, 1.1784176086946294, 11.370827819069222, 19.95506623597791, 31.719553792970974, 54.377553783236699, 87.463632602796196],
 siglist 
[0.5784, 0.6775, 0.49729999999999996, 0.9734, 0.9726, 0.7383, 0.8267, 0.8956999999999999, 0.515, 0.6914, 0.9913, 0.9999, 0.5493, 1.0, 0.9784, 0.9914, 0.9996, 0.9986, 0.48050000000000004, 0.9068],
 powerlist 
[0.2657063121688899, 0.27926946679644865, 0.2602775647027803, 0.29842530811867574, 0.29262734186821165, 0.2674575115956207, 0.27502880287585207, 0.28014864273907758, 0.25584993638278963, 0.26520169757933265, 0.28025520627744832, 0.33565077071673538, 0.21949547769485456, 0.38302659374833287, 0.26927547151633646, 0.28614190243461479, 0.32361336941678392, 0.30016290041268451, 0.21964345179181088, 0.24937098674460337],
 listnumberlist 
[0, 0, 0, 0, 0, 0, 0, 0, 0, 0, 0, 0, 0, 0, 0, 0, 0, 0, 0, 0],
 end of file
