fullmaglist 
[18.105263157894736, 18.105263157894736, 18.105263157894736, 18.105263157894736, 18.105263157894736, 18.105263157894736, 18.105263157894736, 18.105263157894736, 18.105263157894736, 18.105263157894736, 18.105263157894736, 18.105263157894736, 18.105263157894736, 18.105263157894736, 18.105263157894736, 18.105263157894736, 18.105263157894736, 18.105263157894736, 18.105263157894736, 18.105263157894736],
 periodlist 
[0.0031622776601683798, 0.0054555947811685199, 0.0094120496726806703, 0.016237767391887217, 0.028013567611988671, 0.048329302385717518, 0.083378222347178912, 0.14384498882876623, 0.24816289228368255, 0.42813323987193919, 0.73861998220793579, 1.2742749857031335, 2.1983926488622894, 3.7926901907322494, 6.5431891297129621, 11.288378916846883, 19.474830399087551, 33.59818286283781, 57.963939533849604, 100.0],
 measuredperiodlist 
[0.0031622776031118363, 0.0054555946953430351, 0.0094120496673898036, 0.016237766276997405, 0.02801356302367625, 0.048329283876553948, 0.083378273762379676, 0.14384484588490629, 0.24816310946332473, 0.42813290774862472, 0.73862551889086736, 1.2742803807462404, 2.1983648394803561, 3.7928156479214663, 6.5436247346996961, 11.289339349174348, 19.476755499560941, 33.617483263687156, 57.9538666429046, 99.996410772005305],
 siglist 
[0.17710000000000004, 1.0, 1.0, 1.0, 1.0, 0.9987, 1.0, 1.0, 1.0, 1.0, 1.0, 1.0, 1.0, 1.0, 1.0, 1.0, 1.0, 1.0, 1.0, 1.0],
 powerlist 
[0.049798564080131877, 0.16618138695890275, 0.14673230793815531, 0.16314752988103012, 0.17230150435001557, 0.070149134430120608, 0.094734802279823976, 0.14925001804599991, 0.07797552056673529, 0.1143971370118413, 0.094202418413892097, 0.21550945426667681, 0.1147517634890908, 0.1077498695524188, 0.13518775183977166, 0.096539094768054085, 0.10066125665752985, 0.14086970837764318, 0.12078810547781776, 0.1973950865639528],
 listnumberlist 
[0, 0, 0, 0, 0, 0, 0, 0, 0, 0, 0, 0, 0, 0, 0, 0, 0, 0, 0, 0],
 end of file
