fullmaglist 
[22.526315789473685, 22.526315789473685, 22.526315789473685, 22.526315789473685, 22.526315789473685, 22.526315789473685, 22.526315789473685, 22.526315789473685, 22.526315789473685, 22.526315789473685, 22.526315789473685, 22.526315789473685, 22.526315789473685, 22.526315789473685, 22.526315789473685, 22.526315789473685, 22.526315789473685, 22.526315789473685, 22.526315789473685, 22.526315789473685],
 periodlist 
[0.0031622776601683798, 0.0054555947811685199, 0.0094120496726806703, 0.016237767391887217, 0.028013567611988671, 0.048329302385717518, 0.083378222347178912, 0.14384498882876623, 0.24816289228368255, 0.42813323987193919, 0.73861998220793579, 1.2742749857031335, 2.1983926488622894, 3.7926901907322494, 6.5431891297129621, 11.288378916846883, 19.474830399087551, 33.59818286283781, 57.963939533849604, 100.0],
 measuredperiodlist 
[0.0081976790657537109, 0.0054556269523252897, 0.0094119551609751651, 0.016237320402409966, 0.026378215378578814, 0.011385625952390108, 0.086733285374710575, 0.2188646618144334, 0.31492833733348202, 0.302474279321642, 1.6787577856765681, 2.8216395896496156, 2.5111261492090704, 0.88988226423318362, 1.6814359570529827, 31.097662550829693, 30.206417838939544, 23.150262265848376, 30.206417838939544, 22.665867947842003],
 siglist 
[0.7948, 0.9791, 0.9857, 0.9726, 0.5331, 0.6285000000000001, 0.9057999999999999, 0.4766, 0.9506, 0.25360000000000005, 1.0, 0.9852, 0.9734, 0.9981, 0.9965, 0.8392999999999999, 1.0, 0.9996, 0.9117999999999999, 0.8758],
 powerlist 
[0.28426022380360683, 0.31728673569973553, 0.32360345488965453, 0.30351096452705606, 0.25882080981021693, 0.26340214462474187, 0.28657887001186527, 0.27198151861679287, 0.30521064729578412, 0.24405846840309722, 0.3629314533716152, 0.2781824248911175, 0.26359360088394856, 0.31444623092053869, 0.29997697811277885, 0.24460833856774755, 0.3565810105779228, 0.32504244689996831, 0.25530353303785275, 0.25698315686363782],
 listnumberlist 
[0, 0, 0, 0, 0, 0, 0, 0, 0, 0, 0, 0, 0, 0, 0, 0, 0, 0, 0, 0],
 end of file
