fullmaglist 
[17.736842105263158, 17.736842105263158, 17.736842105263158, 17.736842105263158, 17.736842105263158, 17.736842105263158, 17.736842105263158, 17.736842105263158, 17.736842105263158, 17.736842105263158, 17.736842105263158, 17.736842105263158, 17.736842105263158, 17.736842105263158, 17.736842105263158, 17.736842105263158, 17.736842105263158, 17.736842105263158, 17.736842105263158, 17.736842105263158],
 periodlist 
[0.0031622776601683798, 0.0054555947811685199, 0.0094120496726806703, 0.016237767391887217, 0.028013567611988671, 0.048329302385717518, 0.083378222347178912, 0.14384498882876623, 0.24816289228368255, 0.42813323987193919, 0.73861998220793579, 1.2742749857031335, 2.1983926488622894, 3.7926901907322494, 6.5431891297129621, 11.288378916846883, 19.474830399087551, 33.59818286283781, 57.963939533849604, 100.0],
 measuredperiodlist 
[0.0050501002378139726, 0.0048687435675977744, 0.0088602050252470591, 0.016237869776794627, 0.021235894703448145, 0.016123797050603302, 0.012027021013603546, 0.033319789074923445, 0.021266037231108311, 0.01872305326794271, 0.8088502830729658, 1.0994777122502724, 2.2017941454606897, 3.4155657769202388, 1.1070258383480798, 18.589198553498132, 19.072920171883347, 27.106711124340343, 54.843641554671997, 50.568481635312324],
 siglist 
[0.27759999999999996, 0.1261, 0.922, 0.9844, 0.7886, 0.22540000000000004, 0.21950000000000003, 0.28469999999999995, 0.18989999999999996, 0.5191, 0.43000000000000005, 0.7599, 0.8721, 0.8719, 0.07099999999999995, 0.8458, 0.6276999999999999, 0.20699999999999996, 0.7201, 0.7657],
 powerlist 
[0.38881550276123417, 0.38008843481017901, 0.46201987737426164, 0.4756052512566149, 0.42501274192358574, 0.35349933385964399, 0.36750206318083067, 0.36391015604239219, 0.36826741370222649, 0.42404979451593194, 0.30438716093818941, 0.37619340589137062, 0.36879088896336709, 0.37914195060633982, 0.27709618250218593, 0.36350004001677949, 0.33499818218753397, 0.29603666101817794, 0.35632435992097167, 0.35958003630681457],
 listnumberlist 
[0, 0, 0, 0, 0, 0, 0, 0, 0, 0, 0, 0, 0, 0, 0, 0, 0, 0, 0, 0],
 end of file
