fullmaglist 
[22.157894736842106, 22.157894736842106, 22.157894736842106, 22.157894736842106, 22.157894736842106, 22.157894736842106, 22.157894736842106, 22.157894736842106, 22.157894736842106, 22.157894736842106, 22.157894736842106, 22.157894736842106, 22.157894736842106, 22.157894736842106, 22.157894736842106, 22.157894736842106, 22.157894736842106, 22.157894736842106, 22.157894736842106, 22.157894736842106],
 periodlist 
[0.0031622776601683798, 0.0054555947811685199, 0.0094120496726806703, 0.016237767391887217, 0.028013567611988671, 0.048329302385717518, 0.083378222347178912, 0.14384498882876623, 0.24816289228368255, 0.42813323987193919, 0.73861998220793579, 1.2742749857031335, 2.1983926488622894, 3.7926901907322494, 6.5431891297129621, 11.288378916846883, 19.474830399087551, 33.59818286283781, 57.963939533849604, 100.0],
 measuredperiodlist 
[0.0033976548471914424, 0.0032116125240559969, 0.0032378012596911911, 0.095382896707749035, 0.048528868205689225, 0.02522170530435603, 0.023164643021781145, 0.011829532790955411, 0.24817507162021035, 0.010353686043725895, 2.8310331428972364, 1.2703087093641308, 0.58998834136786227, 3.80188629499099, 0.57524707291895172, 59.354403774608869, 19.319745185806717, 33.324618741930571, 57.740765751169157, 30.655108094068282],
 siglist 
[0.11970000000000003, 0.0034999999999999476, 0.12819999999999998, 0.006900000000000017, 0.1674, 0.014700000000000046, 0.6675, 0.7227, 0.6623, 0.7903, 0.8355, 0.8113, 0.08489999999999998, 0.9782, 0.7751, 0.7327, 0.6635, 0.1542, 0.7862, 0.0023999999999999577],
 powerlist 
[0.24507163404564491, 0.23920454356097678, 0.23924784226264872, 0.26986397698257814, 0.24812152205331239, 0.24759537674628623, 0.28777599340601062, 0.31026886243714508, 0.25260423108209568, 0.3030773223906788, 0.27760846253832799, 0.24192026159689706, 0.19080851911900407, 0.29146568960476399, 0.23019894377983252, 0.25203271515416481, 0.22273531695854978, 0.2254750949735444, 0.25312854551449576, 0.16914330188104398],
 listnumberlist 
[0, 0, 0, 0, 0, 0, 0, 0, 0, 0, 0, 0, 0, 0, 0, 0, 0, 0, 0, 0],
 end of file
