fullmaglist 
[22.157894736842106, 22.157894736842106, 22.157894736842106, 22.157894736842106, 22.157894736842106, 22.157894736842106, 22.157894736842106, 22.157894736842106, 22.157894736842106, 22.157894736842106, 22.157894736842106, 22.157894736842106, 22.157894736842106, 22.157894736842106, 22.157894736842106, 22.157894736842106, 22.157894736842106, 22.157894736842106, 22.157894736842106, 22.157894736842106],
 periodlist 
[0.0031622776601683798, 0.0054555947811685199, 0.0094120496726806703, 0.016237767391887217, 0.028013567611988671, 0.048329302385717518, 0.083378222347178912, 0.14384498882876623, 0.24816289228368255, 0.42813323987193919, 0.73861998220793579, 1.2742749857031335, 2.1983926488622894, 3.7926901907322494, 6.5431891297129621, 11.288378916846883, 19.474830399087551, 33.59818286283781, 57.963939533849604, 100.0],
 measuredperiodlist 
[0.0031622776031118363, 0.0054555938677735491, 0.0094120494108129275, 0.016237769026184217, 0.02801356302367625, 0.048329286582566709, 0.083378358330102167, 0.14384530134746648, 0.24816300244094283, 0.42813503132786684, 0.73863120746689459, 1.274309540290077, 2.1983592405182391, 3.793007317130813, 6.5429303057594099, 11.288158238213104, 19.468628452134311, 33.578250074934537, 57.903326277389574, 100.10658493494351],
 siglist 
[0.46540000000000004, 1.0, 1.0, 1.0, 1.0, 1.0, 1.0, 1.0, 0.9998, 1.0, 1.0, 1.0, 1.0, 1.0, 1.0, 1.0, 1.0, 1.0, 1.0, 1.0],
 powerlist 
[0.060905939568161663, 0.13646361401069365, 0.1508722348863456, 0.13580301574999559, 0.16990094227199204, 0.078904588253864219, 0.075704219182573182, 0.13326058807950519, 0.074794890685339108, 0.13973856486634251, 0.118099741285601, 0.17293978628272716, 0.10366041606143518, 0.097770561317107957, 0.11587126632606015, 0.073483688257312801, 0.10596956099522493, 0.17547000315868433, 0.16248835185029448, 0.24075862302473219],
 listnumberlist 
[0, 0, 0, 0, 0, 0, 0, 0, 0, 0, 0, 0, 0, 0, 0, 0, 0, 0, 0, 0],
 end of file
