fullmaglist 
[18.842105263157894, 18.842105263157894, 18.842105263157894, 18.842105263157894, 18.842105263157894, 18.842105263157894, 18.842105263157894, 18.842105263157894, 18.842105263157894, 18.842105263157894, 18.842105263157894, 18.842105263157894, 18.842105263157894, 18.842105263157894, 18.842105263157894, 18.842105263157894, 18.842105263157894, 18.842105263157894, 18.842105263157894, 18.842105263157894],
 periodlist 
[0.0031622776601683798, 0.0054555947811685199, 0.0094120496726806703, 0.016237767391887217, 0.028013567611988671, 0.048329302385717518, 0.083378222347178912, 0.14384498882876623, 0.24816289228368255, 0.42813323987193919, 0.73861998220793579, 1.2742749857031335, 2.1983926488622894, 3.7926901907322494, 6.5431891297129621, 11.288378916846883, 19.474830399087551, 33.59818286283781, 57.963939533849604, 100.0],
 measuredperiodlist 
[0.003310890026423461, 0.0054555581328675478, 0.0094121695693142882, 0.013168814723870045, 0.018766561262863263, 0.046099005644520692, 0.090972633625700114, 0.010049990173544906, 0.010757105447312032, 0.090968152690985765, 0.73825510226011515, 1.2694355602676513, 2.3867468757069346, 1.3080575912041836, 1.1796448286163377, 11.387593738513353, 19.488154593523756, 11.785699545800414, 59.520741943376969, 114.90992440573162],
 siglist 
[0.5276000000000001, 0.9339, 0.7853, 0.5637, 0.2188, 0.9897, 0.9792, 0.5275000000000001, 0.41400000000000003, 0.26060000000000005, 0.9985, 0.9305, 0.03759999999999997, 0.9878, 0.9936, 0.7944, 0.9858, 0.6502, 0.08630000000000004, 0.45209999999999995],
 powerlist 
[0.25106671431245053, 0.26448247455556823, 0.25604654826161988, 0.23590416752044818, 0.22345805700854976, 0.27929990629894319, 0.28288811247945611, 0.2391169971411588, 0.23835901646555285, 0.22471925469132145, 0.27185229437080477, 0.24024697222797942, 0.17803320581186827, 0.25172718545131562, 0.26147002683358767, 0.22415544048824348, 0.25206374098468715, 0.20849005355834235, 0.18826721235951457, 0.20143466855819842],
 listnumberlist 
[0, 0, 0, 0, 0, 0, 0, 0, 0, 0, 0, 0, 0, 0, 0, 0, 0, 0, 0, 0],
 end of file
