fullmaglist 
[17.736842105263158, 17.736842105263158, 17.736842105263158, 17.736842105263158, 17.736842105263158, 17.736842105263158, 17.736842105263158, 17.736842105263158, 17.736842105263158, 17.736842105263158, 17.736842105263158, 17.736842105263158, 17.736842105263158, 17.736842105263158, 17.736842105263158, 17.736842105263158, 17.736842105263158, 17.736842105263158, 17.736842105263158, 17.736842105263158],
 periodlist 
[0.0031622776601683798, 0.0054555947811685199, 0.0094120496726806703, 0.016237767391887217, 0.028013567611988671, 0.048329302385717518, 0.083378222347178912, 0.14384498882876623, 0.24816289228368255, 0.42813323987193919, 0.73861998220793579, 1.2742749857031335, 2.1983926488622894, 3.7926901907322494, 6.5431891297129621, 11.288378916846883, 19.474830399087551, 33.59818286283781, 57.963939533849604, 100.0],
 measuredperiodlist 
[0.0031622657054062872, 0.0094677807092161774, 0.0094120726758830913, 0.014537040556381962, 0.028013599507814575, 0.048330480702504758, 0.083387165622597612, 0.14387252942925413, 0.24817671513739828, 0.42816702894537306, 0.73889968363938818, 1.2736738244171499, 2.1975496624837869, 3.7757773882688825, 6.5214937476358115, 11.357534356846058, 19.321738919375157, 33.54667869279222, 27.827371463489051, 27.827371463489051],
 siglist 
[0.47650000000000003, 0.2985, 0.9873, 0.7010000000000001, 0.9967, 0.9419, 0.98, 0.9846, 1.0, 0.9999, 0.9918, 1.0, 1.0, 1.0, 1.0, 0.9989, 0.8492, 0.884, 0.25649999999999995, 0.39949999999999997],
 powerlist 
[0.24511373397968095, 0.23506609765156944, 0.27767022179336609, 0.24059995394281597, 0.29226151825392882, 0.25507632766637445, 0.2738842475545345, 0.26967868357907437, 0.34277231938334246, 0.30845473307615651, 0.25152939110128175, 0.36619957810144488, 0.31803687485514415, 0.32542417665081319, 0.37163751134732159, 0.29627358366164319, 0.22440219173815421, 0.23090766399555424, 0.1962007600791294, 0.19407635153726854],
 listnumberlist 
[0, 0, 0, 0, 0, 0, 0, 0, 0, 0, 0, 0, 0, 0, 0, 0, 0, 0, 0, 0],
 end of file
