fullmaglist 
[19.57894736842105, 19.57894736842105, 19.57894736842105, 19.57894736842105, 19.57894736842105, 19.57894736842105, 19.57894736842105, 19.57894736842105, 19.57894736842105, 19.57894736842105, 19.57894736842105, 19.57894736842105, 19.57894736842105, 19.57894736842105, 19.57894736842105, 19.57894736842105, 19.57894736842105, 19.57894736842105, 19.57894736842105, 19.57894736842105],
 periodlist 
[0.0031622776601683798, 0.0054555947811685199, 0.0094120496726806703, 0.016237767391887217, 0.028013567611988671, 0.048329302385717518, 0.083378222347178912, 0.14384498882876623, 0.24816289228368255, 0.42813323987193919, 0.73861998220793579, 1.2742749857031335, 2.1983926488622894, 3.7926901907322494, 6.5431891297129621, 11.288378916846883, 19.474830399087551, 33.59818286283781, 57.963939533849604, 100.0],
 measuredperiodlist 
[0.0030581202545582626, 0.0054556178588779248, 0.0094119853508226846, 0.016386852004129433, 0.028014046517599176, 0.012798497537303513, 0.011534618124591615, 0.016514666696610308, 0.24814096193593813, 0.4281687008752364, 0.73829762591741666, 1.2737983282730916, 0.85834064154152812, 3.7978704597700785, 6.5490964654635455, 57.838044046290968, 27.776906423718891, 32.544509737117728, 27.776906423718891, 95.769792450514089],
 siglist 
[0.01980000000000004, 0.7575000000000001, 0.9064, 0.0019000000000000128, 0.9987, 0.0042999999999999705, 0.08930000000000005, 0.121, 1.0, 0.9725, 0.9998, 0.9992, 0.9241, 0.511, 0.9817, 0.2931, 0.9974, 1.0, 0.9826, 0.0008000000000000229],
 powerlist 
[0.22182312692835982, 0.25670088198668983, 0.27256928295315308, 0.21033181219271219, 0.30924932498590851, 0.21449069411253022, 0.22264403378175304, 0.21785743009548722, 0.3437261785720408, 0.27737597859188867, 0.31492310548966918, 0.28378866105291289, 0.23609517929004248, 0.20703437431533639, 0.24698435248438652, 0.19954821210726217, 0.27141833063412779, 0.35952557226804766, 0.26121697925614717, 0.1727890935227796],
 listnumberlist 
[0, 0, 0, 0, 0, 0, 0, 0, 0, 0, 0, 0, 0, 0, 0, 0, 0, 0, 0, 0],
 end of file
