fullmaglist 
[19.57894736842105, 19.57894736842105, 19.57894736842105, 19.57894736842105, 19.57894736842105, 19.57894736842105, 19.57894736842105, 19.57894736842105, 19.57894736842105, 19.57894736842105, 19.57894736842105, 19.57894736842105, 19.57894736842105, 19.57894736842105, 19.57894736842105, 19.57894736842105, 19.57894736842105, 19.57894736842105, 19.57894736842105, 19.57894736842105],
 periodlist 
[0.0031622776601683798, 0.0054555947811685199, 0.0094120496726806703, 0.016237767391887217, 0.028013567611988671, 0.048329302385717518, 0.083378222347178912, 0.14384498882876623, 0.24816289228368255, 0.42813323987193919, 0.73861998220793579, 1.2742749857031335, 2.1983926488622894, 3.7926901907322494, 6.5431891297129621, 11.288378916846883, 19.474830399087551, 33.59818286283781, 57.963939533849604, 100.0],
 measuredperiodlist 
[0.0031622775604133635, 0.0054555946407500834, 0.0094120497192531002, 0.016237766766034011, 0.028013562171153687, 0.048329257345030539, 0.083378124941247744, 0.14384474408780623, 0.2481632605184558, 0.42813200958677966, 0.73861529978881535, 1.2743103303355996, 2.1984643114342006, 3.7925577411275384, 6.5429191902225208, 11.288250689994193, 19.472986272239158, 33.579921857426903, 57.939195241691166, 100.11657419964902],
 siglist 
[0.4605, 1.0, 1.0, 1.0, 1.0, 0.41169999999999995, 0.15969999999999995, 1.0, 0.9311, 1.0, 1.0, 1.0, 1.0, 0.9048, 1.0, 0.9653, 0.9999, 1.0, 1.0, 1.0],
 powerlist 
[0.05368871770748522, 0.15163665753409739, 0.085902288657653023, 0.079963926929440765, 0.23371483039417873, 0.050150923283157574, 0.048345232091112786, 0.16798584567396926, 0.056270156264476387, 0.11277829025201182, 0.14439301371522537, 0.13251124194442443, 0.098726166438596788, 0.049062548718336839, 0.10722799557119661, 0.053081411890717835, 0.068985363578241032, 0.12987194781013331, 0.13642001995934874, 0.23409990820174617],
 listnumberlist 
[0, 0, 0, 0, 0, 0, 0, 0, 0, 0, 0, 0, 0, 0, 0, 0, 0, 0, 0, 0],
 end of file
