fullmaglist 
[18.842105263157894, 18.842105263157894, 18.842105263157894, 18.842105263157894, 18.842105263157894, 18.842105263157894, 18.842105263157894, 18.842105263157894, 18.842105263157894, 18.842105263157894, 18.842105263157894, 18.842105263157894, 18.842105263157894, 18.842105263157894, 18.842105263157894, 18.842105263157894, 18.842105263157894, 18.842105263157894, 18.842105263157894, 18.842105263157894],
 periodlist 
[0.0031622776601683798, 0.0054555947811685199, 0.0094120496726806703, 0.016237767391887217, 0.028013567611988671, 0.048329302385717518, 0.083378222347178912, 0.14384498882876623, 0.24816289228368255, 0.42813323987193919, 0.73861998220793579, 1.2742749857031335, 2.1983926488622894, 3.7926901907322494, 6.5431891297129621, 11.288378916846883, 19.474830399087551, 33.59818286283781, 57.963939533849604, 100.0],
 measuredperiodlist 
[0.0031622776146971844, 0.0054555944539685756, 0.0094120494108129275, 0.016237772997233474, 0.028013579843358442, 0.04832930281864966, 0.083378265708319813, 0.14384528936157268, 0.24816214626521058, 0.42813035948134137, 0.73861983040246071, 1.2742775589257223, 2.1983536415846419, 3.7928156479214663, 6.5435999311278934, 11.287789191719046, 19.472581303538316, 33.587396292630103, 57.914981613086518, 100.04277032172293],
 siglist 
[0.7915, 1.0, 1.0, 1.0, 1.0, 1.0, 1.0, 1.0, 1.0, 1.0, 1.0, 1.0, 1.0, 1.0, 1.0, 1.0, 1.0, 1.0, 1.0, 1.0],
 powerlist 
[0.054481017258142125, 0.16189739831188352, 0.18018677254841511, 0.13659091953192182, 0.23627410758629561, 0.09933754296287306, 0.11407532325546829, 0.13490268664233007, 0.076729477286710923, 0.17611328779899871, 0.11872012679087472, 0.20742159787133826, 0.11240304327812098, 0.13769539463707187, 0.14844088889027054, 0.086946031718587266, 0.12571515296797992, 0.2109324137192353, 0.19309278871741622, 0.24701624455817484],
 listnumberlist 
[0, 0, 0, 0, 0, 0, 0, 0, 0, 0, 0, 0, 0, 0, 0, 0, 0, 0, 0, 0],
 end of file
