fullmaglist 
[21.789473684210527, 21.789473684210527, 21.789473684210527, 21.789473684210527, 21.789473684210527, 21.789473684210527, 21.789473684210527, 21.789473684210527, 21.789473684210527, 21.789473684210527, 21.789473684210527, 21.789473684210527, 21.789473684210527, 21.789473684210527, 21.789473684210527, 21.789473684210527, 21.789473684210527, 21.789473684210527, 21.789473684210527, 21.789473684210527],
 periodlist 
[0.0031622776601683798, 0.0054555947811685199, 0.0094120496726806703, 0.016237767391887217, 0.028013567611988671, 0.048329302385717518, 0.083378222347178912, 0.14384498882876623, 0.24816289228368255, 0.42813323987193919, 0.73861998220793579, 1.2742749857031335, 2.1983926488622894, 3.7926901907322494, 6.5431891297129621, 11.288378916846883, 19.474830399087551, 33.59818286283781, 57.963939533849604, 100.0],
 measuredperiodlist 
[0.0035171168300330096, 0.008287407600645634, 0.0029101893152028322, 0.36035085801214939, 0.059192794479955069, 0.086641262170575689, 0.021503029083694534, 0.014337559363900191, 0.010836609640332364, 0.034700700347696241, 0.73946521850284697, 1.3804008250912694, 2.1928022113865238, 3.7869691341881762, 6.5868669017216508, 23.363633688903974, 15.888241396978026, 28.741048951018037, 51.636799652273737, 27.004398612802351],
 siglist 
[0.012199999999999989, 0.22999999999999998, 0.3496, 0.3972, 0.039000000000000035, 0.6693, 0.919, 0.48140000000000005, 0.30269999999999997, 0.20309999999999995, 0.9073, 0.39590000000000003, 0.47750000000000004, 0.8834, 0.8222, 0.8355, 0.06169999999999998, 0.04959999999999998, 0.5589, 0.9926],
 powerlist 
[0.25115972322942565, 0.25603074914318397, 0.25354161849263124, 0.24777156833287819, 0.24001622614465817, 0.25741170950723008, 0.27849691163490176, 0.25226154283805552, 0.2432792147747363, 0.23871530894609722, 0.2459966962453424, 0.21389061302784002, 0.21412238276125337, 0.24531607018703622, 0.23594118562629193, 0.23629721231814518, 0.19562536687023077, 0.19402994273435709, 0.22870884531736291, 0.29114951425552771],
 listnumberlist 
[0, 0, 0, 0, 0, 0, 0, 0, 0, 0, 0, 0, 0, 0, 0, 0, 0, 0, 0, 0],
 end of file
