fullmaglist 
[18.473684210526315, 18.473684210526315, 18.473684210526315, 18.473684210526315, 18.473684210526315, 18.473684210526315, 18.473684210526315, 18.473684210526315, 18.473684210526315, 18.473684210526315, 18.473684210526315, 18.473684210526315, 18.473684210526315, 18.473684210526315, 18.473684210526315, 18.473684210526315, 18.473684210526315, 18.473684210526315, 18.473684210526315, 18.473684210526315],
 periodlist 
[0.0031622776601683798, 0.0054555947811685199, 0.0094120496726806703, 0.016237767391887217, 0.028013567611988671, 0.048329302385717518, 0.083378222347178912, 0.14384498882876623, 0.24816289228368255, 0.42813323987193919, 0.73861998220793579, 1.2742749857031335, 2.1983926488622894, 3.7926901907322494, 6.5431891297129621, 11.288378916846883, 19.474830399087551, 33.59818286283781, 57.963939533849604, 100.0],
 measuredperiodlist 
[0.0031223664637563689, 0.0054555919073762012, 0.0029188040517333777, 0.014738693545813265, 0.078949427822311041, 0.048330617045205644, 0.083368029213148925, 0.14382851530411334, 0.023301049631559174, 0.076555062977418223, 0.73707790919572602, 1.2730090313006353, 5.5801125310416735, 1.1445945441287648, 0.53035990987141135, 32.848576036902045, 34.016824941534914, 32.848576036902045, 15.187747195191092, 30.543789170877893],
 siglist 
[0.12860000000000005, 0.8801, 0.19610000000000005, 0.8811, 0.05249999999999999, 0.9956, 0.9998, 0.9874, 0.3892, 0.006299999999999972, 0.9159, 0.9465, 0.9829, 0.9976, 0.39270000000000005, 0.6748000000000001, 0.0040000000000000036, 0.9886, 0.9386, 0.8982],
 powerlist 
[0.23814925764453554, 0.27555891022628559, 0.25289293121506529, 0.27785918895978923, 0.25750419562816634, 0.30279027240228307, 0.33761806383378284, 0.28164906426790243, 0.26280657228076237, 0.23754813540892125, 0.28026476796811117, 0.23891900761370788, 0.27819856992290171, 0.27826447508541308, 0.21662936151581874, 0.22925209443401126, 0.18216379767153554, 0.25471508254719383, 0.26229152606142658, 0.23867652495248215],
 listnumberlist 
[0, 0, 0, 0, 0, 0, 0, 0, 0, 0, 0, 0, 0, 0, 0, 0, 0, 0, 0, 0],
 end of file
