fullmaglist 
[19.57894736842105, 19.57894736842105, 19.57894736842105, 19.57894736842105, 19.57894736842105, 19.57894736842105, 19.57894736842105, 19.57894736842105, 19.57894736842105, 19.57894736842105, 19.57894736842105, 19.57894736842105, 19.57894736842105, 19.57894736842105, 19.57894736842105, 19.57894736842105, 19.57894736842105, 19.57894736842105, 19.57894736842105, 19.57894736842105],
 periodlist 
[0.0031622776601683798, 0.0054555947811685199, 0.0094120496726806703, 0.016237767391887217, 0.028013567611988671, 0.048329302385717518, 0.083378222347178912, 0.14384498882876623, 0.24816289228368255, 0.42813323987193919, 0.73861998220793579, 1.2742749857031335, 2.1983926488622894, 3.7926901907322494, 6.5431891297129621, 11.288378916846883, 19.474830399087551, 33.59818286283781, 57.963939533849604, 100.0],
 measuredperiodlist 
[0.0035746576305962369, 0.0054543397071975626, 0.0094120538634002767, 0.016270704077338324, 0.02801239671761805, 0.031100188529806227, 0.010133593977213062, 0.1438519180505794, 0.248110512649551, 0.02215700377275687, 0.7389875171515301, 1.2739640113125186, 2.2011251193130206, 3.7901165616943859, 6.5890351648690206, 97.696812581484039, 10.291225819968565, 31.624792338372075, 60.433760331953621, 74.186947878618341],
 siglist 
[0.8200000000000001, 0.7219, 0.9988, 0.3861, 0.7436, 0.6078, 0.23429999999999995, 0.5302, 0.8864, 0.21399999999999997, 0.9955, 0.9929, 0.9802, 0.9964, 0.37870000000000004, 0.6547000000000001, 0.5119, 0.4293, 0.9999, 0.9553],
 powerlist 
[0.27711259698729074, 0.26899819450295137, 0.34122147661728369, 0.25217482628121624, 0.26833935748014826, 0.25112097302163022, 0.24416812758636819, 0.25475989467200816, 0.27591286157439826, 0.24329600322633871, 0.28793726246892865, 0.27699165944348386, 0.26482861989761003, 0.29426444200417634, 0.21173614818359371, 0.22739217218212568, 0.22095412618095783, 0.21442155982717939, 0.31390852251065654, 0.25968963126826478],
 listnumberlist 
[0, 0, 0, 0, 0, 0, 0, 0, 0, 0, 0, 0, 0, 0, 0, 0, 0, 0, 0, 0],
 end of file
