fullmaglist 
[19.94736842105263, 19.94736842105263, 19.94736842105263, 19.94736842105263, 19.94736842105263, 19.94736842105263, 19.94736842105263, 19.94736842105263, 19.94736842105263, 19.94736842105263, 19.94736842105263, 19.94736842105263, 19.94736842105263, 19.94736842105263, 19.94736842105263, 19.94736842105263, 19.94736842105263, 19.94736842105263, 19.94736842105263, 19.94736842105263],
 periodlist 
[0.0031622776601683798, 0.0054555947811685199, 0.0094120496726806703, 0.016237767391887217, 0.028013567611988671, 0.048329302385717518, 0.083378222347178912, 0.14384498882876623, 0.24816289228368255, 0.42813323987193919, 0.73861998220793579, 1.2742749857031335, 2.1983926488622894, 3.7926901907322494, 6.5431891297129621, 11.288378916846883, 19.474830399087551, 33.59818286283781, 57.963939533849604, 100.0],
 measuredperiodlist 
[0.003162277706445974, 0.0054556313547908779, 0.0094120277542089036, 0.016237672142611577, 0.028012647518906739, 0.046095303779354696, 0.083376173416566141, 0.064823290508913625, 0.054193249792270824, 0.42855492566601661, 1.5396965833000982, 1.2748072998666156, 1.1849593957950622, 3.7974677710708362, 6.3902387633281492, 11.304254939130804, 18.584369745480316, 10.010828230598893, 57.898170566266124, 107.76740103604354],
 siglist 
[0.7314, 0.9958, 0.983, 0.5279, 0.48219999999999996, 0.18910000000000005, 0.6551, 0.025000000000000022, 0.2954, 0.8873, 1.0, 0.999, 0.014499999999999957, 0.9997, 0.9997, 0.983, 0.9806, 0.8865, 0.3356, 0.9633],
 powerlist 
[0.25238169171064306, 0.29873706084208523, 0.2814617014455944, 0.24232217104139947, 0.23338160342019715, 0.23083580881861315, 0.24416802890656236, 0.20919990518665169, 0.22842520422960766, 0.26027553375418111, 0.36823760673231759, 0.28736938802099737, 0.17127713574428513, 0.28972533519526367, 0.30657083705578198, 0.25004843554469058, 0.25420955233156811, 0.22567760036041171, 0.19539804749303225, 0.25338162480399307],
 listnumberlist 
[0, 0, 0, 0, 0, 0, 0, 0, 0, 0, 0, 0, 0, 0, 0, 0, 0, 0, 0, 0],
 end of file
