fullmaglist 
[19.94736842105263, 19.94736842105263, 19.94736842105263, 19.94736842105263, 19.94736842105263, 19.94736842105263, 19.94736842105263, 19.94736842105263, 19.94736842105263, 19.94736842105263, 19.94736842105263, 19.94736842105263, 19.94736842105263, 19.94736842105263, 19.94736842105263, 19.94736842105263, 19.94736842105263, 19.94736842105263, 19.94736842105263, 19.94736842105263],
 periodlist 
[0.0031622776601683798, 0.0054555947811685199, 0.0094120496726806703, 0.016237767391887217, 0.028013567611988671, 0.048329302385717518, 0.083378222347178912, 0.14384498882876623, 0.24816289228368255, 0.42813323987193919, 0.73861998220793579, 1.2742749857031335, 2.1983926488622894, 3.7926901907322494, 6.5431891297129621, 11.288378916846883, 19.474830399087551, 33.59818286283781, 57.963939533849604, 100.0],
 measuredperiodlist 
[0.00316227754374986, 0.0054555947580355113, 0.009412050052488621, 0.016237765621056079, 0.02801357089439015, 0.048329292482982678, 0.083378285281546907, 0.14384465756835804, 0.24816228327339243, 0.428133601176173, 0.73862163455304441, 1.2742604259044052, 2.1983917648438291, 3.7928177367051381, 6.543318135258537, 11.288787324002138, 19.475636843705256, 33.608539596064645, 57.940462439830775, 100.16600806485758],
 siglist 
[0.05349999999999999, 1.0, 1.0, 1.0, 1.0, 0.9503, 0.6793, 1.0, 0.9747, 1.0, 1.0, 1.0, 1.0, 0.9992, 1.0, 0.9914, 1.0, 1.0, 1.0, 1.0],
 powerlist 
[0.049614767095885873, 0.24244341611658468, 0.079094895532358739, 0.10138667374300464, 0.23132886406653749, 0.058633038335346013, 0.052377208129495999, 0.22034435200083818, 0.060630082161507913, 0.084477100889742002, 0.097459478397574309, 0.14399341855812436, 0.13787254157604761, 0.06426875405130851, 0.10391464927081806, 0.054760141332038131, 0.076716845772526521, 0.12554556132744099, 0.086790188456272288, 0.23976074045168383],
 listnumberlist 
[0, 0, 0, 0, 0, 0, 0, 0, 0, 0, 0, 0, 0, 0, 0, 0, 0, 0, 0, 0],
 end of file
