fullmaglist 
[23.263157894736842, 23.263157894736842, 23.263157894736842, 23.263157894736842, 23.263157894736842, 23.263157894736842, 23.263157894736842, 23.263157894736842, 23.263157894736842, 23.263157894736842, 23.263157894736842, 23.263157894736842, 23.263157894736842, 23.263157894736842, 23.263157894736842, 23.263157894736842, 23.263157894736842, 23.263157894736842, 23.263157894736842, 23.263157894736842],
 periodlist 
[0.0031622776601683798, 0.0054555947811685199, 0.0094120496726806703, 0.016237767391887217, 0.028013567611988671, 0.048329302385717518, 0.083378222347178912, 0.14384498882876623, 0.24816289228368255, 0.42813323987193919, 0.73861998220793579, 1.2742749857031335, 2.1983926488622894, 3.7926901907322494, 6.5431891297129621, 11.288378916846883, 19.474830399087551, 33.59818286283781, 57.963939533849604, 100.0],
 measuredperiodlist 
[0.0085638921696134882, 0.0057303201952107691, 0.0094119353410997107, 0.013100825093872196, 0.028013882379102083, 0.010006159309049308, 0.018665388236511583, 0.011684470713203608, 0.24811812940655897, 0.42791892700677647, 0.73966136670060534, 1.7389455371720204, 2.1923332937911555, 1.3916910100762405, 6.5054589147181057, 15.988541790122524, 19.476014087499635, 33.963753977982471, 47.339786160951405, 33.383538698112218],
 siglist 
[0.609, 0.41359999999999997, 0.9559, 0.8666, 0.4244, 0.9441, 0.031399999999999983, 0.05689999999999995, 0.975, 0.7533, 0.07809999999999995, 0.1845, 0.966, 0.12160000000000004, 0.5326, 0.5978, 0.5298, 0.3308, 0.8444, 0.3238],
 powerlist 
[0.29235817478571957, 0.28266046678460721, 0.32732209609544882, 0.30131074863475266, 0.27680441872161121, 0.32048269648268751, 0.25652948075813409, 0.25971294271154471, 0.33964884939178802, 0.29159072542433212, 0.21847343855072687, 0.22775478936702831, 0.29525707282647951, 0.22201893667820005, 0.23988540599196853, 0.25971180723585302, 0.26539164976718888, 0.22949834145843523, 0.26428953755983892, 0.23229057004677067],
 listnumberlist 
[0, 0, 0, 0, 0, 0, 0, 0, 0, 0, 0, 0, 0, 0, 0, 0, 0, 0, 0, 0],
 end of file
