fullmaglist 
[18.105263157894736, 18.105263157894736, 18.105263157894736, 18.105263157894736, 18.105263157894736, 18.105263157894736, 18.105263157894736, 18.105263157894736, 18.105263157894736, 18.105263157894736, 18.105263157894736, 18.105263157894736, 18.105263157894736, 18.105263157894736, 18.105263157894736, 18.105263157894736, 18.105263157894736, 18.105263157894736, 18.105263157894736, 18.105263157894736],
 periodlist 
[0.0031622776601683798, 0.0054555947811685199, 0.0094120496726806703, 0.016237767391887217, 0.028013567611988671, 0.048329302385717518, 0.083378222347178912, 0.14384498882876623, 0.24816289228368255, 0.42813323987193919, 0.73861998220793579, 1.2742749857031335, 2.1983926488622894, 3.7926901907322494, 6.5431891297129621, 11.288378916846883, 19.474830399087551, 33.59818286283781, 57.963939533849604, 100.0],
 measuredperiodlist 
[0.003162268067163096, 0.0031240464488431893, 0.0030248695777858568, 0.016237305110660558, 0.028013359637872479, 0.012189271660596832, 0.083369666762111036, 0.081651265737528969, 0.015150056359230836, 0.42835917581957406, 0.65387293720006878, 1.2688229093621211, 2.1879614052753054, 0.51474997386283661, 0.86410404583686662, 32.848576036902045, 34.016824941534914, 16.505575917815456, 28.856547305991118, 32.848576036902045],
 siglist 
[0.07269999999999999, 0.8934, 0.5207999999999999, 0.9834, 0.7223999999999999, 0.5408, 0.9913, 0.8145, 0.24780000000000002, 0.9341, 0.8222, 0.9332, 0.9406, 0.517, 0.4679, 0.9966, 0.6854, 0.8866, 0.9924, 0.9981],
 powerlist 
[0.22220369732791201, 0.26620646248295349, 0.23385799461051016, 0.27204212666395655, 0.23463823220464741, 0.22769002880709965, 0.27597125449694476, 0.2449309876911448, 0.21884372875576452, 0.26086758271202315, 0.22186218037115168, 0.2241391453449097, 0.2318603190000344, 0.20217066202760414, 0.19369703884377698, 0.26698629508957811, 0.20570304569600126, 0.22539950067702486, 0.25946680782994475, 0.26277648067776155],
 listnumberlist 
[0, 0, 0, 0, 0, 0, 0, 0, 0, 0, 0, 0, 0, 0, 0, 0, 0, 0, 0, 0],
 end of file
