fullmaglist 
[19.210526315789473, 19.210526315789473, 19.210526315789473, 19.210526315789473, 19.210526315789473, 19.210526315789473, 19.210526315789473, 19.210526315789473, 19.210526315789473, 19.210526315789473, 19.210526315789473, 19.210526315789473, 19.210526315789473, 19.210526315789473, 19.210526315789473, 19.210526315789473, 19.210526315789473, 19.210526315789473, 19.210526315789473, 19.210526315789473],
 periodlist 
[0.0031622776601683798, 0.0054555947811685199, 0.0094120496726806703, 0.016237767391887217, 0.028013567611988671, 0.048329302385717518, 0.083378222347178912, 0.14384498882876623, 0.24816289228368255, 0.42813323987193919, 0.73861998220793579, 1.2742749857031335, 2.1983926488622894, 3.7926901907322494, 6.5431891297129621, 11.288378916846883, 19.474830399087551, 33.59818286283781, 57.963939533849604, 100.0],
 measuredperiodlist 
[0.0031622449672038663, 0.0052979238565373189, 0.0075281795877976225, 0.02240846952701029, 0.028014202886859661, 0.048329701930493262, 0.012581460995449257, 0.14383562385240078, 0.020933895761130684, 0.40552746378857568, 0.73789434801708298, 1.2743913774418187, 2.2008356898238737, 3.7876339289159957, 8.1346064635872235, 16.14306111929065, 16.14306111929065, 33.275360417837106, 33.275360417837106, 28.284091276455616],
 siglist 
[0.23650000000000004, 0.925, 0.9158, 0.41900000000000004, 0.7050000000000001, 0.9999, 0.5859, 0.022299999999999986, 0.6841999999999999, 0.999, 0.9377, 0.7356, 0.895, 0.9995, 0.7443, 0.14329999999999998, 0.9983, 0.9846, 0.9082, 1.0],
 powerlist 
[0.25268604085509233, 0.29706936094042657, 0.28878646998129515, 0.24904266722946949, 0.26667936431495087, 0.35813163291376882, 0.24952081241821686, 0.23985917760357148, 0.27204752582064451, 0.33298277658448866, 0.24739704281851976, 0.2333156901651629, 0.24112215867827966, 0.30777212962372757, 0.2393984063005454, 0.20047622055539535, 0.29366212537083625, 0.27223097797110846, 0.25738597075153669, 0.33985195019322945],
 listnumberlist 
[0, 0, 0, 0, 0, 0, 0, 0, 0, 0, 0, 0, 0, 0, 0, 0, 0, 0, 0, 0],
 end of file
