fullmaglist 
[20.31578947368421, 20.31578947368421, 20.31578947368421, 20.31578947368421, 20.31578947368421, 20.31578947368421, 20.31578947368421, 20.31578947368421, 20.31578947368421, 20.31578947368421, 20.31578947368421, 20.31578947368421, 20.31578947368421, 20.31578947368421, 20.31578947368421, 20.31578947368421, 20.31578947368421, 20.31578947368421, 20.31578947368421, 20.31578947368421],
 periodlist 
[0.0031622776601683798, 0.0054555947811685199, 0.0094120496726806703, 0.016237767391887217, 0.028013567611988671, 0.048329302385717518, 0.083378222347178912, 0.14384498882876623, 0.24816289228368255, 0.42813323987193919, 0.73861998220793579, 1.2742749857031335, 2.1983926488622894, 3.7926901907322494, 6.5431891297129621, 11.288378916846883, 19.474830399087551, 33.59818286283781, 57.963939533849604, 100.0],
 measuredperiodlist 
[0.0031622775104290556, 0.0054555945056916719, 0.0094120499752820726, 0.016237769789847385, 0.028013562569090527, 0.048329285229560294, 0.083378426789812707, 0.14384495375735726, 0.24816250300438109, 0.42813120890039857, 0.73862488683227301, 1.2743217688830466, 2.19850762265109, 3.7924823563007823, 6.5432775018048588, 11.289413176816154, 19.473240268167178, 33.59262494017058, 57.949975790358678, 99.903820450560517],
 siglist 
[0.41269999999999996, 1.0, 1.0, 1.0, 1.0, 1.0, 1.0, 1.0, 0.9982, 1.0, 1.0, 1.0, 1.0, 1.0, 1.0, 1.0, 1.0, 1.0, 1.0, 1.0],
 powerlist 
[0.05098038508961017, 0.14056248469243401, 0.14913813024085595, 0.13113412454592147, 0.20750600005569234, 0.078440860163694864, 0.10341221850193982, 0.15035381029785158, 0.065594766639382143, 0.13594552676146909, 0.13020298473600617, 0.17002157095134535, 0.086932859167047516, 0.12270415370838894, 0.17412954987127288, 0.087045477587319259, 0.11219303576287067, 0.16647729433046926, 0.16100454150393181, 0.19905472201902491],
 listnumberlist 
[0, 0, 0, 0, 0, 0, 0, 0, 0, 0, 0, 0, 0, 0, 0, 0, 0, 0, 0, 0],
 end of file
