fullmaglist 
[22.894736842105264, 22.894736842105264, 22.894736842105264, 22.894736842105264, 22.894736842105264, 22.894736842105264, 22.894736842105264, 22.894736842105264, 22.894736842105264, 22.894736842105264, 22.894736842105264, 22.894736842105264, 22.894736842105264, 22.894736842105264, 22.894736842105264, 22.894736842105264, 22.894736842105264, 22.894736842105264, 22.894736842105264, 22.894736842105264],
 periodlist 
[0.0031622776601683798, 0.0054555947811685199, 0.0094120496726806703, 0.016237767391887217, 0.028013567611988671, 0.048329302385717518, 0.083378222347178912, 0.14384498882876623, 0.24816289228368255, 0.42813323987193919, 0.73861998220793579, 1.2742749857031335, 2.1983926488622894, 3.7926901907322494, 6.5431891297129621, 11.288378916846883, 19.474830399087551, 33.59818286283781, 57.963939533849604, 100.0],
 measuredperiodlist 
[0.0031622776846430942, 0.0054555956444727926, 0.0094120465526907147, 0.016237764518426651, 0.028013583695070298, 0.0483293185430183, 0.083378312663551599, 0.14384506822721121, 0.2481628565326591, 0.42813253553448682, 0.73861985945671704, 1.2742451110895079, 2.1984271374497872, 3.79257596941284, 6.5432398860377887, 11.288756010173723, 19.472225003239497, 33.601785125478038, 58.05459381841878, 99.95885168065297],
 siglist 
[0.9584, 1.0, 0.9963, 0.27980000000000005, 1.0, 0.11399999999999999, 0.7256, 1.0, 0.18379999999999996, 0.7935, 0.9976, 1.0, 1.0, 0.19789999999999996, 0.8971, 0.9347, 0.5851999999999999, 0.9991, 1.0, 1.0],
 powerlist 
[0.081818726397154221, 0.11384179592221212, 0.092158669172705723, 0.064229317231235178, 0.13303169781472227, 0.065073219884515851, 0.067219466736251093, 0.14354249860946683, 0.069039813144868109, 0.083591061902438951, 0.087986829776377035, 0.09275702398197537, 0.099764601656520777, 0.051330380226328944, 0.070728077978068044, 0.069293363623801646, 0.060037404673090641, 0.082783895563571644, 0.097734101093224751, 0.13450742981193942],
 listnumberlist 
[0, 0, 0, 0, 0, 0, 0, 0, 0, 0, 0, 0, 0, 0, 0, 0, 0, 0, 0, 0],
 end of file
