fullmaglist 
[21.421052631578945, 21.421052631578945, 21.421052631578945, 21.421052631578945, 21.421052631578945, 21.421052631578945, 21.421052631578945, 21.421052631578945, 21.421052631578945, 21.421052631578945, 21.421052631578945, 21.421052631578945, 21.421052631578945, 21.421052631578945, 21.421052631578945, 21.421052631578945, 21.421052631578945, 21.421052631578945, 21.421052631578945, 21.421052631578945],
 periodlist 
[0.0031622776601683798, 0.0054555947811685199, 0.0094120496726806703, 0.016237767391887217, 0.028013567611988671, 0.048329302385717518, 0.083378222347178912, 0.14384498882876623, 0.24816289228368255, 0.42813323987193919, 0.73861998220793579, 1.2742749857031335, 2.1983926488622894, 3.7926901907322494, 6.5431891297129621, 11.288378916846883, 19.474830399087551, 33.59818286283781, 57.963939533849604, 100.0],
 measuredperiodlist 
[0.0031622853518507564, 0.011699348812921881, 0.0029127405758871791, 0.047019973249990576, 0.015574904874777012, 0.010591495987005668, 0.044283524456854899, 0.045338472090180958, 0.24791044748709784, 0.045337871386680773, 0.7387099345495024, 1.2757301147883575, 2.1938793144283548, 3.8046927226563145, 5.108002632333883, 11.063088395729658, 26.955117469918147, 30.809030553474276, 54.257186715997236, 24.059249156697859],
 siglist 
[0.6738999999999999, 0.5607, 0.015100000000000002, 0.25260000000000005, 0.4397, 0.041200000000000014, 0.8734999999999999, 0.18230000000000002, 0.8177, 0.9497, 0.9997, 1.0, 0.8734999999999999, 0.9871, 0.02429999999999999, 0.9834, 0.0031999999999999806, 0.9295, 0.7334, 0.49650000000000005],
 powerlist 
[0.24744864281213627, 0.25263577853867442, 0.21918612490619238, 0.22653628195592079, 0.2382412148665965, 0.23425997989493746, 0.26908470160701803, 0.22412808843303619, 0.24118775376167059, 0.28538744987403247, 0.30697652425165356, 0.31377948616349294, 0.22333088911166624, 0.24864262516863841, 0.18946058573655833, 0.25185996542378963, 0.17409856393566014, 0.23603137336448221, 0.21447400227100355, 0.20513274732368492],
 listnumberlist 
[0, 0, 0, 0, 0, 0, 0, 0, 0, 0, 0, 0, 0, 0, 0, 0, 0, 0, 0, 0],
 end of file
