fullmaglist 
[17.36842105263158, 17.36842105263158, 17.36842105263158, 17.36842105263158, 17.36842105263158, 17.36842105263158, 17.36842105263158, 17.36842105263158, 17.36842105263158, 17.36842105263158, 17.36842105263158, 17.36842105263158, 17.36842105263158, 17.36842105263158, 17.36842105263158, 17.36842105263158, 17.36842105263158, 17.36842105263158, 17.36842105263158, 17.36842105263158],
 periodlist 
[0.0031622776601683798, 0.0054555947811685199, 0.0094120496726806703, 0.016237767391887217, 0.028013567611988671, 0.048329302385717518, 0.083378222347178912, 0.14384498882876623, 0.24816289228368255, 0.42813323987193919, 0.73861998220793579, 1.2742749857031335, 2.1983926488622894, 3.7926901907322494, 6.5431891297129621, 11.288378916846883, 19.474830399087551, 33.59818286283781, 57.963939533849604, 100.0],
 measuredperiodlist 
[0.0031622787453218621, 0.003250065031724154, 0.0094120246160635575, 0.016507464242213006, 0.028013869984973801, 0.033473592368382869, 0.08337420173537978, 0.26380839446316873, 0.24794652617199309, 0.42805863374176684, 1.5152033613333977, 2.5597687184010818, 2.1923465834898619, 0.70437930216000366, 6.5103969829818347, 31.196145340686328, 18.602631610354631, 31.196145340686328, 23.658959275231823, 22.732145438329372],
 siglist 
[0.0044999999999999485, 0.00039999999999995595, 0.9916, 0.9072, 1.0, 0.01639999999999997, 0.9509, 0.41900000000000004, 0.9369, 0.9994, 0.8941, 1.0, 0.9371, 0.8718, 1.0, 0.9645, 0.9998, 0.9377, 0.8946000000000001, 0.9992],
 powerlist 
[0.22052948836281502, 0.21015395226309108, 0.2999201667513941, 0.26104687589210368, 0.39695347516341051, 0.21724854668523738, 0.26776378454492783, 0.22855940185208803, 0.25905827232376349, 0.3032270245130092, 0.23041661278232844, 0.3318928137471796, 0.23354593426751186, 0.22138601571870736, 0.3188897219698334, 0.24311933897656574, 0.30768307715068577, 0.22423024369664224, 0.23102424583595435, 0.28898951632916231],
 listnumberlist 
[0, 0, 0, 0, 0, 0, 0, 0, 0, 0, 0, 0, 0, 0, 0, 0, 0, 0, 0, 0],
 end of file
