fullmaglist 
[19.210526315789473, 19.210526315789473, 19.210526315789473, 19.210526315789473, 19.210526315789473, 19.210526315789473, 19.210526315789473, 19.210526315789473, 19.210526315789473, 19.210526315789473, 19.210526315789473, 19.210526315789473, 19.210526315789473, 19.210526315789473, 19.210526315789473, 19.210526315789473, 19.210526315789473, 19.210526315789473, 19.210526315789473, 19.210526315789473],
 periodlist 
[0.0031622776601683798, 0.0054555947811685199, 0.0094120496726806703, 0.016237767391887217, 0.028013567611988671, 0.048329302385717518, 0.083378222347178912, 0.14384498882876623, 0.24816289228368255, 0.42813323987193919, 0.73861998220793579, 1.2742749857031335, 2.1983926488622894, 3.7926901907322494, 6.5431891297129621, 11.288378916846883, 19.474830399087551, 33.59818286283781, 57.963939533849604, 100.0],
 measuredperiodlist 
[0.0053979498117867758, 0.0054555909954551668, 0.0094121397862454454, 0.011692635828320001, 0.028013824457959344, 0.048336607529882475, 0.083378091652334799, 0.012046570236304547, 0.24807613965207892, 0.42792150205830248, 0.7381446129972018, 1.2758949259836001, 2.1974868531655054, 3.7633082032165666, 6.5333209233340463, 11.292480210463857, 19.278966251846015, 47.806973384294672, 54.409883430638835, 97.570516417248541],
 siglist 
[0.5906, 1.0, 0.9996, 0.8939, 0.9943, 0.6716, 0.5832999999999999, 0.6158, 0.9599, 0.989, 1.0, 1.0, 0.9968, 1.0, 1.0, 0.9975, 0.9995, 0.9523, 0.9892, 0.8214],
 powerlist 
[0.26620365045776972, 0.35770157445097117, 0.32680242842450374, 0.26273022818355202, 0.29623827412017401, 0.2393433411966803, 0.23701658831898287, 0.24547621318061383, 0.28313304620443325, 0.28113846164060718, 0.337930104125585, 0.33700576580243241, 0.27944859581528314, 0.40355021983415018, 0.39118409503051538, 0.28813963561690614, 0.27823280140248835, 0.23980744708734916, 0.25482433257588766, 0.22351989941946945],
 listnumberlist 
[0, 0, 0, 0, 0, 0, 0, 0, 0, 0, 0, 0, 0, 0, 0, 0, 0, 0, 0, 0],
 end of file
