fullmaglist 
[17.36842105263158, 17.36842105263158, 17.36842105263158, 17.36842105263158, 17.36842105263158, 17.36842105263158, 17.36842105263158, 17.36842105263158, 17.36842105263158, 17.36842105263158, 17.36842105263158, 17.36842105263158, 17.36842105263158, 17.36842105263158, 17.36842105263158, 17.36842105263158, 17.36842105263158, 17.36842105263158, 17.36842105263158, 17.36842105263158],
 periodlist 
[0.0031622776601683798, 0.0054555947811685199, 0.0094120496726806703, 0.016237767391887217, 0.028013567611988671, 0.048329302385717518, 0.083378222347178912, 0.14384498882876623, 0.24816289228368255, 0.42813323987193919, 0.73861998220793579, 1.2742749857031335, 2.1983926488622894, 3.7926901907322494, 6.5431891297129621, 11.288378916846883, 19.474830399087551, 33.59818286283781, 57.963939533849604, 100.0],
 measuredperiodlist 
[0.0042171720927870002, 0.003925190436669999, 0.0037136145273695205, 0.010473257071348196, 0.034293460637884146, 0.020751841864429167, 0.083384720364019352, 0.010299588519934634, 0.02484097398904913, 0.011310070546563982, 1.1389692849300477, 1.1240003498476441, 1.5614315886344945, 3.7991449647159392, 6.53789227518293, 11.418022364279253, 11.640025561682876, 21.119483869106713, 54.710639172631915, 13.913586944580356],
 siglist 
[0.3417, 0.32830000000000004, 0.03849999999999998, 0.4799, 0.7187, 0.6813, 0.39670000000000005, 0.7994, 0.35509999999999997, 0.24319999999999997, 0.6209, 0.24770000000000003, 0.7957, 0.7316, 0.951, 0.17920000000000003, 0.9793, 0.06810000000000005, 0.37360000000000004, 0.7162999999999999],
 powerlist 
[0.41781257733630706, 0.39424525150845824, 0.36968810208208591, 0.38414337575111257, 0.40641133501007076, 0.39634517189587826, 0.36997888867587514, 0.40653434595475058, 0.37381710741439828, 0.37800121533372383, 0.33155517150938751, 0.30028174079715486, 0.35711597620944596, 0.34735193033105988, 0.38451428091089601, 0.30592358370993489, 0.40595423968416611, 0.27625951869930004, 0.30740722906041162, 0.35016662181462072],
 listnumberlist 
[0, 0, 0, 0, 0, 0, 0, 0, 0, 0, 0, 0, 0, 0, 0, 0, 0, 0, 0, 0],
 end of file
