fullmaglist 
[21.421052631578945, 21.421052631578945, 21.421052631578945, 21.421052631578945, 21.421052631578945, 21.421052631578945, 21.421052631578945, 21.421052631578945, 21.421052631578945, 21.421052631578945, 21.421052631578945, 21.421052631578945, 21.421052631578945, 21.421052631578945, 21.421052631578945, 21.421052631578945, 21.421052631578945, 21.421052631578945, 21.421052631578945, 21.421052631578945],
 periodlist 
[0.0031622776601683798, 0.0054555947811685199, 0.0094120496726806703, 0.016237767391887217, 0.028013567611988671, 0.048329302385717518, 0.083378222347178912, 0.14384498882876623, 0.24816289228368255, 0.42813323987193919, 0.73861998220793579, 1.2742749857031335, 2.1983926488622894, 3.7926901907322494, 6.5431891297129621, 11.288378916846883, 19.474830399087551, 33.59818286283781, 57.963939533849604, 100.0],
 measuredperiodlist 
[0.003151014028102393, 0.0054556176903402176, 0.0094120221415315009, 0.016541188514964521, 0.028014445374505117, 0.048621952342547889, 0.083375950469148169, 0.1438440765946031, 0.45434601814620451, 0.022903705787456902, 0.75404882132499196, 0.67189681866001805, 2.2065265710712563, 0.88256623561855652, 0.74506486255439364, 11.224621708354274, 15.166187540489204, 10.308823930613862, 15.166187540489204, 15.166187540489204],
 siglist 
[0.07310000000000005, 0.9695, 0.992, 0.9394, 0.7135, 0.0040000000000000036, 0.9876, 0.7746, 0.9139, 0.0907, 0.9877, 0.5701, 1.0, 0.9813, 0.7170000000000001, 0.9806, 0.9839, 0.896, 0.9953, 0.9225],
 powerlist 
[0.23672515059600846, 0.29989373257292168, 0.32487910540176657, 0.27782216860190234, 0.25938785387778951, 0.2161318179150786, 0.30593218046400078, 0.25710389346625473, 0.280500172518306, 0.23059733663873397, 0.26944963637981034, 0.21161133660150894, 0.36422641703753789, 0.2602674574501892, 0.21983806523973201, 0.27262022268841535, 0.26372459872707343, 0.23645895453096083, 0.28527043829095639, 0.24067162751519389],
 listnumberlist 
[0, 0, 0, 0, 0, 0, 0, 0, 0, 0, 0, 0, 0, 0, 0, 0, 0, 0, 0, 0],
 end of file
