fullmaglist 
[18.473684210526315, 18.473684210526315, 18.473684210526315, 18.473684210526315, 18.473684210526315, 18.473684210526315, 18.473684210526315, 18.473684210526315, 18.473684210526315, 18.473684210526315, 18.473684210526315, 18.473684210526315, 18.473684210526315, 18.473684210526315, 18.473684210526315, 18.473684210526315, 18.473684210526315, 18.473684210526315, 18.473684210526315, 18.473684210526315],
 periodlist 
[0.0031622776601683798, 0.0054555947811685199, 0.0094120496726806703, 0.016237767391887217, 0.028013567611988671, 0.048329302385717518, 0.083378222347178912, 0.14384498882876623, 0.24816289228368255, 0.42813323987193919, 0.73861998220793579, 1.2742749857031335, 2.1983926488622894, 3.7926901907322494, 6.5431891297129621, 11.288378916846883, 19.474830399087551, 33.59818286283781, 57.963939533849604, 100.0],
 measuredperiodlist 
[0.0031622692115487326, 0.0032903612764130755, 0.0034561962833442711, 0.050980662094549913, 0.13077244509744926, 0.01029768135768392, 0.019465304793108842, 0.052572337739611993, 0.017426105852718053, 0.42817748597369087, 0.67607906962523823, 1.8552977751042043, 2.1942043118935337, 3.8184574977925108, 0.50412856251073268, 10.047162355883945, 35.476939641043032, 32.447749998228112, 34.192960278772347, 32.447749998228112],
 siglist 
[0.4577, 0.527, 0.617, 0.8092, 0.06120000000000003, 0.848, 0.4739, 0.8708, 0.24470000000000003, 0.40069999999999995, 0.7031000000000001, 0.9296, 0.9282, 0.9999, 0.4367, 0.6415, 0.014800000000000035, 0.7428, 0.45589999999999997, 0.9639],
 powerlist 
[0.2602080539926539, 0.27215803130595007, 0.25632324838678122, 0.25677568641203186, 0.21919095296641503, 0.2732584324099801, 0.27360860028524553, 0.32327068513645907, 0.22412252604106825, 0.24973976301908635, 0.24193351358352366, 0.24231005149549822, 0.23136994312632994, 0.33691228973545534, 0.20859671987511297, 0.21303672869357448, 0.19530822374923443, 0.2351464797602863, 0.24354698184707474, 0.24694447078750573],
 listnumberlist 
[0, 0, 0, 0, 0, 0, 0, 0, 0, 0, 0, 0, 0, 0, 0, 0, 0, 0, 0, 0],
 end of file
