fullmaglist 
[20.684210526315788, 20.684210526315788, 20.684210526315788, 20.684210526315788, 20.684210526315788, 20.684210526315788, 20.684210526315788, 20.684210526315788, 20.684210526315788, 20.684210526315788, 20.684210526315788, 20.684210526315788, 20.684210526315788, 20.684210526315788, 20.684210526315788, 20.684210526315788, 20.684210526315788, 20.684210526315788, 20.684210526315788, 20.684210526315788],
 periodlist 
[0.0031622776601683798, 0.0054555947811685199, 0.0094120496726806703, 0.016237767391887217, 0.028013567611988671, 0.048329302385717518, 0.083378222347178912, 0.14384498882876623, 0.24816289228368255, 0.42813323987193919, 0.73861998220793579, 1.2742749857031335, 2.1983926488622894, 3.7926901907322494, 6.5431891297129621, 11.288378916846883, 19.474830399087551, 33.59818286283781, 57.963939533849604, 100.0],
 measuredperiodlist 
[0.0031619175246757462, 0.0038863429631168338, 0.0094119423575307996, 0.016236961125529626, 0.010213246106296548, 0.048327929147288666, 0.083379875857643546, 0.14383028226701267, 0.24813429467786494, 0.42824357781303807, 0.73864187058028363, 1.2736918511852844, 2.2034690257380212, 3.804296144249006, 6.5286853250654353, 11.219291588169151, 27.988833452366769, 33.414543560937048, 56.778992376242805, 99.869465321227793],
 siglist 
[0.03510000000000002, 0.9004, 1.0, 0.9921, 0.36629999999999996, 0.7671, 0.9981, 0.9975, 0.9998, 1.0, 0.9847, 0.9991, 0.7201, 0.9993, 1.0, 0.9989, 0.9995, 0.9288, 0.25149999999999995, 0.9784],
 powerlist 
[0.22531605133197694, 0.27538924742120519, 0.43234446299810303, 0.28226355794396263, 0.23342301076777611, 0.24653445477809893, 0.29135888199496512, 0.29764444000362489, 0.32399457918086716, 0.35182653362246441, 0.24898745010805323, 0.28362529735897224, 0.21785505006272723, 0.29290983424138417, 0.32681930535378206, 0.29576394480300228, 0.29657775935378988, 0.23725461847799825, 0.19807260314003425, 0.24479250014202875],
 listnumberlist 
[0, 0, 0, 0, 0, 0, 0, 0, 0, 0, 0, 0, 0, 0, 0, 0, 0, 0, 0, 0],
 end of file
