fullmaglist 
[19.210526315789473, 19.210526315789473, 19.210526315789473, 19.210526315789473, 19.210526315789473, 19.210526315789473, 19.210526315789473, 19.210526315789473, 19.210526315789473, 19.210526315789473, 19.210526315789473, 19.210526315789473, 19.210526315789473, 19.210526315789473, 19.210526315789473, 19.210526315789473, 19.210526315789473, 19.210526315789473, 19.210526315789473, 19.210526315789473],
 periodlist 
[0.0031622776601683798, 0.0054555947811685199, 0.0094120496726806703, 0.016237767391887217, 0.028013567611988671, 0.048329302385717518, 0.083378222347178912, 0.14384498882876623, 0.24816289228368255, 0.42813323987193919, 0.73861998220793579, 1.2742749857031335, 2.1983926488622894, 3.7926901907322494, 6.5431891297129621, 11.288378916846883, 19.474830399087551, 33.59818286283781, 57.963939533849604, 100.0],
 measuredperiodlist 
[0.0031622775567704451, 0.0054555943332813541, 0.0094120491029206933, 0.016237768567986349, 0.028013564387433514, 0.04832931228970308, 0.083378305978634673, 0.14384526538979109, 0.24816196789600992, 0.42813184596690346, 0.73862046245240121, 1.2742860244247691, 2.1983788370104236, 3.7928406471545713, 6.5431286989878377, 11.288748762799623, 19.470604677212936, 33.605049504880412, 57.889734313571026, 100.31600315690208],
 siglist 
[0.4508, 1.0, 1.0, 1.0, 1.0, 1.0, 1.0, 1.0, 1.0, 1.0, 1.0, 1.0, 1.0, 1.0, 1.0, 1.0, 1.0, 1.0, 1.0, 1.0],
 powerlist 
[0.054102154329466537, 0.15336806229428868, 0.19340650884956906, 0.14765870038495732, 0.22089208195852461, 0.10879088032129894, 0.10536599878648101, 0.17780678138201775, 0.091632836051275382, 0.15723633266603382, 0.12410361250282144, 0.18644806349601187, 0.11476123120435146, 0.12413374968779393, 0.16963071272038355, 0.11367537972382225, 0.10058375423904786, 0.16881046891249851, 0.16422555189506, 0.21267752829805298],
 listnumberlist 
[0, 0, 0, 0, 0, 0, 0, 0, 0, 0, 0, 0, 0, 0, 0, 0, 0, 0, 0, 0],
 end of file
