fullmaglist 
[22.526315789473685, 22.526315789473685, 22.526315789473685, 22.526315789473685, 22.526315789473685, 22.526315789473685, 22.526315789473685, 22.526315789473685, 22.526315789473685, 22.526315789473685, 22.526315789473685, 22.526315789473685, 22.526315789473685, 22.526315789473685, 22.526315789473685, 22.526315789473685, 22.526315789473685, 22.526315789473685, 22.526315789473685, 22.526315789473685],
 periodlist 
[0.0031622776601683798, 0.0054555947811685199, 0.0094120496726806703, 0.016237767391887217, 0.028013567611988671, 0.048329302385717518, 0.083378222347178912, 0.14384498882876623, 0.24816289228368255, 0.42813323987193919, 0.73861998220793579, 1.2742749857031335, 2.1983926488622894, 3.7926901907322494, 6.5431891297129621, 11.288378916846883, 19.474830399087551, 33.59818286283781, 57.963939533849604, 100.0],
 measuredperiodlist 
[0.0078485851654731525, 0.0097291571133959545, 0.0048284155786020968, 0.014247582064600138, 0.020743466514102887, 0.022344979679936556, 0.08337319432331701, 0.14383926546804954, 0.051091327056947432, 0.10929258775016272, 0.73836222833974685, 1.134617226902622, 2.1843455305418078, 3.8076029297783678, 6.6209642326951341, 33.35078321813198, 31.22091532873301, 34.166569608664318, 61.043796705863727, 28.682636153868053],
 siglist 
[0.3284, 0.37729999999999997, 0.9196, 0.9691, 0.5217, 0.4486, 0.7674, 0.9938, 0.898, 0.5640000000000001, 0.7732, 0.5920000000000001, 0.3536, 1.0, 0.9262, 0.5573, 0.8031, 0.3459, 0.9881, 0.949],
 powerlist 
[0.29807760587043652, 0.29542089242989367, 0.34631569548376179, 0.33450775621147755, 0.30824103803343533, 0.30217671478146807, 0.29993228198938182, 0.36965207944736389, 0.32642765933549739, 0.3100914447750216, 0.26706119155374547, 0.27056036617957568, 0.23714345004632686, 0.41722060762703084, 0.29686090639762702, 0.26269655412955539, 0.27655601123013962, 0.24623517499520595, 0.30688033790693903, 0.29251311897769161],
 listnumberlist 
[0, 0, 0, 0, 0, 0, 0, 0, 0, 0, 0, 0, 0, 0, 0, 0, 0, 0, 0, 0],
 end of file
