fullmaglist 
[24.0, 24.0, 24.0, 24.0, 24.0, 24.0, 24.0, 24.0, 24.0, 24.0, 24.0, 24.0, 24.0, 24.0, 24.0, 24.0, 24.0, 24.0, 24.0, 24.0],
 periodlist 
[0.0031622776601683798, 0.0054555947811685199, 0.0094120496726806703, 0.016237767391887217, 0.028013567611988671, 0.048329302385717518, 0.083378222347178912, 0.14384498882876623, 0.24816289228368255, 0.42813323987193919, 0.73861998220793579, 1.2742749857031335, 2.1983926488622894, 3.7926901907322494, 6.5431891297129621, 11.288378916846883, 19.474830399087551, 33.59818286283781, 57.963939533849604, 100.0],
 measuredperiodlist 
[0.0031755061579946038, 0.0051825592674806875, 0.0094119084433041175, 0.016248819174276181, 0.017483806740423796, 0.057509427419193598, 0.019136229571975128, 0.020251590369970995, 0.24804283628697835, 0.023823017059213331, 0.73780609335839709, 1.1375286464301761, 2.194137609666706, 4.795319528619908, 0.60598359948800029, 10.730569374690102, 20.720170261505672, 30.78961014352754, 12.869460594968318, 20.291825337831295],
 siglist 
[0.3186, 0.7095, 0.8688, 0.26739999999999997, 0.5509999999999999, 0.8311999999999999, 0.9263, 0.41800000000000004, 0.6814, 0.687, 0.03090000000000004, 0.5556, 0.996, 0.49770000000000003, 0.22660000000000002, 0.9544, 0.8789, 0.8046, 0.04930000000000001, 0.030299999999999994],
 powerlist 
[0.30503101491112738, 0.31428146952448066, 0.32319460072432377, 0.27494992038419142, 0.28614173468232151, 0.3327406747039664, 0.30954162295138832, 0.29685396353064075, 0.30134302550041142, 0.30026984573573012, 0.2227382374730327, 0.24510783915855763, 0.33438166972698835, 0.2531758477303091, 0.22388804090050429, 0.29875074569269722, 0.28019101535833296, 0.2790644295772714, 0.23041681147950913, 0.21366687513762894],
 listnumberlist 
[0, 0, 0, 0, 0, 0, 0, 0, 0, 0, 0, 0, 0, 0, 0, 0, 0, 0, 0, 0],
 end of file
