fullmaglist 
[21.05263157894737, 21.05263157894737, 21.05263157894737, 21.05263157894737, 21.05263157894737, 21.05263157894737, 21.05263157894737, 21.05263157894737, 21.05263157894737, 21.05263157894737, 21.05263157894737, 21.05263157894737, 21.05263157894737, 21.05263157894737, 21.05263157894737, 21.05263157894737, 21.05263157894737, 21.05263157894737, 21.05263157894737, 21.05263157894737],
 periodlist 
[0.0031622776601683798, 0.0054555947811685199, 0.0094120496726806703, 0.016237767391887217, 0.028013567611988671, 0.048329302385717518, 0.083378222347178912, 0.14384498882876623, 0.24816289228368255, 0.42813323987193919, 0.73861998220793579, 1.2742749857031335, 2.1983926488622894, 3.7926901907322494, 6.5431891297129621, 11.288378916846883, 19.474830399087551, 33.59818286283781, 57.963939533849604, 100.0],
 measuredperiodlist 
[0.0031622659803099981, 0.0054555981797092031, 0.0094119488525523931, 0.016237581709667971, 0.028013799861108288, 0.0483278946556727, 0.076957662023253187, 0.14381713556730233, 0.099406906972313511, 0.42840508510249159, 5.0217589231501982, 0.99479340135719008, 2.1927761438793376, 4.3005795981715078, 0.80131505547233317, 33.895741134218788, 18.602631610354631, 30.279736445845476, 59.475071320780444, 23.203463362866987],
 siglist 
[0.0, 1.0, 0.7424, 0.9595, 0.9981, 0.9976, 0.9693, 0.9976, 0.0037000000000000366, 0.9735, 0.999, 0.9955, 0.9196, 0.879, 0.9773, 0.97, 0.9994, 0.9974, 1.0, 0.994],
 powerlist 
[0.19752070689906259, 0.39793065176586206, 0.26122906135672097, 0.26352402328968949, 0.30539277877732146, 0.29050576623095087, 0.27434766149488071, 0.31730481877256977, 0.21340782132186165, 0.27640406647169113, 0.28590590279223371, 0.29524368627646913, 0.23177048624620622, 0.22244592449544487, 0.24861760264969379, 0.24500347964609737, 0.28333653011454735, 0.25988703827485765, 0.34635577305584309, 0.25746702100749547],
 listnumberlist 
[0, 0, 0, 0, 0, 0, 0, 0, 0, 0, 0, 0, 0, 0, 0, 0, 0, 0, 0, 0],
 end of file
