fullmaglist 
[23.263157894736842, 23.263157894736842, 23.263157894736842, 23.263157894736842, 23.263157894736842, 23.263157894736842, 23.263157894736842, 23.263157894736842, 23.263157894736842, 23.263157894736842, 23.263157894736842, 23.263157894736842, 23.263157894736842, 23.263157894736842, 23.263157894736842, 23.263157894736842, 23.263157894736842, 23.263157894736842, 23.263157894736842, 23.263157894736842],
 periodlist 
[0.0031622776601683798, 0.0054555947811685199, 0.0094120496726806703, 0.016237767391887217, 0.028013567611988671, 0.048329302385717518, 0.083378222347178912, 0.14384498882876623, 0.24816289228368255, 0.42813323987193919, 0.73861998220793579, 1.2742749857031335, 2.1983926488622894, 3.7926901907322494, 6.5431891297129621, 11.288378916846883, 19.474830399087551, 33.59818286283781, 57.963939533849604, 100.0],
 measuredperiodlist 
[0.011577641904849252, 0.0030945921133148984, 0.0059677146403616039, 0.017072034441112917, 0.011373244310635869, 0.014544389079279355, 0.015788060415144769, 0.015902191815042079, 0.011924667529045689, 0.041978644492049522, 1.3901180716847694, 1.2720422902912258, 2.1989662140247082, 0.65148398800342744, 2.7564223109926296, 32.684873640469718, 75.417744283966655, 19.382901142727821, 28.401147011601982, 96.311167156972076],
 siglist 
[0.9601999999999999, 0.863, 0.2558, 0.1604, 0.06240000000000001, 0.3687, 0.019299999999999984, 0.8177, 0.8729, 0.1279, 0.83, 0.6760999999999999, 0.4305, 0.40669999999999995, 0.03200000000000003, 0.6396, 0.45289999999999997, 0.0017000000000000348, 0.040100000000000025, 0.36029999999999995],
 powerlist 
[0.35501209984543008, 0.32733133522357416, 0.30415386010845219, 0.25523052345593711, 0.2705048833185224, 0.27163130623018172, 0.24772307756367404, 0.30930273051350221, 0.33695395325842947, 0.2804493462519369, 0.25982865916427622, 0.24781197804113794, 0.24129808399379232, 0.23003046969615451, 0.19823818853869657, 0.24710483780538764, 0.23710287585118883, 0.1677527884159257, 0.20437676722353454, 0.23427077121238749],
 listnumberlist 
[0, 0, 0, 0, 0, 0, 0, 0, 0, 0, 0, 0, 0, 0, 0, 0, 0, 0, 0, 0],
 end of file
