fullmaglist 
[21.789473684210527, 21.789473684210527, 21.789473684210527, 21.789473684210527, 21.789473684210527, 21.789473684210527, 21.789473684210527, 21.789473684210527, 21.789473684210527, 21.789473684210527, 21.789473684210527, 21.789473684210527, 21.789473684210527, 21.789473684210527, 21.789473684210527, 21.789473684210527, 21.789473684210527, 21.789473684210527, 21.789473684210527, 21.789473684210527],
 periodlist 
[0.0031622776601683798, 0.0054555947811685199, 0.0094120496726806703, 0.016237767391887217, 0.028013567611988671, 0.048329302385717518, 0.083378222347178912, 0.14384498882876623, 0.24816289228368255, 0.42813323987193919, 0.73861998220793579, 1.2742749857031335, 2.1983926488622894, 3.7926901907322494, 6.5431891297129621, 11.288378916846883, 19.474830399087551, 33.59818286283781, 57.963939533849604, 100.0],
 measuredperiodlist 
[0.0031622774235389541, 0.00545559455741477, 0.0094120494621282996, 0.016237765818799696, 0.028013564387433514, 0.048329337996866797, 0.083378205302920436, 0.14384540922060057, 0.24816218193908149, 0.42813524368694977, 0.73861698619111449, 1.2742502819716843, 2.1983732379770062, 3.7929739819637303, 6.5424591700560235, 11.288453492783443, 19.471263508065721, 33.593278635578315, 57.967488742280345, 100.03117640485119],
 siglist 
[0.8221, 1.0, 1.0, 1.0, 1.0, 1.0, 1.0, 1.0, 1.0, 1.0, 1.0, 1.0, 1.0, 1.0, 1.0, 1.0, 1.0, 1.0, 1.0, 1.0],
 powerlist 
[0.05638951163511275, 0.13571316809807149, 0.14799928538025811, 0.12340342007423828, 0.19006379347357932, 0.1312482626498345, 0.073266843809233637, 0.1334151149047812, 0.087539410161395756, 0.14073012710187421, 0.11838192890155226, 0.15995640646404591, 0.099471756684278462, 0.12208514497513501, 0.14661025650889886, 0.092859533275678419, 0.10910661713086521, 0.15678727564908743, 0.13793991874494949, 0.22216821278845492],
 listnumberlist 
[0, 0, 0, 0, 0, 0, 0, 0, 0, 0, 0, 0, 0, 0, 0, 0, 0, 0, 0, 0],
 end of file
