fullmaglist 
[21.789473684210527, 21.789473684210527, 21.789473684210527, 21.789473684210527, 21.789473684210527, 21.789473684210527, 21.789473684210527, 21.789473684210527, 21.789473684210527, 21.789473684210527, 21.789473684210527, 21.789473684210527, 21.789473684210527, 21.789473684210527, 21.789473684210527, 21.789473684210527, 21.789473684210527, 21.789473684210527, 21.789473684210527, 21.789473684210527],
 periodlist 
[0.0031622776601683798, 0.0054555947811685199, 0.0094120496726806703, 0.016237767391887217, 0.028013567611988671, 0.048329302385717518, 0.083378222347178912, 0.14384498882876623, 0.24816289228368255, 0.42813323987193919, 0.73861998220793579, 1.2742749857031335, 2.1983926488622894, 3.7926901907322494, 6.5431891297129621, 11.288378916846883, 19.474830399087551, 33.59818286283781, 57.963939533849604, 100.0],
 measuredperiodlist 
[0.0054732587917844791, 0.0063459283982680373, 0.006692925495177496, 0.029096836870337518, 0.013255469642997876, 0.032952203358121233, 0.015407849756624967, 0.14467529659927586, 0.2481410819994648, 0.42825817345190942, 2.872754224439658, 1.2719980988249453, 2.1993846675102069, 4.9589305674135851, 6.4277734517957645, 23.236534686224232, 28.578687481119569, 21.184596144113815, 22.156932168981744, 22.156932168981744],
 siglist 
[0.5391, 0.5942000000000001, 0.9665, 0.008499999999999952, 0.6658999999999999, 0.3315, 0.014399999999999968, 0.0036000000000000476, 0.8656, 1.0, 0.03759999999999997, 0.1633, 0.9995, 0.8216, 0.862, 0.41779999999999995, 0.4262, 0.0004999999999999449, 0.9953, 0.922],
 powerlist 
[0.25548532124940049, 0.28375037792805397, 0.30399784560876097, 0.27307751105395311, 0.32156956239506407, 0.2530429774306206, 0.22891147550139809, 0.23480142096739565, 0.29324754631245037, 0.36269487717746085, 0.22578485579127217, 0.24253238461940016, 0.29671452622896077, 0.2256811457283619, 0.23779574966685935, 0.24898342927323033, 0.21394971502249932, 0.18949469135291261, 0.27224418115934784, 0.24496496856913072],
 listnumberlist 
[0, 0, 0, 0, 0, 0, 0, 0, 0, 0, 0, 0, 0, 0, 0, 0, 0, 0, 0, 0],
 end of file
