fullmaglist 
[24.0, 24.0, 24.0, 24.0, 24.0, 24.0, 24.0, 24.0, 24.0, 24.0, 24.0, 24.0, 24.0, 24.0, 24.0, 24.0, 24.0, 24.0, 24.0, 24.0],
 periodlist 
[0.0031622776601683798, 0.0054555947811685199, 0.0094120496726806703, 0.016237767391887217, 0.028013567611988671, 0.048329302385717518, 0.083378222347178912, 0.14384498882876623, 0.24816289228368255, 0.42813323987193919, 0.73861998220793579, 1.2742749857031335, 2.1983926488622894, 3.7926901907322494, 6.5431891297129621, 11.288378916846883, 19.474830399087551, 33.59818286283781, 57.963939533849604, 100.0],
 measuredperiodlist 
[0.0069369013469396121, 0.0030752708399373468, 0.010956152058749818, 0.012434936152073578, 0.39197352107481137, 0.018317979396887001, 0.010661718112505105, 0.14304080725460733, 0.038944444192022823, 0.068696720075141673, 0.9411821607293962, 0.70138077525945564, 0.97596904911411309, 3.7792227131513214, 2.6320994365835269, 11.429372787160556, 17.094466672918699, 23.309515805297259, 22.195371341776784, 26.545622963475154],
 siglist 
[0.3732, 0.028299999999999992, 0.36960000000000004, 0.27259999999999995, 0.0037000000000000366, 0.5585, 0.41759999999999997, 0.41700000000000004, 0.3547, 0.5685, 0.964, 0.0, 0.41400000000000003, 0.9618, 0.9968, 0.007199999999999984, 0.5347999999999999, 0.005600000000000049, 0.08189999999999997, 0.986],
 powerlist 
[0.2794305515146, 0.266433214621276, 0.29646236420155414, 0.2881441379838931, 0.24476870594515704, 0.28626668249976783, 0.2812506822415643, 0.28344943918199023, 0.26558662235239006, 0.28887964670835742, 0.29856810760757901, 0.1457422835385426, 0.22452484374815876, 0.28665737573703159, 0.37988498868381237, 0.17840784372500926, 0.22949370694602581, 0.17856573972751461, 0.22167289098402707, 0.29760238317657273],
 listnumberlist 
[0, 0, 0, 0, 0, 0, 0, 0, 0, 0, 0, 0, 0, 0, 0, 0, 0, 0, 0, 0],
 end of file
