fullmaglist 
[23.263157894736842, 23.263157894736842, 23.263157894736842, 23.263157894736842, 23.263157894736842, 23.263157894736842, 23.263157894736842, 23.263157894736842, 23.263157894736842, 23.263157894736842, 23.263157894736842, 23.263157894736842, 23.263157894736842, 23.263157894736842, 23.263157894736842, 23.263157894736842, 23.263157894736842, 23.263157894736842, 23.263157894736842, 23.263157894736842],
 periodlist 
[0.0031622776601683798, 0.0054555947811685199, 0.0094120496726806703, 0.016237767391887217, 0.028013567611988671, 0.048329302385717518, 0.083378222347178912, 0.14384498882876623, 0.24816289228368255, 0.42813323987193919, 0.73861998220793579, 1.2742749857031335, 2.1983926488622894, 3.7926901907322494, 6.5431891297129621, 11.288378916846883, 19.474830399087551, 33.59818286283781, 57.963939533849604, 100.0],
 measuredperiodlist 
[0.0086379219144579172, 0.0047546818945508346, 0.003220883892884148, 0.016344405278141887, 0.097855432390829028, 0.0258435292584526, 0.083376447922515792, 0.025843555293259442, 0.1390280206072067, 0.42839194603670327, 0.73795866414513023, 0.55748634587145252, 0.5097868742761239, 0.8796141023665488, 0.5097868742761239, 21.767182227988322, 18.338704388510763, 13.9938188681577, 46.371969292232919, 23.331103410053359],
 siglist 
[0.27359999999999995, 0.008099999999999996, 0.10799999999999998, 0.8236, 0.0020999999999999908, 0.9371, 0.7755, 0.09819999999999995, 0.262, 0.2764, 0.9683, 0.7468, 0.7061, 0.9941, 0.9675, 0.07799999999999996, 0.7163999999999999, 0.9839, 0.5439, 0.969],
 powerlist 
[0.27405903935285175, 0.26340657022995823, 0.27086622073826316, 0.30012273614411855, 0.23628701315934564, 0.31432567825840141, 0.28938994744449226, 0.26101057568841074, 0.26642328780381103, 0.27901335864682597, 0.28189720507101546, 0.25787543368116705, 0.25082711020597281, 0.32578864438289135, 0.30351305528137651, 0.20246126174417803, 0.24630608264847398, 0.30675360503456933, 0.24443217268397113, 0.28976277344212542],
 listnumberlist 
[0, 0, 0, 0, 0, 0, 0, 0, 0, 0, 0, 0, 0, 0, 0, 0, 0, 0, 0, 0],
 end of file
