fullmaglist 
[23.263157894736842, 23.263157894736842, 23.263157894736842, 23.263157894736842, 23.263157894736842, 23.263157894736842, 23.263157894736842, 23.263157894736842, 23.263157894736842, 23.263157894736842, 23.263157894736842, 23.263157894736842, 23.263157894736842, 23.263157894736842, 23.263157894736842, 23.263157894736842, 23.263157894736842, 23.263157894736842, 23.263157894736842, 23.263157894736842],
 periodlist 
[0.0031622776601683798, 0.0054555947811685199, 0.0094120496726806703, 0.016237767391887217, 0.028013567611988671, 0.048329302385717518, 0.083378222347178912, 0.14384498882876623, 0.24816289228368255, 0.42813323987193919, 0.73861998220793579, 1.2742749857031335, 2.1983926488622894, 3.7926901907322494, 6.5431891297129621, 11.288378916846883, 19.474830399087551, 33.59818286283781, 57.963939533849604, 100.0],
 measuredperiodlist 
[0.0032570040798018821, 0.0032182573873467007, 0.0068805142409398964, 0.016237699646179087, 0.026393862608260567, 0.018098691937748223, 0.125718941929191, 0.015817253878129271, 0.24820715189217696, 0.012571956377075817, 0.89095725679813009, 1.276106791837897, 2.1993645916137354, 0.51468113643852509, 5.4514584797887258, 22.031334813753173, 34.508891762921643, 67.144576781129231, 57.156371394261285, 23.388174492014564],
 siglist 
[0.35250000000000004, 0.015199999999999991, 0.3123, 0.8110999999999999, 0.4738, 0.03700000000000003, 0.0037000000000000366, 0.8423, 0.29910000000000003, 0.9464, 0.9997, 0.9858, 0.4336, 0.1503, 0.5530999999999999, 0.7775, 0.5533, 0.10219999999999996, 0.8772, 0.5658000000000001],
 powerlist 
[0.28757367941959355, 0.2558948561283052, 0.31768516556439724, 0.29728174953029668, 0.27261679417411133, 0.25525122544524492, 0.24345620284687247, 0.3285160601488693, 0.27256031993699958, 0.32346934354197387, 0.37716483229302805, 0.32669324757485169, 0.23227124481921435, 0.22258583842155946, 0.24335771845093451, 0.26933217319026637, 0.24869402159443782, 0.23223296372107882, 0.27144694451932599, 0.25604093889878188],
 listnumberlist 
[0, 0, 0, 0, 0, 0, 0, 0, 0, 0, 0, 0, 0, 0, 0, 0, 0, 0, 0, 0],
 end of file
