fullmaglist 
[17.0, 17.0, 17.0, 17.0, 17.0, 17.0, 17.0, 17.0, 17.0, 17.0, 17.0, 17.0, 17.0, 17.0, 17.0, 17.0, 17.0, 17.0, 17.0, 17.0],
 periodlist 
[0.0031622776601683798, 0.0054555947811685199, 0.0094120496726806703, 0.016237767391887217, 0.028013567611988671, 0.048329302385717518, 0.083378222347178912, 0.14384498882876623, 0.24816289228368255, 0.42813323987193919, 0.73861998220793579, 1.2742749857031335, 2.1983926488622894, 3.7926901907322494, 6.5431891297129621, 11.288378916846883, 19.474830399087551, 33.59818286283781, 57.963939533849604, 100.0],
 measuredperiodlist 
[0.0031622778553704457, 0.0054555950928768821, 0.0094120484362442188, 0.016237770305125635, 0.028013557513650898, 0.048329288884725936, 0.083378180370415111, 0.14384511286242557, 0.24816306814194541, 0.42813634709072562, 0.73861651244246052, 1.2742445696874565, 2.1983346546633924, 3.7926767295716886, 6.5434777591517959, 11.287760912526783, 19.478262874186029, 33.589631722113587, 57.973651770786589, 100.24038368958352],
 siglist 
[0.9462, 1.0, 1.0, 1.0, 1.0, 0.8218, 0.8873, 1.0, 0.9599, 1.0, 1.0, 1.0, 1.0, 0.9996, 1.0, 1.0, 0.9999, 1.0, 1.0, 1.0],
 powerlist 
[0.058017601196263195, 0.21539922231660658, 0.093531691790579283, 0.11806972064171271, 0.21405652712494247, 0.054150785861151227, 0.055598796537370675, 0.14898166053952464, 0.057618962154009384, 0.08944323906612274, 0.12164748064754216, 0.10612832688066284, 0.15984737127933912, 0.061687696140763096, 0.12596486122518472, 0.077009803768622487, 0.067033587413278209, 0.13423945193501624, 0.092159333509164679, 0.24835500559001528],
 listnumberlist 
[0, 0, 0, 0, 0, 0, 0, 0, 0, 0, 0, 0, 0, 0, 0, 0, 0, 0, 0, 0],
 end of file
