fullmaglist 
[22.894736842105264, 22.894736842105264, 22.894736842105264, 22.894736842105264, 22.894736842105264, 22.894736842105264, 22.894736842105264, 22.894736842105264, 22.894736842105264, 22.894736842105264, 22.894736842105264, 22.894736842105264, 22.894736842105264, 22.894736842105264, 22.894736842105264, 22.894736842105264, 22.894736842105264, 22.894736842105264, 22.894736842105264, 22.894736842105264],
 periodlist 
[0.0031622776601683798, 0.0054555947811685199, 0.0094120496726806703, 0.016237767391887217, 0.028013567611988671, 0.048329302385717518, 0.083378222347178912, 0.14384498882876623, 0.24816289228368255, 0.42813323987193919, 0.73861998220793579, 1.2742749857031335, 2.1983926488622894, 3.7926901907322494, 6.5431891297129621, 11.288378916846883, 19.474830399087551, 33.59818286283781, 57.963939533849604, 100.0],
 measuredperiodlist 
[0.0045127941096520042, 0.0043284454543276955, 0.0049352601643589036, 0.021122922790682098, 0.011270935334046384, 0.027791619557738165, 0.083378586007752289, 0.072868408571903576, 0.24820822737834553, 0.012877940502302955, 0.73826056340684543, 0.6875813933874827, 2.1970304042217212, 3.7759875943132792, 0.72157650229982939, 13.31151438264356, 13.353117240314223, 32.483734533948265, 65.014997837687673, 16.59056138787458],
 siglist 
[0.3899, 0.1784, 0.4275, 0.28590000000000004, 0.758, 0.487, 0.8072, 0.06299999999999994, 0.9845, 0.19289999999999996, 0.9952, 0.83, 0.9668, 0.9727, 0.9271, 0.2694, 0.7786, 0.6893, 0.23770000000000002, 0.12150000000000005],
 powerlist 
[0.28793157024749888, 0.27861489165455594, 0.2910483439411134, 0.27103192154919514, 0.28653292557063287, 0.27327040962914528, 0.29249381798163604, 0.252036888656747, 0.33166072354908016, 0.2653352115695008, 0.32104117713576075, 0.26547603249772866, 0.2833328091987995, 0.29471260691416079, 0.27745355588498422, 0.22913893017138032, 0.2586790203741674, 0.26205503352218734, 0.22589757330914267, 0.21769465723307035],
 listnumberlist 
[0, 0, 0, 0, 0, 0, 0, 0, 0, 0, 0, 0, 0, 0, 0, 0, 0, 0, 0, 0],
 end of file
