fullmaglist 
[22.157894736842106, 22.157894736842106, 22.157894736842106, 22.157894736842106, 22.157894736842106, 22.157894736842106, 22.157894736842106, 22.157894736842106, 22.157894736842106, 22.157894736842106, 22.157894736842106, 22.157894736842106, 22.157894736842106, 22.157894736842106, 22.157894736842106, 22.157894736842106, 22.157894736842106, 22.157894736842106, 22.157894736842106, 22.157894736842106],
 periodlist 
[0.0031622776601683798, 0.0054555947811685199, 0.0094120496726806703, 0.016237767391887217, 0.028013567611988671, 0.048329302385717518, 0.083378222347178912, 0.14384498882876623, 0.24816289228368255, 0.42813323987193919, 0.73861998220793579, 1.2742749857031335, 2.1983926488622894, 3.7926901907322494, 6.5431891297129621, 11.288378916846883, 19.474830399087551, 33.59818286283781, 57.963939533849604, 100.0],
 measuredperiodlist 
[0.0085069980913791907, 0.011306659244775098, 0.0034340858126482559, 0.018868035354054624, 0.028013906747210521, 0.048326257860861158, 0.010421329269880666, 0.011071213773427117, 0.024322775648542606, 0.42801355308661232, 0.73779097154817652, 1.1406699485414933, 1.7330720410896285, 3.7823251457358817, 6.4978583531606811, 15.541545453687805, 32.312933098421517, 32.312933098421517, 51.565609180772348, 33.29603630948386],
 siglist 
[0.35740000000000005, 0.17120000000000002, 0.23119999999999996, 0.15400000000000003, 0.9948, 0.8066, 0.3488, 0.14890000000000003, 0.14180000000000004, 0.1059, 0.9677, 0.34119999999999995, 0.13570000000000004, 0.35729999999999995, 0.5782, 0.5291, 0.3183, 0.42179999999999995, 0.9482, 0.8036],
 powerlist 
[0.26886394880394193, 0.26348373457906071, 0.25168482438746653, 0.25484312871200177, 0.30955773171527295, 0.27040543398954736, 0.26034775924511966, 0.24838100932683155, 0.24396510538527863, 0.23368775482501133, 0.25604660290390935, 0.21019850723457045, 0.21797238550881007, 0.21466684417942478, 0.23228864553696846, 0.22665080143499605, 0.22215877964716546, 0.20964330061363901, 0.25175951393372481, 0.23240747350849547],
 listnumberlist 
[0, 0, 0, 0, 0, 0, 0, 0, 0, 0, 0, 0, 0, 0, 0, 0, 0, 0, 0, 0],
 end of file
