fullmaglist 
[18.842105263157894, 18.842105263157894, 18.842105263157894, 18.842105263157894, 18.842105263157894, 18.842105263157894, 18.842105263157894, 18.842105263157894, 18.842105263157894, 18.842105263157894, 18.842105263157894, 18.842105263157894, 18.842105263157894, 18.842105263157894, 18.842105263157894, 18.842105263157894, 18.842105263157894, 18.842105263157894, 18.842105263157894, 18.842105263157894],
 periodlist 
[0.0031622776601683798, 0.0054555947811685199, 0.0094120496726806703, 0.016237767391887217, 0.028013567611988671, 0.048329302385717518, 0.083378222347178912, 0.14384498882876623, 0.24816289228368255, 0.42813323987193919, 0.73861998220793579, 1.2742749857031335, 2.1983926488622894, 3.7926901907322494, 6.5431891297129621, 11.288378916846883, 19.474830399087551, 33.59818286283781, 57.963939533849604, 100.0],
 measuredperiodlist 
[0.0031622778242521698, 0.0054555948170612479, 0.0094120501386700389, 0.016237771366445424, 0.028013572307471257, 0.048329289142528667, 0.083378144762166886, 0.1438452365269591, 0.24816308601056222, 0.42813622319726585, 0.73862761947709399, 1.2742831421794221, 2.1984450085380747, 3.7929420253034891, 6.5432463922726756, 11.286292488117072, 19.479126802505235, 33.59440821359027, 57.942298255563685, 99.894245646326027],
 siglist 
[0.9616, 1.0, 1.0, 1.0, 1.0, 0.8974, 0.8394, 1.0, 0.8807, 1.0, 1.0, 1.0, 1.0, 0.9981, 1.0, 0.8167, 0.9993, 1.0, 1.0, 1.0],
 powerlist 
[0.059888781231125537, 0.20169688729014526, 0.10615603205837282, 0.086013657192059265, 0.19826052662856189, 0.056650860740022915, 0.054714199114483372, 0.16550202136422318, 0.055454834623681878, 0.09027751119605737, 0.099708146395788469, 0.083981745605501645, 0.12816691481956358, 0.058997559160650304, 0.1304315190518914, 0.048210233858212236, 0.06455078598605675, 0.12773311496655698, 0.10069614651473763, 0.21127977710165752],
 listnumberlist 
[0, 0, 0, 0, 0, 0, 0, 0, 0, 0, 0, 0, 0, 0, 0, 0, 0, 0, 0, 0],
 end of file
