fullmaglist 
[21.421052631578945, 21.421052631578945, 21.421052631578945, 21.421052631578945, 21.421052631578945, 21.421052631578945, 21.421052631578945, 21.421052631578945, 21.421052631578945, 21.421052631578945, 21.421052631578945, 21.421052631578945, 21.421052631578945, 21.421052631578945, 21.421052631578945, 21.421052631578945, 21.421052631578945, 21.421052631578945, 21.421052631578945, 21.421052631578945],
 periodlist 
[0.0031622776601683798, 0.0054555947811685199, 0.0094120496726806703, 0.016237767391887217, 0.028013567611988671, 0.048329302385717518, 0.083378222347178912, 0.14384498882876623, 0.24816289228368255, 0.42813323987193919, 0.73861998220793579, 1.2742749857031335, 2.1983926488622894, 3.7926901907322494, 6.5431891297129621, 11.288378916846883, 19.474830399087551, 33.59818286283781, 57.963939533849604, 100.0],
 measuredperiodlist 
[0.0031622777247579939, 0.0054555947125840684, 0.0094120503858051326, 0.016237767193392906, 0.028013567114948443, 0.048329320407751827, 0.083378293897536135, 0.14384478595583677, 0.24816310946332473, 0.42813333246278784, 0.73861098181687168, 1.2742681529475881, 2.1983732379770062, 3.7930156510141373, 6.5436495384595341, 11.289708497039683, 19.474118957052571, 33.604395351295523, 57.916924625236945, 99.851813706575243],
 siglist 
[0.7844, 1.0, 1.0, 1.0, 1.0, 1.0, 1.0, 1.0, 1.0, 1.0, 1.0, 1.0, 1.0, 1.0, 1.0, 1.0, 1.0, 1.0, 1.0, 1.0],
 powerlist 
[0.056838888206188751, 0.1868875870350663, 0.19030766690948081, 0.13285893610224397, 0.20584125650147828, 0.10377653493714731, 0.091931707717833377, 0.19715409790662886, 0.075278551467961724, 0.16625594000836291, 0.19499448746746378, 0.19192010374472865, 0.10958917468165869, 0.088392752774916608, 0.15057703817405985, 0.095637365525251594, 0.1205630980842079, 0.21533292415414426, 0.12915718634939538, 0.22837220541079384],
 listnumberlist 
[0, 0, 0, 0, 0, 0, 0, 0, 0, 0, 0, 0, 0, 0, 0, 0, 0, 0, 0, 0],
 end of file
