fullmaglist 
[18.105263157894736, 18.105263157894736, 18.105263157894736, 18.105263157894736, 18.105263157894736, 18.105263157894736, 18.105263157894736, 18.105263157894736, 18.105263157894736, 18.105263157894736, 18.105263157894736, 18.105263157894736, 18.105263157894736, 18.105263157894736, 18.105263157894736, 18.105263157894736, 18.105263157894736, 18.105263157894736, 18.105263157894736, 18.105263157894736],
 periodlist 
[0.0031622776601683798, 0.0054555947811685199, 0.0094120496726806703, 0.016237767391887217, 0.028013567611988671, 0.048329302385717518, 0.083378222347178912, 0.14384498882876623, 0.24816289228368255, 0.42813323987193919, 0.73861998220793579, 1.2742749857031335, 2.1983926488622894, 3.7926901907322494, 6.5431891297129621, 11.288378916846883, 19.474830399087551, 33.59818286283781, 57.963939533849604, 100.0],
 measuredperiodlist 
[0.0031622651628659508, 0.0042413295739686203, 0.009412090060628776, 0.016237672778797944, 0.028013592080598389, 0.048327864014081595, 0.052366511378624192, 0.14387251279507723, 0.051989982006806282, 0.42815759562822125, 0.73863744099855644, 1.2752948034713714, 2.4050018921543721, 3.7977602506615975, 6.5320108775017491, 11.216415878399911, 19.668113461135359, 33.246735898852585, 17.242863229584689, 120.85635974307387],
 siglist 
[0.37839999999999996, 0.31110000000000004, 1.0, 0.9349, 1.0, 0.9935, 0.37739999999999996, 0.9999, 0.10050000000000003, 1.0, 0.9556, 0.9839, 0.25880000000000003, 0.9739, 0.8102, 0.9996, 0.9501, 0.344, 0.39580000000000004, 0.9903],
 powerlist 
[0.23821838797182077, 0.23541275863885186, 0.37350047862432773, 0.26019804941558511, 0.37443461822073243, 0.29203282092945626, 0.22792330401950528, 0.33485684677865435, 0.22722757542257979, 0.32844037130237302, 0.23701424947408778, 0.24712324342878145, 0.19465366026603526, 0.24539049091784626, 0.21807304069937869, 0.29169136585660765, 0.2341490874251797, 0.200239663301881, 0.19612095529632698, 0.25025036982602966],
 listnumberlist 
[0, 0, 0, 0, 0, 0, 0, 0, 0, 0, 0, 0, 0, 0, 0, 0, 0, 0, 0, 0],
 end of file
