fullmaglist 
[18.473684210526315, 18.473684210526315, 18.473684210526315, 18.473684210526315, 18.473684210526315, 18.473684210526315, 18.473684210526315, 18.473684210526315, 18.473684210526315, 18.473684210526315, 18.473684210526315, 18.473684210526315, 18.473684210526315, 18.473684210526315, 18.473684210526315, 18.473684210526315, 18.473684210526315, 18.473684210526315, 18.473684210526315, 18.473684210526315],
 periodlist 
[0.0031622776601683798, 0.0054555947811685199, 0.0094120496726806703, 0.016237767391887217, 0.028013567611988671, 0.048329302385717518, 0.083378222347178912, 0.14384498882876623, 0.24816289228368255, 0.42813323987193919, 0.73861998220793579, 1.2742749857031335, 2.1983926488622894, 3.7926901907322494, 6.5431891297129621, 11.288378916846883, 19.474830399087551, 33.59818286283781, 57.963939533849604, 100.0],
 measuredperiodlist 
[0.0057700983815620992, 0.010146450541445196, 0.0068651016634398796, 0.041721225875759334, 0.035366531035554531, 0.043930620049243453, 0.057968341101088429, 0.015387488800426362, 0.030840177253877402, 0.026588906216156477, 2.1676696315165001, 0.56870262291197926, 0.7906604529936887, 0.85999641648297398, 0.59004756495474109, 31.842368664978935, 23.109114253777811, 25.230195564801647, 91.358498348440691, 17.239966404336805],
 siglist 
[0.3489, 0.759, 0.4849, 0.7767999999999999, 0.358, 0.06020000000000003, 0.1894, 0.05449999999999999, 0.12170000000000003, 0.014700000000000046, 0.8761, 0.20430000000000004, 0.911, 0.5776, 0.5945, 0.28580000000000005, 0.6636, 0.47919999999999996, 0.2976, 0.8324],
 powerlist 
[0.44084601953935343, 0.4633421712429856, 0.41109768047721629, 0.41396154886743775, 0.38991090019691904, 0.35670819205605242, 0.34677325918559132, 0.345696233904905, 0.36479155703957467, 0.3347461256288502, 0.37992345533329058, 0.26047318059135305, 0.3650596237515002, 0.3374176839031493, 0.31220634619180704, 0.28003313499736682, 0.32344886597249933, 0.31866154345929837, 0.2924109013145047, 0.34616706125562013],
 listnumberlist 
[0, 0, 0, 0, 0, 0, 0, 0, 0, 0, 0, 0, 0, 0, 0, 0, 0, 0, 0, 0],
 end of file
