fullmaglist 
[22.157894736842106, 22.157894736842106, 22.157894736842106, 22.157894736842106, 22.157894736842106, 22.157894736842106, 22.157894736842106, 22.157894736842106, 22.157894736842106, 22.157894736842106, 22.157894736842106, 22.157894736842106, 22.157894736842106, 22.157894736842106, 22.157894736842106, 22.157894736842106, 22.157894736842106, 22.157894736842106, 22.157894736842106, 22.157894736842106],
 periodlist 
[0.0031622776601683798, 0.0054555947811685199, 0.0094120496726806703, 0.016237767391887217, 0.028013567611988671, 0.048329302385717518, 0.083378222347178912, 0.14384498882876623, 0.24816289228368255, 0.42813323987193919, 0.73861998220793579, 1.2742749857031335, 2.1983926488622894, 3.7926901907322494, 6.5431891297129621, 11.288378916846883, 19.474830399087551, 33.59818286283781, 57.963939533849604, 100.0],
 measuredperiodlist 
[0.0031622776971676125, 0.0054555944890784325, 0.0094120506050002026, 0.016237771013797454, 0.028013558270009741, 0.048329290553423346, 0.083378288421987717, 0.14384493442532714, 0.24816235928771083, 0.42813239465582353, 0.73862246388386898, 1.27426693741499, 2.1983442551886783, 3.7924877577388911, 6.5431045332807996, 11.288019036217758, 19.478253171340942, 33.591495647572906, 57.939235357774223, 99.998008373229624],
 siglist 
[0.05249999999999999, 1.0, 1.0, 1.0, 1.0, 0.16979999999999995, 0.06369999999999998, 1.0, 0.526, 1.0, 1.0, 1.0, 1.0, 1.0, 1.0, 0.8531, 1.0, 1.0, 0.9997, 1.0],
 powerlist 
[0.05044567289117953, 0.16812610032378258, 0.10393537339244535, 0.10443262523066041, 0.18885096027938991, 0.048929034592840551, 0.049108848426801563, 0.14985903145002369, 0.054451676547248876, 0.092494824873301365, 0.092382658257453551, 0.094656702461064349, 0.10621445841348326, 0.073827331586882511, 0.10777516956080603, 0.050725182087421543, 0.070225472594335647, 0.086935439824155816, 0.075584243427449099, 0.18447426378330159],
 listnumberlist 
[0, 0, 0, 0, 0, 0, 0, 0, 0, 0, 0, 0, 0, 0, 0, 0, 0, 0, 0, 0],
 end of file
