fullmaglist 
[18.105263157894736, 18.105263157894736, 18.105263157894736, 18.105263157894736, 18.105263157894736, 18.105263157894736, 18.105263157894736, 18.105263157894736, 18.105263157894736, 18.105263157894736, 18.105263157894736, 18.105263157894736, 18.105263157894736, 18.105263157894736, 18.105263157894736, 18.105263157894736, 18.105263157894736, 18.105263157894736, 18.105263157894736, 18.105263157894736],
 periodlist 
[0.0031622776601683798, 0.0054555947811685199, 0.0094120496726806703, 0.016237767391887217, 0.028013567611988671, 0.048329302385717518, 0.083378222347178912, 0.14384498882876623, 0.24816289228368255, 0.42813323987193919, 0.73861998220793579, 1.2742749857031335, 2.1983926488622894, 3.7926901907322494, 6.5431891297129621, 11.288378916846883, 19.474830399087551, 33.59818286283781, 57.963939533849604, 100.0],
 measuredperiodlist 
[0.0031622775958133585, 0.0054555950741344058, 0.0094120495174545033, 0.016237765835540756, 0.0280135541721072, 0.048329282269063023, 0.083378116687443687, 0.14384525095582273, 0.24816272840140122, 0.42813236391803067, 0.73862202364101615, 1.2742993319948761, 2.1983079101249019, 3.7926080338140129, 6.5433400755683682, 11.286283893215561, 19.471838043254166, 33.589429874569134, 57.945143004625834, 99.859784873890305],
 siglist 
[0.6931, 1.0, 1.0, 1.0, 1.0, 0.3861, 0.874, 1.0, 0.9902, 1.0, 1.0, 1.0, 1.0, 1.0, 1.0, 0.98, 0.9999, 1.0, 1.0, 1.0],
 powerlist 
[0.053757792830414153, 0.20610373964434114, 0.099463572856413635, 0.10172152464033084, 0.21799762695883446, 0.049588986080324943, 0.053943411806517204, 0.15434876137649997, 0.061112102352899871, 0.075581501113372418, 0.099905907084539697, 0.078478079121993644, 0.13318603133171003, 0.064239643372851429, 0.12731977728093552, 0.053254203667838396, 0.067100886282175282, 0.11666170729546624, 0.086058480912574384, 0.20271311890844684],
 listnumberlist 
[0, 0, 0, 0, 0, 0, 0, 0, 0, 0, 0, 0, 0, 0, 0, 0, 0, 0, 0, 0],
 end of file
