fullmaglist 
[17.36842105263158, 17.36842105263158, 17.36842105263158, 17.36842105263158, 17.36842105263158, 17.36842105263158, 17.36842105263158, 17.36842105263158, 17.36842105263158, 17.36842105263158, 17.36842105263158, 17.36842105263158, 17.36842105263158, 17.36842105263158, 17.36842105263158, 17.36842105263158, 17.36842105263158, 17.36842105263158, 17.36842105263158, 17.36842105263158],
 periodlist 
[0.0031622776601683798, 0.0054555947811685199, 0.0094120496726806703, 0.016237767391887217, 0.028013567611988671, 0.048329302385717518, 0.083378222347178912, 0.14384498882876623, 0.24816289228368255, 0.42813323987193919, 0.73861998220793579, 1.2742749857031335, 2.1983926488622894, 3.7926901907322494, 6.5431891297129621, 11.288378916846883, 19.474830399087551, 33.59818286283781, 57.963939533849604, 100.0],
 measuredperiodlist 
[0.0031622802432479643, 0.0054555845076246987, 0.0094118709461317278, 0.016237692681568772, 0.028013499373283159, 0.021364345308280231, 0.083375361100252038, 0.14384373596211855, 0.056891938536310874, 0.42810542670364077, 0.73878060548516034, 1.2768851331301176, 2.1991151771866591, 3.7921224199215766, 6.5499896470048533, 11.180058932359502, 58.811720242688011, 35.901686200885671, 126.25592660352716, 27.922689616270716],
 siglist 
[0.36660000000000004, 0.9999, 0.9997, 1.0, 0.993, 0.24639999999999995, 0.49770000000000003, 0.9998, 0.5957, 0.9987, 0.9382, 0.9984, 0.9992, 0.9937, 0.9261, 0.9944, 0.7349, 0.9872, 0.9999, 0.9803],
 powerlist 
[0.24273478410879851, 0.32487541558377542, 0.31840578377794349, 0.3710293790200116, 0.27345457228879139, 0.2297298594254506, 0.23202050809767069, 0.31710337194992488, 0.2346950652426556, 0.29686731096329672, 0.232470632048417, 0.28206474894961181, 0.28272221915871576, 0.26101894391678027, 0.23090302733522594, 0.25193527991831149, 0.20795381500108837, 0.25062602850533089, 0.29454033200897356, 0.25951698581871691],
 listnumberlist 
[0, 0, 0, 0, 0, 0, 0, 0, 0, 0, 0, 0, 0, 0, 0, 0, 0, 0, 0, 0],
 end of file
