fullmaglist 
[23.63157894736842, 23.63157894736842, 23.63157894736842, 23.63157894736842, 23.63157894736842, 23.63157894736842, 23.63157894736842, 23.63157894736842, 23.63157894736842, 23.63157894736842, 23.63157894736842, 23.63157894736842, 23.63157894736842, 23.63157894736842, 23.63157894736842, 23.63157894736842, 23.63157894736842, 23.63157894736842, 23.63157894736842, 23.63157894736842],
 periodlist 
[0.0031622776601683798, 0.0054555947811685199, 0.0094120496726806703, 0.016237767391887217, 0.028013567611988671, 0.048329302385717518, 0.083378222347178912, 0.14384498882876623, 0.24816289228368255, 0.42813323987193919, 0.73861998220793579, 1.2742749857031335, 2.1983926488622894, 3.7926901907322494, 6.5431891297129621, 11.288378916846883, 19.474830399087551, 33.59818286283781, 57.963939533849604, 100.0],
 measuredperiodlist 
[0.0031622772388993307, 0.0054555954055058977, 0.0094120506792080318, 0.01623776878239282, 0.028013558292542162, 0.048329334351115055, 0.083378219851832955, 0.14384488477878141, 0.24816435149263932, 0.42812950807173616, 0.73860945976814296, 1.2743200153382528, 2.1984807425570567, 3.7923874121658803, 6.5418957573384429, 11.289380058215963, 19.471776454255334, 33.602737416516511, 57.882758513994787, 100.14228068211654],
 siglist 
[0.9587, 0.9999, 0.9809, 0.26459999999999995, 1.0, 0.4425, 0.6044, 1.0, 0.5795, 0.9617, 0.9992, 0.9296, 0.7919, 0.3255, 0.9822, 0.7357, 0.9858, 0.9827, 1.0, 1.0],
 powerlist 
[0.089469083977647398, 0.11993382149099038, 0.091038726640464696, 0.069781937413559314, 0.18978670961167682, 0.072295611704129348, 0.07290345996819636, 0.13073726010759185, 0.070099745264960878, 0.081751235375821379, 0.092406133219950809, 0.070905829400691039, 0.063316484192844205, 0.058984134522794086, 0.074720752803264318, 0.063475616412924971, 0.0798402213296176, 0.075757759345179365, 0.097431984174173633, 0.17128483028795016],
 listnumberlist 
[0, 0, 0, 0, 0, 0, 0, 0, 0, 0, 0, 0, 0, 0, 0, 0, 0, 0, 0, 0],
 end of file
