fullmaglist 
[17.736842105263158, 17.736842105263158, 17.736842105263158, 17.736842105263158, 17.736842105263158, 17.736842105263158, 17.736842105263158, 17.736842105263158, 17.736842105263158, 17.736842105263158, 17.736842105263158, 17.736842105263158, 17.736842105263158, 17.736842105263158, 17.736842105263158, 17.736842105263158, 17.736842105263158, 17.736842105263158, 17.736842105263158, 17.736842105263158],
 periodlist 
[0.0031622776601683798, 0.0054555947811685199, 0.0094120496726806703, 0.016237767391887217, 0.028013567611988671, 0.048329302385717518, 0.083378222347178912, 0.14384498882876623, 0.24816289228368255, 0.42813323987193919, 0.73861998220793579, 1.2742749857031335, 2.1983926488622894, 3.7926901907322494, 6.5431891297129621, 11.288378916846883, 19.474830399087551, 33.59818286283781, 57.963939533849604, 100.0],
 measuredperiodlist 
[0.0031622925113457914, 0.0054529871458642628, 0.0094118967803515641, 0.01492282592252568, 0.028014006773282047, 0.012617096235434664, 0.083381131406356293, 0.14382881992356034, 0.23361309850972267, 0.4116825735878471, 0.76226216477281827, 1.2739164813916315, 2.197306224079925, 3.7621160577586714, 0.52976413464005501, 34.188076745892182, 34.188076745892182, 28.856547305991118, 32.848576036902045, 95.464523923989503],
 siglist 
[0.7719, 0.9994, 0.7331, 0.0252, 0.9443, 0.12619999999999998, 0.8105, 0.9898, 0.7907, 0.015800000000000036, 0.9897, 0.9964, 1.0, 0.9999, 0.9358, 0.9955, 0.7323999999999999, 0.7941, 0.9979, 0.9996],
 powerlist 
[0.25997305086888695, 0.30246774489686867, 0.24482339974320977, 0.21337139702018482, 0.25738763279005139, 0.21654370771296744, 0.23717798832106385, 0.29041333097537442, 0.23371492158110538, 0.2152826033453614, 0.26953310870131797, 0.25831458224108339, 0.31333480071599129, 0.29088056662058714, 0.24310861580962448, 0.25868252762852528, 0.20604857353787975, 0.21518625655122073, 0.26425887991502572, 0.29090625752966226],
 listnumberlist 
[0, 0, 0, 0, 0, 0, 0, 0, 0, 0, 0, 0, 0, 0, 0, 0, 0, 0, 0, 0],
 end of file
