fullmaglist 
[18.842105263157894, 18.842105263157894, 18.842105263157894, 18.842105263157894, 18.842105263157894, 18.842105263157894, 18.842105263157894, 18.842105263157894, 18.842105263157894, 18.842105263157894, 18.842105263157894, 18.842105263157894, 18.842105263157894, 18.842105263157894, 18.842105263157894, 18.842105263157894, 18.842105263157894, 18.842105263157894, 18.842105263157894, 18.842105263157894],
 periodlist 
[0.0031622776601683798, 0.0054555947811685199, 0.0094120496726806703, 0.016237767391887217, 0.028013567611988671, 0.048329302385717518, 0.083378222347178912, 0.14384498882876623, 0.24816289228368255, 0.42813323987193919, 0.73861998220793579, 1.2742749857031335, 2.1983926488622894, 3.7926901907322494, 6.5431891297129621, 11.288378916846883, 19.474830399087551, 33.59818286283781, 57.963939533849604, 100.0],
 measuredperiodlist 
[0.00316230942640388, 0.0041824587835724691, 0.0050788041813735153, 0.016237499420327369, 0.02801379448817147, 0.048323167739625715, 0.083369824235909731, 0.14384811971043213, 0.24816331980429798, 0.42806443904782082, 0.73827671013679852, 2.162267419735763, 2.1935209563629998, 3.7882760260448234, 6.542590364254802, 11.108649993565018, 18.898324972210144, 34.260550357528373, 60.210986772113486, 126.3212844287175],
 siglist 
[0.6261, 0.4112, 0.9914, 0.9999, 1.0, 0.32210000000000005, 0.8926000000000001, 0.9962, 0.9992, 0.8371, 0.9953, 0.9926, 0.9628, 0.9244, 1.0, 0.9929, 0.9998, 0.9783, 0.9989, 0.9993],
 powerlist 
[0.25762410902344773, 0.25024000089078119, 0.30699036993862211, 0.34188873494922578, 0.37963958799610187, 0.24194021676454461, 0.25205567424835856, 0.3144059137220187, 0.33264103023084968, 0.25886225954130498, 0.26602712168536802, 0.26448013220738636, 0.24789675536565539, 0.23781075974910637, 0.45804715251109807, 0.26214310943408026, 0.29317829066310741, 0.25975708811843179, 0.28568737493485363, 0.30813708306324539],
 listnumberlist 
[0, 0, 0, 0, 0, 0, 0, 0, 0, 0, 0, 0, 0, 0, 0, 0, 0, 0, 0, 0],
 end of file
