fullmaglist 
[22.894736842105264, 22.894736842105264, 22.894736842105264, 22.894736842105264, 22.894736842105264, 22.894736842105264, 22.894736842105264, 22.894736842105264, 22.894736842105264, 22.894736842105264, 22.894736842105264, 22.894736842105264, 22.894736842105264, 22.894736842105264, 22.894736842105264, 22.894736842105264, 22.894736842105264, 22.894736842105264, 22.894736842105264, 22.894736842105264],
 periodlist 
[0.0031622776601683798, 0.0054555947811685199, 0.0094120496726806703, 0.016237767391887217, 0.028013567611988671, 0.048329302385717518, 0.083378222347178912, 0.14384498882876623, 0.24816289228368255, 0.42813323987193919, 0.73861998220793579, 1.2742749857031335, 2.1983926488622894, 3.7926901907322494, 6.5431891297129621, 11.288378916846883, 19.474830399087551, 33.59818286283781, 57.963939533849604, 100.0],
 measuredperiodlist 
[0.0031850256824981697, 0.0054555915316664393, 0.0034506861205953845, 0.051547126478995446, 0.019202377444138906, 0.029089202298156758, 0.083084298049551253, 0.010841045173414983, 0.015962875296558206, 0.093278738051681728, 0.73825233310847194, 2.3116776804063335, 2.0352382415260681, 3.7962448850399455, 1.7319994126608449, 11.059042542692511, 57.966858999250924, 69.134794887580384, 64.130096341269279, 73.687306610481741],
 siglist 
[0.3518, 0.9639, 0.18389999999999995, 0.5365, 0.4256, 0.19599999999999995, 0.9901, 0.8991, 0.3145, 0.07750000000000001, 0.7456, 0.9733, 0.7444999999999999, 0.8368, 0.855, 0.5904, 0.12270000000000003, 0.22799999999999998, 0.8644000000000001, 0.09930000000000005],
 powerlist 
[0.28174196640039662, 0.3343966767326948, 0.28343269843154267, 0.27532111907113055, 0.28188018070344689, 0.2617872617998368, 0.33854923883479965, 0.30081124212636479, 0.26710278387512365, 0.2476515553794385, 0.25091635121049261, 0.29565603421280712, 0.25497072108602536, 0.26274108923821815, 0.27002496165401496, 0.23948377434361076, 0.21860421678892478, 0.23229348147230372, 0.27300453144030162, 0.22831092655203547],
 listnumberlist 
[0, 0, 0, 0, 0, 0, 0, 0, 0, 0, 0, 0, 0, 0, 0, 0, 0, 0, 0, 0],
 end of file
