fullmaglist 
[22.157894736842106, 22.157894736842106, 22.157894736842106, 22.157894736842106, 22.157894736842106, 22.157894736842106, 22.157894736842106, 22.157894736842106, 22.157894736842106, 22.157894736842106, 22.157894736842106, 22.157894736842106, 22.157894736842106, 22.157894736842106, 22.157894736842106, 22.157894736842106, 22.157894736842106, 22.157894736842106, 22.157894736842106, 22.157894736842106],
 periodlist 
[0.0031622776601683798, 0.0054555947811685199, 0.0094120496726806703, 0.016237767391887217, 0.028013567611988671, 0.048329302385717518, 0.083378222347178912, 0.14384498882876623, 0.24816289228368255, 0.42813323987193919, 0.73861998220793579, 1.2742749857031335, 2.1983926488622894, 3.7926901907322494, 6.5431891297129621, 11.288378916846883, 19.474830399087551, 33.59818286283781, 57.963939533849604, 100.0],
 measuredperiodlist 
[0.0032122131820734663, 0.005455585124524139, 0.0095271617923921199, 0.016237436409250981, 0.028013370247953338, 0.037536609590152759, 0.083367596852593776, 0.015285616928936027, 0.24816777036864382, 0.15638960710821978, 0.5097868742761239, 0.95308856541457365, 0.5097868742761239, 0.5097868742761239, 0.5097868742761239, 10.996562713650389, 29.810846110034706, 29.111708429757616, 29.810846110034706, 27.499387694954684],
 siglist 
[0.5207999999999999, 0.9992, 0.7418, 0.9947, 0.992, 0.09260000000000002, 0.07520000000000004, 0.7587, 0.006900000000000017, 0.7099, 0.9968, 9.999999999998899e-05, 0.8862, 0.5981000000000001, 0.8717, 0.8926000000000001, 0.8714999999999999, 0.99, 0.9779, 0.9951],
 powerlist 
[0.28523158638957824, 0.37836549620257098, 0.30889142228726763, 0.34412847093388932, 0.34199508440724835, 0.24818719874652037, 0.25021571881761812, 0.29319827929037018, 0.24173297409988556, 0.28724265185140285, 0.33489535288105504, 0.16413032080383705, 0.26262405907466263, 0.23444887659393371, 0.25903856252598823, 0.26418856361239973, 0.26042541543849179, 0.32716420633664217, 0.29373671990313499, 0.31804465456742725],
 listnumberlist 
[0, 0, 0, 0, 0, 0, 0, 0, 0, 0, 0, 0, 0, 0, 0, 0, 0, 0, 0, 0],
 end of file
