fullmaglist 
[18.473684210526315, 18.473684210526315, 18.473684210526315, 18.473684210526315, 18.473684210526315, 18.473684210526315, 18.473684210526315, 18.473684210526315, 18.473684210526315, 18.473684210526315, 18.473684210526315, 18.473684210526315, 18.473684210526315, 18.473684210526315, 18.473684210526315, 18.473684210526315, 18.473684210526315, 18.473684210526315, 18.473684210526315, 18.473684210526315],
 periodlist 
[0.0031622776601683798, 0.0054555947811685199, 0.0094120496726806703, 0.016237767391887217, 0.028013567611988671, 0.048329302385717518, 0.083378222347178912, 0.14384498882876623, 0.24816289228368255, 0.42813323987193919, 0.73861998220793579, 1.2742749857031335, 2.1983926488622894, 3.7926901907322494, 6.5431891297129621, 11.288378916846883, 19.474830399087551, 33.59818286283781, 57.963939533849604, 100.0],
 measuredperiodlist 
[0.0031622779886482733, 0.005455605093700259, 0.0094121138853793668, 0.016237592811244008, 0.028013199720324733, 0.04832469144133146, 0.083385605485271921, 0.14386305510533495, 0.24808515008830812, 0.42800148658553283, 0.73864022216463676, 1.2742929366468121, 0.6541204583590301, 3.7876106355862942, 6.484718062300848, 83.934756617912385, 19.186077116078298, 18.780104630438682, 19.186077116078298, 99.849576269790091],
 siglist 
[0.0021999999999999797, 0.9942, 1.0, 0.8291999999999999, 0.9999, 0.996, 0.9125, 0.969, 1.0, 0.3657, 0.9996, 1.0, 0.22999999999999998, 0.9427, 0.8926000000000001, 0.554, 1.0, 0.9966, 0.8904, 0.9968],
 powerlist 
[0.21350894296026077, 0.29098529743223234, 0.32875871101282267, 0.25045709740691263, 0.30956419385661055, 0.28948136898426946, 0.26140819123053499, 0.27110570065319228, 0.3818013856618423, 0.23571210994015027, 0.28733149973773575, 0.33017941308760135, 0.19184145468545374, 0.23175333661440933, 0.22340953473051844, 0.20957573898698956, 0.33730075356072919, 0.26871387632901733, 0.22512443389536679, 0.2744897353889505],
 listnumberlist 
[0, 0, 0, 0, 0, 0, 0, 0, 0, 0, 0, 0, 0, 0, 0, 0, 0, 0, 0, 0],
 end of file
