fullmaglist 
[18.105263157894736, 18.105263157894736, 18.105263157894736, 18.105263157894736, 18.105263157894736, 18.105263157894736, 18.105263157894736, 18.105263157894736, 18.105263157894736, 18.105263157894736, 18.105263157894736, 18.105263157894736, 18.105263157894736, 18.105263157894736, 18.105263157894736, 18.105263157894736, 18.105263157894736, 18.105263157894736, 18.105263157894736, 18.105263157894736],
 periodlist 
[0.0031622776601683798, 0.0054555947811685199, 0.0094120496726806703, 0.016237767391887217, 0.028013567611988671, 0.048329302385717518, 0.083378222347178912, 0.14384498882876623, 0.24816289228368255, 0.42813323987193919, 0.73861998220793579, 1.2742749857031335, 2.1983926488622894, 3.7926901907322494, 6.5431891297129621, 11.288378916846883, 19.474830399087551, 33.59818286283781, 57.963939533849604, 100.0],
 measuredperiodlist 
[0.0034558997257927732, 0.0033616001209821138, 0.0029188379409267363, 0.017118333058157083, 0.022613586473905632, 0.013426346410616505, 0.076952058073808019, 0.01241044574551488, 0.24999590392763718, 0.026454747415427016, 0.72413207017004677, 1.3055628763228806, 1.5131561158180145, 0.97125291748689635, 5.5122078538056742, 36.473139562445255, 25.787990355208745, 10.523487318868792, 10.346505924284029, 80.675089404263815],
 siglist 
[0.05630000000000002, 0.6377999999999999, 0.7975, 0.019100000000000006, 0.055400000000000005, 0.1765, 0.015100000000000002, 0.9735, 0.9816, 0.0022999999999999687, 0.9198999999999999, 0.16879999999999995, 0.5992999999999999, 0.0008000000000000229, 0.9925, 0.02629999999999999, 0.2622, 0.12, 0.8291999999999999, 0.2229],
 powerlist 
[0.37814779419367467, 0.41867368046357922, 0.43106644629309687, 0.34006496027880684, 0.35798805759517582, 0.3647686092601814, 0.33306690694942409, 0.46576421110952182, 0.48890858913607049, 0.31944499828281259, 0.41317528145012922, 0.31363413546238089, 0.34429456975407324, 0.23302748326436093, 0.43851132232676121, 0.27509330994578601, 0.29735539982423581, 0.28525069315006546, 0.36877370369081097, 0.3040082564270819],
 listnumberlist 
[0, 0, 0, 0, 0, 0, 0, 0, 0, 0, 0, 0, 0, 0, 0, 0, 0, 0, 0, 0],
 end of file
