fullmaglist 
[17.0, 17.0, 17.0, 17.0, 17.0, 17.0, 17.0, 17.0, 17.0, 17.0, 17.0, 17.0, 17.0, 17.0, 17.0, 17.0, 17.0, 17.0, 17.0, 17.0],
 periodlist 
[0.0031622776601683798, 0.0054555947811685199, 0.0094120496726806703, 0.016237767391887217, 0.028013567611988671, 0.048329302385717518, 0.083378222347178912, 0.14384498882876623, 0.24816289228368255, 0.42813323987193919, 0.73861998220793579, 1.2742749857031335, 2.1983926488622894, 3.7926901907322494, 6.5431891297129621, 11.288378916846883, 19.474830399087551, 33.59818286283781, 57.963939533849604, 100.0],
 measuredperiodlist 
[0.008208542875048493, 0.0097142911957921099, 0.0051233957095157562, 0.016237840190273405, 0.028014023090187277, 0.048330005151242472, 0.083380601652825154, 0.14386828155173759, 0.16350607571171419, 0.42818280357100136, 0.73856437157438581, 1.2744734668421194, 2.1887471002323937, 3.8013181597414749, 5.3572179970725333, 11.451190617338412, 19.57375159977342, 33.409969676171507, 54.139516609175878, 97.629315155389236],
 siglist 
[0.872, 0.6923, 0.09240000000000004, 0.9969, 0.9995, 1.0, 0.848, 0.996, 0.6422, 1.0, 0.9983, 1.0, 0.9996, 0.9999, 0.9241, 0.9998, 1.0, 0.9645, 0.1563, 0.05120000000000002],
 powerlist 
[0.2589828914295062, 0.25384922888105343, 0.22722280965358516, 0.29719198094353211, 0.30536467323036626, 0.36433796788987072, 0.26188218846792422, 0.29304947176108365, 0.23986408912060697, 0.42744138185005209, 0.26938229638208561, 0.3092594736317304, 0.27446157308805547, 0.28953624221404667, 0.23352913459519983, 0.28837690741635369, 0.33861786641623298, 0.24047159461441317, 0.19320540703818057, 0.18319478171869916],
 listnumberlist 
[0, 0, 0, 0, 0, 0, 0, 0, 0, 0, 0, 0, 0, 0, 0, 0, 0, 0, 0, 0],
 end of file
