fullmaglist 
[22.526315789473685, 22.526315789473685, 22.526315789473685, 22.526315789473685, 22.526315789473685, 22.526315789473685, 22.526315789473685, 22.526315789473685, 22.526315789473685, 22.526315789473685, 22.526315789473685, 22.526315789473685, 22.526315789473685, 22.526315789473685, 22.526315789473685, 22.526315789473685, 22.526315789473685, 22.526315789473685, 22.526315789473685, 22.526315789473685],
 periodlist 
[0.0031622776601683798, 0.0054555947811685199, 0.0094120496726806703, 0.016237767391887217, 0.028013567611988671, 0.048329302385717518, 0.083378222347178912, 0.14384498882876623, 0.24816289228368255, 0.42813323987193919, 0.73861998220793579, 1.2742749857031335, 2.1983926488622894, 3.7926901907322494, 6.5431891297129621, 11.288378916846883, 19.474830399087551, 33.59818286283781, 57.963939533849604, 100.0],
 measuredperiodlist 
[0.0036453030897599771, 0.0054555916990001035, 0.0094120049174115823, 0.011467140491202748, 0.028014033049294937, 0.044059011582397042, 0.083366422872248006, 0.14386801961392634, 0.2482045868295033, 0.42813932977057406, 0.5097868742761239, 0.5097868742761239, 2.1889987764797807, 0.5097868742761239, 0.99827410474171285, 11.242335591897811, 19.694990426210492, 34.424525215050132, 23.331103410053359, 89.526453749081995],
 siglist 
[0.45220000000000005, 1.0, 0.9851, 0.017100000000000004, 0.35009999999999997, 0.8646, 0.7585999999999999, 0.625, 0.32299999999999995, 0.9983, 0.9633, 0.8182, 0.7932, 0.7659, 0.9303, 0.2017, 0.996, 0.9901, 0.9975, 0.8214],
 powerlist 
[0.2826554550025448, 0.45748348833937935, 0.35092760187613414, 0.24026453290881614, 0.26363121651231519, 0.30001564136629688, 0.28736606748965532, 0.28640169838114471, 0.26817115553028237, 0.35837113276034016, 0.29923054010402184, 0.25582839468642304, 0.24938560286714678, 0.26262540324597966, 0.27379680706216802, 0.2144978438013605, 0.31560045387148528, 0.32511913536749493, 0.32604803828840145, 0.25576669048126693],
 listnumberlist 
[0, 0, 0, 0, 0, 0, 0, 0, 0, 0, 0, 0, 0, 0, 0, 0, 0, 0, 0, 0],
 end of file
