fullmaglist 
[21.789473684210527, 21.789473684210527, 21.789473684210527, 21.789473684210527, 21.789473684210527, 21.789473684210527, 21.789473684210527, 21.789473684210527, 21.789473684210527, 21.789473684210527, 21.789473684210527, 21.789473684210527, 21.789473684210527, 21.789473684210527, 21.789473684210527, 21.789473684210527, 21.789473684210527, 21.789473684210527, 21.789473684210527, 21.789473684210527],
 periodlist 
[0.0031622776601683798, 0.0054555947811685199, 0.0094120496726806703, 0.016237767391887217, 0.028013567611988671, 0.048329302385717518, 0.083378222347178912, 0.14384498882876623, 0.24816289228368255, 0.42813323987193919, 0.73861998220793579, 1.2742749857031335, 2.1983926488622894, 3.7926901907322494, 6.5431891297129621, 11.288378916846883, 19.474830399087551, 33.59818286283781, 57.963939533849604, 100.0],
 measuredperiodlist 
[0.0031622774014857884, 0.0054555944473891182, 0.0094120491507575857, 0.016237768209039077, 0.028013568726363323, 0.04832931204687211, 0.083378171315908731, 0.14384505877998061, 0.24816281720853464, 0.42813433677100443, 0.73861467002902903, 1.2742611213136037, 2.1984873898273274, 3.7926345886091135, 6.543135738605601, 11.288117350432415, 19.473773326950194, 33.588492165114452, 57.970723148500866, 99.95631007051206],
 siglist 
[0.2338, 1.0, 1.0, 1.0, 1.0, 1.0, 0.9846, 1.0, 0.9991, 1.0, 1.0, 1.0, 1.0, 0.9994, 1.0, 0.9983, 1.0, 1.0, 1.0, 1.0],
 powerlist 
[0.051060630988258034, 0.17596354612198967, 0.094250194118249322, 0.092683480682145117, 0.19270447142295927, 0.081195742452976033, 0.060039835161235913, 0.18362579458586467, 0.072546657262688496, 0.092793552030007137, 0.12560469079508954, 0.12366202792574565, 0.095012647375226703, 0.065199537160091095, 0.10096030531391019, 0.059566664587423261, 0.080372415028912389, 0.094698681512809732, 0.089694623074539515, 0.23052799433043267],
 listnumberlist 
[0, 0, 0, 0, 0, 0, 0, 0, 0, 0, 0, 0, 0, 0, 0, 0, 0, 0, 0, 0],
 end of file
