fullmaglist 
[17.0, 17.0, 17.0, 17.0, 17.0, 17.0, 17.0, 17.0, 17.0, 17.0, 17.0, 17.0, 17.0, 17.0, 17.0, 17.0, 17.0, 17.0, 17.0, 17.0],
 periodlist 
[0.0031622776601683798, 0.0054555947811685199, 0.0094120496726806703, 0.016237767391887217, 0.028013567611988671, 0.048329302385717518, 0.083378222347178912, 0.14384498882876623, 0.24816289228368255, 0.42813323987193919, 0.73861998220793579, 1.2742749857031335, 2.1983926488622894, 3.7926901907322494, 6.5431891297129621, 11.288378916846883, 19.474830399087551, 33.59818286283781, 57.963939533849604, 100.0],
 measuredperiodlist 
[0.0031430592453502563, 0.0055266201685000684, 0.0093186832000628703, 0.01306340803592974, 0.027551433486277293, 0.046026338958050542, 0.013314432620167743, 0.16802276127102986, 0.012992115517868304, 0.42788145791535453, 0.86410404583686662, 1.579925596200543, 2.1913503104329903, 3.6298014883548704, 1.7189779491963031, 26.125604912625121, 27.041065251886561, 10.281029355470372, 10.451921942022366, 28.856547305991118],
 siglist 
[0.013000000000000012, 0.9753000000000001, 0.9882, 0.9716, 0.6725, 0.3286, 0.07030000000000003, 0.9141, 0.8094, 0.9722, 0.9516, 0.9909, 0.9994, 0.9786, 0.7301, 0.9935, 0.9672, 0.8533, 0.3578, 0.8529],
 powerlist 
[0.26439359137787122, 0.35104559435166344, 0.35046073277510936, 0.33594356202765374, 0.28779787202389584, 0.26825329017867461, 0.24801181060755045, 0.30701918283714158, 0.29432477014142588, 0.34218249924205446, 0.2924348395209857, 0.30949414344432435, 0.3354324444997509, 0.29738395448815075, 0.24556204932528228, 0.31456079327241793, 0.31683920809890559, 0.25026265196939429, 0.2192023713418863, 0.26883337907878213],
 listnumberlist 
[0, 0, 0, 0, 0, 0, 0, 0, 0, 0, 0, 0, 0, 0, 0, 0, 0, 0, 0, 0],
 end of file
