fullmaglist 
[24.0, 24.0, 24.0, 24.0, 24.0, 24.0, 24.0, 24.0, 24.0, 24.0, 24.0, 24.0, 24.0, 24.0, 24.0, 24.0, 24.0, 24.0, 24.0, 24.0],
 periodlist 
[0.0031622776601683798, 0.0054555947811685199, 0.0094120496726806703, 0.016237767391887217, 0.028013567611988671, 0.048329302385717518, 0.083378222347178912, 0.14384498882876623, 0.24816289228368255, 0.42813323987193919, 0.73861998220793579, 1.2742749857031335, 2.1983926488622894, 3.7926901907322494, 6.5431891297129621, 11.288378916846883, 19.474830399087551, 33.59818286283781, 57.963939533849604, 100.0],
 measuredperiodlist 
[0.0029416238200691241, 0.0039708631355230275, 0.0052174878657135285, 0.029449811078757524, 0.094361512133017647, 0.019744151873859774, 0.37826552044465273, 0.012043290052759569, 0.2480774528724104, 0.012020692433609894, 0.73836179461739404, 1.2738148048464897, 2.023186482281309, 3.7693903147627501, 1.0230438783902251, 85.327535224220952, 76.799138279676981, 33.690564964227349, 77.800013310644431, 100.07112607247504],
 siglist 
[0.7533, 0.2107, 0.5886, 0.5478000000000001, 0.10450000000000004, 0.8794, 0.8488, 0.9977, 0.9891, 0.477, 0.9985, 0.9403, 0.049699999999999966, 0.9966, 0.6880999999999999, 0.20230000000000004, 0.48119999999999996, 0.9994, 0.060899999999999954, 0.16869999999999996],
 powerlist 
[0.30314932787225102, 0.27390616645180643, 0.29076587658776576, 0.2813531527728767, 0.256456424810657, 0.30276354742535871, 0.30064598908510276, 0.36174533728547703, 0.33190255341847635, 0.28767007208820111, 0.33199830580409651, 0.27695163281987872, 0.21369664547448641, 0.31805961255281678, 0.24889612288842888, 0.23203535030786057, 0.23872484597983445, 0.35480854096098835, 0.21130965685919426, 0.22319990388218447],
 listnumberlist 
[0, 0, 0, 0, 0, 0, 0, 0, 0, 0, 0, 0, 0, 0, 0, 0, 0, 0, 0, 0],
 end of file
