fullmaglist 
[18.842105263157894, 18.842105263157894, 18.842105263157894, 18.842105263157894, 18.842105263157894, 18.842105263157894, 18.842105263157894, 18.842105263157894, 18.842105263157894, 18.842105263157894, 18.842105263157894, 18.842105263157894, 18.842105263157894, 18.842105263157894, 18.842105263157894, 18.842105263157894, 18.842105263157894, 18.842105263157894, 18.842105263157894, 18.842105263157894],
 periodlist 
[0.0031622776601683798, 0.0054555947811685199, 0.0094120496726806703, 0.016237767391887217, 0.028013567611988671, 0.048329302385717518, 0.083378222347178912, 0.14384498882876623, 0.24816289228368255, 0.42813323987193919, 0.73861998220793579, 1.2742749857031335, 2.1983926488622894, 3.7926901907322494, 6.5431891297129621, 11.288378916846883, 19.474830399087551, 33.59818286283781, 57.963939533849604, 100.0],
 measuredperiodlist 
[0.0031159036625504353, 0.0054855642283163754, 0.0094151093395353821, 0.016605991006924854, 0.026522036555886887, 0.048329922084239918, 0.056460258938263654, 0.14383852471854341, 0.24807529420716479, 0.42802822897310927, 0.73908162420440304, 5.3172790668219134, 0.94947132954314717, 0.78944466488912179, 6.5693596258584588, 11.081761511045913, 29.493152539654986, 31.196145340686328, 29.404590217944925, 22.210111355165093],
 siglist 
[0.32089999999999996, 1.0, 0.998, 0.8613, 0.26349999999999996, 0.9999, 0.2148, 0.9976, 1.0, 0.9998, 0.9996, 0.9878, 0.8216, 1.0, 1.0, 0.9826, 0.9587, 0.9969, 0.9945, 0.9958],
 powerlist 
[0.23168006797713159, 0.32817709318569849, 0.30193082525086873, 0.24808934623079559, 0.23002069807721801, 0.32636668964271659, 0.22091701077911571, 0.29141788148199188, 0.35285220832946124, 0.34032669854015807, 0.28043184910732749, 0.25404547677790995, 0.21657379778645003, 0.32221827957023741, 0.36196611284631669, 0.24614131054246727, 0.24270030638841866, 0.27323030569985246, 0.26044327069724649, 0.26313999317949643],
 listnumberlist 
[0, 0, 0, 0, 0, 0, 0, 0, 0, 0, 0, 0, 0, 0, 0, 0, 0, 0, 0, 0],
 end of file
