fullmaglist 
[20.31578947368421, 20.31578947368421, 20.31578947368421, 20.31578947368421, 20.31578947368421, 20.31578947368421, 20.31578947368421, 20.31578947368421, 20.31578947368421, 20.31578947368421, 20.31578947368421, 20.31578947368421, 20.31578947368421, 20.31578947368421, 20.31578947368421, 20.31578947368421, 20.31578947368421, 20.31578947368421, 20.31578947368421, 20.31578947368421],
 periodlist 
[0.0031622776601683798, 0.0054555947811685199, 0.0094120496726806703, 0.016237767391887217, 0.028013567611988671, 0.048329302385717518, 0.083378222347178912, 0.14384498882876623, 0.24816289228368255, 0.42813323987193919, 0.73861998220793579, 1.2742749857031335, 2.1983926488622894, 3.7926901907322494, 6.5431891297129621, 11.288378916846883, 19.474830399087551, 33.59818286283781, 57.963939533849604, 100.0],
 measuredperiodlist 
[0.0031622638618840205, 0.0038023975892896144, 0.0094120999663149449, 0.016237847650061383, 0.036959244425156232, 0.048330600214830696, 0.083379335921025324, 0.14385866824161589, 0.036674677910139446, 0.4281100861000991, 0.73833518132317244, 1.2736335452570569, 2.1964934273124097, 3.7715820415243826, 4.0052382110205915, 11.346034097722152, 18.881240016816292, 33.826737592766264, 47.961901125556139, 26.998782781512368],
 siglist 
[0.023700000000000054, 0.4424, 0.016800000000000037, 0.6213, 0.054300000000000015, 0.9876, 0.6834, 0.8694, 0.24170000000000003, 0.9977, 0.6796, 0.2946, 0.5266, 0.9635, 0.09299999999999997, 0.9962, 0.5721, 0.6828000000000001, 0.5909, 0.8827],
 powerlist 
[0.24066969108322545, 0.26370236678307596, 0.24621844485699965, 0.27388843367963128, 0.2533854640087676, 0.30271448404344786, 0.25709197766959663, 0.27441442074380512, 0.25338223645967251, 0.32717673223809385, 0.22519949306870368, 0.20843923269196452, 0.2186375990309174, 0.25826012262554049, 0.20298796844621436, 0.32359577678516266, 0.23642536788664406, 0.22798923679486552, 0.23191259176734064, 0.24729186211364956],
 listnumberlist 
[0, 0, 0, 0, 0, 0, 0, 0, 0, 0, 0, 0, 0, 0, 0, 0, 0, 0, 0, 0],
 end of file
