fullmaglist 
[19.210526315789473, 19.210526315789473, 19.210526315789473, 19.210526315789473, 19.210526315789473, 19.210526315789473, 19.210526315789473, 19.210526315789473, 19.210526315789473, 19.210526315789473, 19.210526315789473, 19.210526315789473, 19.210526315789473, 19.210526315789473, 19.210526315789473, 19.210526315789473, 19.210526315789473, 19.210526315789473, 19.210526315789473, 19.210526315789473],
 periodlist 
[0.0031622776601683798, 0.0054555947811685199, 0.0094120496726806703, 0.016237767391887217, 0.028013567611988671, 0.048329302385717518, 0.083378222347178912, 0.14384498882876623, 0.24816289228368255, 0.42813323987193919, 0.73861998220793579, 1.2742749857031335, 2.1983926488622894, 3.7926901907322494, 6.5431891297129621, 11.288378916846883, 19.474830399087551, 33.59818286283781, 57.963939533849604, 100.0],
 measuredperiodlist 
[0.0033731638409476078, 0.0054555935030496609, 0.0094119643314636361, 0.01623769751679275, 0.028013565937542419, 0.048330578091185815, 0.025969576517405564, 0.14381793657261957, 0.24813701515785214, 0.034708472331619056, 0.72307567967855135, 1.2726912749274071, 0.72400220489607392, 3.8363652590731876, 5.3418100386943781, 11.175744767027936, 11.630917005183914, 35.678378726256085, 55.819714839380644, 107.1684845176879],
 siglist 
[0.9653, 0.9994, 1.0, 0.9993, 0.9995, 0.983, 0.8739, 0.9992, 0.8903, 0.9195, 0.9999, 0.8975, 0.9046, 0.9952, 0.9996, 0.9999, 0.9938, 0.9837, 0.9987, 0.9996],
 powerlist 
[0.27513760984720997, 0.32405275821116164, 0.37712756785992518, 0.3196779669157096, 0.3174658807214224, 0.27328149254380796, 0.25214281825854651, 0.30986433284327075, 0.25100050125262824, 0.25414481378332238, 0.3234974712378354, 0.23795374626315791, 0.23563247734932063, 0.26305881426292765, 0.30874540277110463, 0.3081005409726344, 0.25740086023526476, 0.2436792287423859, 0.27611028115632208, 0.29255068611634522],
 listnumberlist 
[0, 0, 0, 0, 0, 0, 0, 0, 0, 0, 0, 0, 0, 0, 0, 0, 0, 0, 0, 0],
 end of file
