fullmaglist 
[20.684210526315788, 20.684210526315788, 20.684210526315788, 20.684210526315788, 20.684210526315788, 20.684210526315788, 20.684210526315788, 20.684210526315788, 20.684210526315788, 20.684210526315788, 20.684210526315788, 20.684210526315788, 20.684210526315788, 20.684210526315788, 20.684210526315788, 20.684210526315788, 20.684210526315788, 20.684210526315788, 20.684210526315788, 20.684210526315788],
 periodlist 
[0.0031622776601683798, 0.0054555947811685199, 0.0094120496726806703, 0.016237767391887217, 0.028013567611988671, 0.048329302385717518, 0.083378222347178912, 0.14384498882876623, 0.24816289228368255, 0.42813323987193919, 0.73861998220793579, 1.2742749857031335, 2.1983926488622894, 3.7926901907322494, 6.5431891297129621, 11.288378916846883, 19.474830399087551, 33.59818286283781, 57.963939533849604, 100.0],
 measuredperiodlist 
[0.0031622776907624397, 0.0054555942323452214, 0.0094120514969881081, 0.016237763965826657, 0.028013557415256594, 0.048329292603748679, 0.083378207543153962, 0.14384484183419885, 0.2481638548704736, 0.42813065441595277, 0.73862271544128566, 1.2742653738747642, 2.1983278538509263, 3.7930848971254076, 6.5433438357272395, 11.287713600346915, 19.48074296503178, 33.600558388752134, 57.990601421963596, 99.810658781858905],
 siglist 
[0.12419999999999998, 1.0, 1.0, 1.0, 1.0, 0.7119, 0.0036000000000000476, 1.0, 0.7115, 1.0, 1.0, 1.0, 1.0, 1.0, 1.0, 0.27580000000000005, 0.9999, 1.0, 1.0, 1.0],
 powerlist 
[0.050151181516039089, 0.1732177358884181, 0.12391636676229992, 0.093427054394657219, 0.19198905060590674, 0.053542811962934631, 0.045925841268275286, 0.15820636224581058, 0.052587969181750967, 0.096895639003657053, 0.15109499210170016, 0.083434451457057135, 0.14539346252951588, 0.089066565881334839, 0.10410764663755766, 0.043436926357003927, 0.071449677751662541, 0.12518437373713087, 0.12983391004150469, 0.21463611288259074],
 listnumberlist 
[0, 0, 0, 0, 0, 0, 0, 0, 0, 0, 0, 0, 0, 0, 0, 0, 0, 0, 0, 0],
 end of file
