fullmaglist 
[19.210526315789473, 19.210526315789473, 19.210526315789473, 19.210526315789473, 19.210526315789473, 19.210526315789473, 19.210526315789473, 19.210526315789473, 19.210526315789473, 19.210526315789473, 19.210526315789473, 19.210526315789473, 19.210526315789473, 19.210526315789473, 19.210526315789473, 19.210526315789473, 19.210526315789473, 19.210526315789473, 19.210526315789473, 19.210526315789473],
 periodlist 
[0.0031622776601683798, 0.0054555947811685199, 0.0094120496726806703, 0.016237767391887217, 0.028013567611988671, 0.048329302385717518, 0.083378222347178912, 0.14384498882876623, 0.24816289228368255, 0.42813323987193919, 0.73861998220793579, 1.2742749857031335, 2.1983926488622894, 3.7926901907322494, 6.5431891297129621, 11.288378916846883, 19.474830399087551, 33.59818286283781, 57.963939533849604, 100.0],
 measuredperiodlist 
[0.0035676744635395607, 0.0054555790881522384, 0.0091256002396631133, 0.017774303464079086, 0.028012722045993036, 0.01037460364516438, 0.026858050479334341, 0.14383553850552019, 0.010209735963375269, 0.42800711470936126, 0.73821505838740931, 0.5597284158365089, 1.6227188650076645, 3.8009383494860272, 0.86341763372333891, 10.263601762842891, 27.023330617627298, 16.010776262293547, 16.010776262293547, 10.263601762842891],
 siglist 
[0.0676, 1.0, 0.8246, 0.0033999999999999586, 0.9901, 0.17000000000000004, 0.0464, 0.9992, 0.0605, 0.6332, 0.994, 0.9996, 0.6586000000000001, 0.9906, 0.14129999999999998, 0.886, 0.1382, 0.6615, 0.0826, 0.22850000000000004],
 powerlist 
[0.24159553358654298, 0.36583684406555711, 0.28434204590257034, 0.21528868396884679, 0.3052546327529474, 0.23967625842926996, 0.2300811657658437, 0.36014443579725286, 0.22950880293248771, 0.25890696119580636, 0.27675981742520367, 0.31675803731661356, 0.22196637490525317, 0.29072791503036444, 0.19558919103169248, 0.25160949578143282, 0.1932777272251433, 0.22406613552999358, 0.18931588172631722, 0.19742598672080422],
 listnumberlist 
[0, 0, 0, 0, 0, 0, 0, 0, 0, 0, 0, 0, 0, 0, 0, 0, 0, 0, 0, 0],
 end of file
