fullmaglist 
[19.94736842105263, 19.94736842105263, 19.94736842105263, 19.94736842105263, 19.94736842105263, 19.94736842105263, 19.94736842105263, 19.94736842105263, 19.94736842105263, 19.94736842105263, 19.94736842105263, 19.94736842105263, 19.94736842105263, 19.94736842105263, 19.94736842105263, 19.94736842105263, 19.94736842105263, 19.94736842105263, 19.94736842105263, 19.94736842105263],
 periodlist 
[0.0031622776601683798, 0.0054555947811685199, 0.0094120496726806703, 0.016237767391887217, 0.028013567611988671, 0.048329302385717518, 0.083378222347178912, 0.14384498882876623, 0.24816289228368255, 0.42813323987193919, 0.73861998220793579, 1.2742749857031335, 2.1983926488622894, 3.7926901907322494, 6.5431891297129621, 11.288378916846883, 19.474830399087551, 33.59818286283781, 57.963939533849604, 100.0],
 measuredperiodlist 
[0.0031806298424640273, 0.0058179397608869353, 0.0057300780869020459, 0.022094595041055307, 0.023363096688465344, 0.023363463746834158, 0.073032682235772292, 0.14386006151757394, 0.22277174449885742, 0.025912149212198803, 1.5205180367671807, 1.0822064718266626, 2.5971810043551229, 2.303111360703272, 1.349558381869844, 12.253743428904414, 19.063743175380839, 80.5356078403439, 14.675601387509975, 16.79951452255013],
 siglist 
[0.4951, 0.5415, 0.9159, 0.9618, 0.5802, 0.3853, 0.665, 0.2551, 0.6974, 0.09109999999999996, 0.8472, 0.6604, 0.3073, 0.8653, 0.44499999999999995, 0.3506, 0.44820000000000004, 0.17620000000000002, 0.04569999999999996, 0.7935],
 powerlist 
[0.40309345100902416, 0.405273602004806, 0.45295440101698375, 0.48035797852163781, 0.39102065553806331, 0.37124249047859814, 0.40170763073253268, 0.37529748280679703, 0.40775204330380033, 0.35014174942833359, 0.3633111111229812, 0.324888799348937, 0.28497573051035241, 0.35552662195243678, 0.30002353100078066, 0.29000578662182019, 0.2986337071229182, 0.27258171653900609, 0.23977963536934319, 0.34452915803287459],
 listnumberlist 
[0, 0, 0, 0, 0, 0, 0, 0, 0, 0, 0, 0, 0, 0, 0, 0, 0, 0, 0, 0],
 end of file
