fullmaglist 
[18.473684210526315, 18.473684210526315, 18.473684210526315, 18.473684210526315, 18.473684210526315, 18.473684210526315, 18.473684210526315, 18.473684210526315, 18.473684210526315, 18.473684210526315, 18.473684210526315, 18.473684210526315, 18.473684210526315, 18.473684210526315, 18.473684210526315, 18.473684210526315, 18.473684210526315, 18.473684210526315, 18.473684210526315, 18.473684210526315],
 periodlist 
[0.0031622776601683798, 0.0054555947811685199, 0.0094120496726806703, 0.016237767391887217, 0.028013567611988671, 0.048329302385717518, 0.083378222347178912, 0.14384498882876623, 0.24816289228368255, 0.42813323987193919, 0.73861998220793579, 1.2742749857031335, 2.1983926488622894, 3.7926901907322494, 6.5431891297129621, 11.288378916846883, 19.474830399087551, 33.59818286283781, 57.963939533849604, 100.0],
 measuredperiodlist 
[0.00290132422327051, 0.0039252844161973676, 0.003279713477275847, 0.010319211666592202, 0.03626002418930805, 0.018337198999615504, 0.011748253692070554, 0.14382887079066339, 0.067306590117408943, 0.014285762845493403, 0.8220700459105974, 0.84429724802558581, 6.0581532388264883, 2.0668499240979368, 0.63261921392917153, 115.20589663704044, 25.565722990746565, 10.406829339936792, 83.442122946112946, 136.89569626111594],
 siglist 
[0.06920000000000004, 0.5297000000000001, 0.25339999999999996, 0.6833, 0.3419, 0.005099999999999993, 0.8773, 0.7811, 0.3096, 0.35960000000000003, 0.37150000000000005, 0.2792, 0.5642, 0.062100000000000044, 0.7951, 0.045399999999999996, 0.6383, 0.774, 0.5141, 0.9665],
 powerlist 
[0.39001387857239267, 0.39647464369837476, 0.40268960129006437, 0.3937331017828728, 0.38288360195014104, 0.33677127838873788, 0.38859931352490917, 0.40595119633440174, 0.35176853777917638, 0.36885328995884131, 0.32593051624948233, 0.2927930001570514, 0.322186847871895, 0.28932142966108154, 0.3589878364768293, 0.2694646598974762, 0.33272163227572094, 0.35842370637951265, 0.3476613769276542, 0.40391089982036227],
 listnumberlist 
[0, 0, 0, 0, 0, 0, 0, 0, 0, 0, 0, 0, 0, 0, 0, 0, 0, 0, 0, 0],
 end of file
