fullmaglist 
[21.421052631578945, 21.421052631578945, 21.421052631578945, 21.421052631578945, 21.421052631578945, 21.421052631578945, 21.421052631578945, 21.421052631578945, 21.421052631578945, 21.421052631578945, 21.421052631578945, 21.421052631578945, 21.421052631578945, 21.421052631578945, 21.421052631578945, 21.421052631578945, 21.421052631578945, 21.421052631578945, 21.421052631578945, 21.421052631578945],
 periodlist 
[0.0031622776601683798, 0.0054555947811685199, 0.0094120496726806703, 0.016237767391887217, 0.028013567611988671, 0.048329302385717518, 0.083378222347178912, 0.14384498882876623, 0.24816289228368255, 0.42813323987193919, 0.73861998220793579, 1.2742749857031335, 2.1983926488622894, 3.7926901907322494, 6.5431891297129621, 11.288378916846883, 19.474830399087551, 33.59818286283781, 57.963939533849604, 100.0],
 measuredperiodlist 
[0.0031622778653083851, 0.0054555945498329988, 0.0094120504182793226, 0.016237766582398616, 0.028013567877260805, 0.048329262270709224, 0.083378228239799262, 0.14384561460078124, 0.24816314428757272, 0.42813324057601782, 0.73862242282347279, 1.2742836641329811, 2.1983136989948768, 3.7926751026288343, 6.5440065999590074, 11.288087051807306, 19.471376003057948, 33.619350682535732, 57.987666120505153, 99.966397149759928],
 siglist 
[0.7264999999999999, 1.0, 1.0, 1.0, 1.0, 0.832, 0.8113, 1.0, 0.6362, 1.0, 1.0, 1.0, 1.0, 1.0, 1.0, 0.9801, 0.992, 1.0, 1.0, 1.0],
 powerlist 
[0.054217551658331725, 0.15903570747549833, 0.10640145354028918, 0.10576564160754867, 0.17417476322250838, 0.05395495788413375, 0.05343920159975675, 0.13052322207522607, 0.051829944440171249, 0.075224830354531133, 0.12642235853769618, 0.074511424083069822, 0.11893967113802989, 0.071934248453513969, 0.10806750870013801, 0.053069928222987471, 0.055668991108690724, 0.11169642794675474, 0.086782999380834391, 0.21118633888170918],
 listnumberlist 
[0, 0, 0, 0, 0, 0, 0, 0, 0, 0, 0, 0, 0, 0, 0, 0, 0, 0, 0, 0],
 end of file
