fullmaglist 
[24.0, 24.0, 24.0, 24.0, 24.0, 24.0, 24.0, 24.0, 24.0, 24.0, 24.0, 24.0, 24.0, 24.0, 24.0, 24.0, 24.0, 24.0, 24.0, 24.0],
 periodlist 
[0.0031622776601683798, 0.0054555947811685199, 0.0094120496726806703, 0.016237767391887217, 0.028013567611988671, 0.048329302385717518, 0.083378222347178912, 0.14384498882876623, 0.24816289228368255, 0.42813323987193919, 0.73861998220793579, 1.2742749857031335, 2.1983926488622894, 3.7926901907322494, 6.5431891297129621, 11.288378916846883, 19.474830399087551, 33.59818286283781, 57.963939533849604, 100.0],
 measuredperiodlist 
[0.0068185012126053745, 0.0054260130686915624, 0.0094121050596254977, 0.11829278074382324, 0.014741343937731332, 0.014761365004631247, 0.076391624085360585, 0.14623954401387065, 0.014753823511483733, 0.15277748310195513, 0.5097868742761239, 0.5097868742761239, 0.5097868742761239, 0.5097868742761239, 0.5097868742761239, 21.767182227988322, 20.313602966255715, 23.331103410053359, 13.283699053885622, 29.111708429757616],
 siglist 
[0.7024, 0.9771, 0.8484, 0.9015, 0.5577, 0.845, 0.8888, 0.9588, 0.8014, 0.9675, 0.8233, 0.7651, 0.28459999999999996, 0.9585, 0.4427, 0.9258, 0.8767, 0.9978, 0.9218999999999999, 0.7874],
 powerlist 
[0.31112783157406726, 0.32993502850061446, 0.33565940446378212, 0.31161420352384039, 0.268808220347799, 0.29305762314498035, 0.29800089256639289, 0.31325946018134165, 0.28763665178024189, 0.31851581606516632, 0.25792135136304795, 0.25992211349061745, 0.2160820528452039, 0.27565043187314986, 0.24168291754322951, 0.27564206142104647, 0.2690708177913852, 0.32585900131230783, 0.26492524572562404, 0.24802237836591234],
 listnumberlist 
[0, 0, 0, 0, 0, 0, 0, 0, 0, 0, 0, 0, 0, 0, 0, 0, 0, 0, 0, 0],
 end of file
