fullmaglist 
[23.263157894736842, 23.263157894736842, 23.263157894736842, 23.263157894736842, 23.263157894736842, 23.263157894736842, 23.263157894736842, 23.263157894736842, 23.263157894736842, 23.263157894736842, 23.263157894736842, 23.263157894736842, 23.263157894736842, 23.263157894736842, 23.263157894736842, 23.263157894736842, 23.263157894736842, 23.263157894736842, 23.263157894736842, 23.263157894736842],
 periodlist 
[0.0031622776601683798, 0.0054555947811685199, 0.0094120496726806703, 0.016237767391887217, 0.028013567611988671, 0.048329302385717518, 0.083378222347178912, 0.14384498882876623, 0.24816289228368255, 0.42813323987193919, 0.73861998220793579, 1.2742749857031335, 2.1983926488622894, 3.7926901907322494, 6.5431891297129621, 11.288378916846883, 19.474830399087551, 33.59818286283781, 57.963939533849604, 100.0],
 measuredperiodlist 
[0.0031622775700717821, 0.005455594971452855, 0.0094120518044859512, 0.01623775779529146, 0.02801356624981156, 0.048329290256228535, 0.083378433488935311, 0.14384507961699422, 0.24816321257270235, 0.4281379035999176, 0.73863741396019389, 1.2742363276051429, 2.1984481533284388, 3.7924672982442091, 6.5427214157003855, 11.292938651681238, 19.468419213939029, 33.605233918223433, 57.919523186872489, 100.06598421371656],
 siglist 
[0.6188, 1.0, 0.49570000000000003, 0.9992, 1.0, 0.7424999999999999, 0.7857000000000001, 1.0, 0.7936, 0.937, 0.9998, 0.9922, 0.9995, 0.9086, 1.0, 0.5515, 0.2679, 1.0, 1.0, 1.0],
 powerlist 
[0.059949835488121578, 0.17131087187127608, 0.059129766503615559, 0.078474039415936961, 0.18063923382541933, 0.059486837957260931, 0.061679249749803197, 0.17682553017557684, 0.060748277380058807, 0.064779578733816914, 0.078296964424121346, 0.063710826324660144, 0.073793895132724524, 0.05592843635850385, 0.079795200622249388, 0.04878600913251574, 0.046400004438335272, 0.094491112660388024, 0.088256907706357413, 0.15989274190627345],
 listnumberlist 
[0, 0, 0, 0, 0, 0, 0, 0, 0, 0, 0, 0, 0, 0, 0, 0, 0, 0, 0, 0],
 end of file
