fullmaglist 
[18.105263157894736, 18.105263157894736, 18.105263157894736, 18.105263157894736, 18.105263157894736, 18.105263157894736, 18.105263157894736, 18.105263157894736, 18.105263157894736, 18.105263157894736, 18.105263157894736, 18.105263157894736, 18.105263157894736, 18.105263157894736, 18.105263157894736, 18.105263157894736, 18.105263157894736, 18.105263157894736, 18.105263157894736, 18.105263157894736],
 periodlist 
[0.0031622776601683798, 0.0054555947811685199, 0.0094120496726806703, 0.016237767391887217, 0.028013567611988671, 0.048329302385717518, 0.083378222347178912, 0.14384498882876623, 0.24816289228368255, 0.42813323987193919, 0.73861998220793579, 1.2742749857031335, 2.1983926488622894, 3.7926901907322494, 6.5431891297129621, 11.288378916846883, 19.474830399087551, 33.59818286283781, 57.963939533849604, 100.0],
 measuredperiodlist 
[0.0065225758490303218, 0.011616105614099242, 0.0030427888398202713, 0.016237966545425676, 0.025711125681509513, 0.039337363843775452, 0.014789812072514421, 0.056417052521269447, 0.024954168842315331, 0.035644638675894416, 8.8327254737720793, 1.3332695687624363, 2.1983412961162778, 3.7690808484190206, 6.5525882332387448, 102.07715662772534, 12.363091809092595, 34.074374490263217, 91.136812791439155, 104.7492207137886],
 siglist 
[0.7454000000000001, 0.14570000000000005, 0.40680000000000005, 0.6555, 0.6645, 0.1492, 0.4809, 0.9821, 0.9015, 0.2835, 0.33330000000000004, 0.47529999999999994, 0.9392, 0.9911, 0.49650000000000005, 0.7761, 0.1502, 0.9885, 0.9875, 0.9998],
 powerlist 
[0.26527920930221538, 0.2281003485232071, 0.24257046819311745, 0.2405073691158843, 0.24551562167647839, 0.22680850313617582, 0.23560958888627587, 0.27467526273013276, 0.25820990012834738, 0.22421295107671305, 0.19404736075742099, 0.20614951724678415, 0.23539578268100522, 0.25466593364452805, 0.20128823721909364, 0.21653683624306361, 0.18991256385581395, 0.26208810626939422, 0.25619974420714525, 0.29649849617625851],
 listnumberlist 
[0, 0, 0, 0, 0, 0, 0, 0, 0, 0, 0, 0, 0, 0, 0, 0, 0, 0, 0, 0],
 end of file
