fullmaglist 
[22.526315789473685, 22.526315789473685, 22.526315789473685, 22.526315789473685, 22.526315789473685, 22.526315789473685, 22.526315789473685, 22.526315789473685, 22.526315789473685, 22.526315789473685, 22.526315789473685, 22.526315789473685, 22.526315789473685, 22.526315789473685, 22.526315789473685, 22.526315789473685, 22.526315789473685, 22.526315789473685, 22.526315789473685, 22.526315789473685],
 periodlist 
[0.0031622776601683798, 0.0054555947811685199, 0.0094120496726806703, 0.016237767391887217, 0.028013567611988671, 0.048329302385717518, 0.083378222347178912, 0.14384498882876623, 0.24816289228368255, 0.42813323987193919, 0.73861998220793579, 1.2742749857031335, 2.1983926488622894, 3.7926901907322494, 6.5431891297129621, 11.288378916846883, 19.474830399087551, 33.59818286283781, 57.963939533849604, 100.0],
 measuredperiodlist 
[0.0031622776653815578, 0.005455595246196359, 0.0094120489424473572, 0.016237772493898982, 0.028013559253586333, 0.048329290935623791, 0.083378303763072301, 0.14384505123948463, 0.24816195482523376, 0.42813692108724366, 0.73862050280371916, 1.2742680587404807, 2.1982742188602145, 3.7926385717877524, 6.5440680544965995, 11.288545270658762, 19.480219272478834, 33.588706205156441, 57.943642945607479, 100.29719886976885],
 siglist 
[0.17020000000000002, 1.0, 1.0, 0.9983, 1.0, 0.645, 0.5582, 1.0, 0.985, 0.9992, 0.9991, 0.9989, 1.0, 0.928, 1.0, 0.5943, 0.9838, 1.0, 1.0, 1.0],
 powerlist 
[0.05893168983605792, 0.14697151769213862, 0.084827668801896045, 0.081895292288528099, 0.2231418049537425, 0.063352775873058556, 0.064802939494117487, 0.13429059462593626, 0.076704057929044486, 0.089885152165326887, 0.085987837037141898, 0.092657522060482944, 0.10554818605313392, 0.060431139640538201, 0.092472328141039895, 0.053540810648573384, 0.071625876678797204, 0.11688493379597614, 0.094904696456219448, 0.15724700351170914],
 listnumberlist 
[0, 0, 0, 0, 0, 0, 0, 0, 0, 0, 0, 0, 0, 0, 0, 0, 0, 0, 0, 0],
 end of file
