fullmaglist 
[21.789473684210527, 21.789473684210527, 21.789473684210527, 21.789473684210527, 21.789473684210527, 21.789473684210527, 21.789473684210527, 21.789473684210527, 21.789473684210527, 21.789473684210527, 21.789473684210527, 21.789473684210527, 21.789473684210527, 21.789473684210527, 21.789473684210527, 21.789473684210527, 21.789473684210527, 21.789473684210527, 21.789473684210527, 21.789473684210527],
 periodlist 
[0.0031622776601683798, 0.0054555947811685199, 0.0094120496726806703, 0.016237767391887217, 0.028013567611988671, 0.048329302385717518, 0.083378222347178912, 0.14384498882876623, 0.24816289228368255, 0.42813323987193919, 0.73861998220793579, 1.2742749857031335, 2.1983926488622894, 3.7926901907322494, 6.5431891297129621, 11.288378916846883, 19.474830399087551, 33.59818286283781, 57.963939533849604, 100.0],
 measuredperiodlist 
[0.0031723254284334139, 0.005455561541883743, 0.0094119660010401167, 0.016659279566046903, 0.023961756531954287, 0.026389310391978026, 0.083369598846871187, 0.1609085980344491, 0.085776398942202042, 0.42819078617139927, 1.4319340039730952, 1.2773353145319901, 0.68498826067643115, 1.3520937374771196, 0.50945190684069741, 15.166187540489204, 35.415992363095981, 16.010776262293547, 11.278731321193629, 31.270194034136779],
 siglist 
[0.4296, 0.9996, 0.5631999999999999, 0.8109999999999999, 0.7178, 0.026699999999999946, 0.6833, 0.7078, 0.867, 0.9994, 0.9451, 0.998, 0.9857, 0.9999, 0.9916, 0.9975, 0.7699, 0.9971, 0.8846, 0.7316],
 powerlist 
[0.26016369865859446, 0.35556449310770954, 0.27175617679137393, 0.27019614826884908, 0.25569633089783067, 0.21953450279498038, 0.26154415081474874, 0.27165583593269038, 0.2794691758202994, 0.35981050123250641, 0.26047780935725151, 0.29325847129642618, 0.26830831852782072, 0.33586622439301778, 0.2792131277222123, 0.29890859108808898, 0.22401977944053464, 0.2838152770218425, 0.25001042135050916, 0.22968222474230576],
 listnumberlist 
[0, 0, 0, 0, 0, 0, 0, 0, 0, 0, 0, 0, 0, 0, 0, 0, 0, 0, 0, 0],
 end of file
