fullmaglist 
[21.421052631578945, 21.421052631578945, 21.421052631578945, 21.421052631578945, 21.421052631578945, 21.421052631578945, 21.421052631578945, 21.421052631578945, 21.421052631578945, 21.421052631578945, 21.421052631578945, 21.421052631578945, 21.421052631578945, 21.421052631578945, 21.421052631578945, 21.421052631578945, 21.421052631578945, 21.421052631578945, 21.421052631578945, 21.421052631578945],
 periodlist 
[0.0031622776601683798, 0.0054555947811685199, 0.0094120496726806703, 0.016237767391887217, 0.028013567611988671, 0.048329302385717518, 0.083378222347178912, 0.14384498882876623, 0.24816289228368255, 0.42813323987193919, 0.73861998220793579, 1.2742749857031335, 2.1983926488622894, 3.7926901907322494, 6.5431891297129621, 11.288378916846883, 19.474830399087551, 33.59818286283781, 57.963939533849604, 100.0],
 measuredperiodlist 
[0.0031622768296458701, 0.0055523295348190137, 0.003607319236462321, 0.025690251961493518, 0.028014429095601076, 0.048330283192232697, 0.012338134530897896, 0.019179974198899385, 0.24809878361939905, 0.42795926802836431, 0.73852635247895182, 1.2744201046367507, 2.195720042448702, 3.7998581648192453, 6.5458786348110376, 15.448067274003689, 11.842742052304773, 30.813579040036554, 33.424685238294195, 100.0998336214932],
 siglist 
[0.41869999999999996, 0.4677, 0.8245, 0.11240000000000006, 0.243, 0.9984, 0.8245, 0.03939999999999999, 0.9945, 0.15149999999999997, 0.9995, 0.6075999999999999, 0.9906, 0.8812, 0.9565, 0.7504, 0.9868, 0.9993, 0.9999, 0.9493],
 powerlist 
[0.2667734652599863, 0.26665052812662804, 0.283687766635567, 0.24074020222733142, 0.24575846968455875, 0.32685175980686854, 0.27937262996974582, 0.2406123607726996, 0.31628761271765599, 0.24859837069500113, 0.32875405105115962, 0.2236035322390601, 0.29623250020252417, 0.24895221980396304, 0.25828376847558199, 0.23771804472742189, 0.28623430038028025, 0.30185352662115827, 0.35099492176312386, 0.26989262628880617],
 listnumberlist 
[0, 0, 0, 0, 0, 0, 0, 0, 0, 0, 0, 0, 0, 0, 0, 0, 0, 0, 0, 0],
 end of file
