fullmaglist 
[17.0, 17.0, 17.0, 17.0, 17.0, 17.0, 17.0, 17.0, 17.0, 17.0, 17.0, 17.0, 17.0, 17.0, 17.0, 17.0, 17.0, 17.0, 17.0, 17.0],
 periodlist 
[0.0031622776601683798, 0.0054555947811685199, 0.0094120496726806703, 0.016237767391887217, 0.028013567611988671, 0.048329302385717518, 0.083378222347178912, 0.14384498882876623, 0.24816289228368255, 0.42813323987193919, 0.73861998220793579, 1.2742749857031335, 2.1983926488622894, 3.7926901907322494, 6.5431891297129621, 11.288378916846883, 19.474830399087551, 33.59818286283781, 57.963939533849604, 100.0],
 measuredperiodlist 
[0.0038736143075299863, 0.0054555673798635943, 0.0094151377210779826, 0.01623709094253533, 0.028012867800265455, 0.048329143376826957, 0.083375985921988888, 0.14384006316868528, 0.24818356580629528, 0.42778125631730507, 0.73849175857818916, 1.2752445935975782, 2.1986065679433682, 2.4014985829336672, 6.4817404428111249, 11.226223207046452, 34.06346618967553, 32.652870117493713, 29.434911243907099, 108.63604013098546],
 siglist 
[0.5034000000000001, 0.9975, 0.9833, 0.8539, 0.6052, 0.9525, 0.49239999999999995, 0.9828, 0.9576, 1.0, 0.986, 0.9791, 0.9998, 0.5661, 0.2613, 0.9695, 0.09309999999999996, 0.9998, 0.9998, 0.5900000000000001],
 powerlist 
[0.24744895208402024, 0.30996153905479901, 0.28592360092267405, 0.26327059077105097, 0.2483376761165226, 0.26766405792488318, 0.23732282748578573, 0.27783065655715233, 0.28225451324185169, 0.34103387821204778, 0.25437552859169432, 0.25508566307247016, 0.29406872782706001, 0.21039403010761693, 0.20333341064161189, 0.24686806140984019, 0.19062399941986763, 0.29018606132309921, 0.29977308758724586, 0.21165340457339965],
 listnumberlist 
[0, 0, 0, 0, 0, 0, 0, 0, 0, 0, 0, 0, 0, 0, 0, 0, 0, 0, 0, 0],
 end of file
