fullmaglist 
[21.421052631578945, 21.421052631578945, 21.421052631578945, 21.421052631578945, 21.421052631578945, 21.421052631578945, 21.421052631578945, 21.421052631578945, 21.421052631578945, 21.421052631578945, 21.421052631578945, 21.421052631578945, 21.421052631578945, 21.421052631578945, 21.421052631578945, 21.421052631578945, 21.421052631578945, 21.421052631578945, 21.421052631578945, 21.421052631578945],
 periodlist 
[0.0031622776601683798, 0.0054555947811685199, 0.0094120496726806703, 0.016237767391887217, 0.028013567611988671, 0.048329302385717518, 0.083378222347178912, 0.14384498882876623, 0.24816289228368255, 0.42813323987193919, 0.73861998220793579, 1.2742749857031335, 2.1983926488622894, 3.7926901907322494, 6.5431891297129621, 11.288378916846883, 19.474830399087551, 33.59818286283781, 57.963939533849604, 100.0],
 measuredperiodlist 
[0.0031622902288057997, 0.0054259365593319455, 0.0039563801493819346, 0.016237559739540247, 0.053371748745357522, 0.034833082256106283, 0.033603130406279873, 0.053375191157373617, 0.24833753711827075, 0.36158427105997165, 0.5097868742761239, 0.5097868742761239, 0.56670634945094878, 0.5097868742761239, 0.99827410474171285, 20.228176449204973, 128.34415958381931, 29.938409111920819, 59.262535514395438, 9.8685142948796596],
 siglist 
[0.5581, 0.26849999999999996, 0.30179999999999996, 0.7388, 0.029299999999999993, 0.006199999999999983, 0.37949999999999995, 0.508, 0.865, 0.8865, 0.9934, 0.9919, 0.8998, 0.35040000000000004, 0.8906000000000001, 0.09970000000000001, 0.858, 0.9549, 0.9711, 0.9283],
 powerlist 
[0.29296095687750529, 0.27673224092759197, 0.28815029828281236, 0.28187259831095968, 0.25126572692720928, 0.23378663620328269, 0.27065884479665964, 0.27765463259105722, 0.30453322665839244, 0.32215874678693041, 0.32330632114093444, 0.31727604071068011, 0.27957689639072425, 0.22164915164912299, 0.26189655714403587, 0.20371646142490824, 0.26009983754178068, 0.27495361598599277, 0.2924086904299078, 0.2812371734359409],
 listnumberlist 
[0, 0, 0, 0, 0, 0, 0, 0, 0, 0, 0, 0, 0, 0, 0, 0, 0, 0, 0, 0],
 end of file
