fullmaglist 
[22.894736842105264, 22.894736842105264, 22.894736842105264, 22.894736842105264, 22.894736842105264, 22.894736842105264, 22.894736842105264, 22.894736842105264, 22.894736842105264, 22.894736842105264, 22.894736842105264, 22.894736842105264, 22.894736842105264, 22.894736842105264, 22.894736842105264, 22.894736842105264, 22.894736842105264, 22.894736842105264, 22.894736842105264, 22.894736842105264],
 periodlist 
[0.0031622776601683798, 0.0054555947811685199, 0.0094120496726806703, 0.016237767391887217, 0.028013567611988671, 0.048329302385717518, 0.083378222347178912, 0.14384498882876623, 0.24816289228368255, 0.42813323987193919, 0.73861998220793579, 1.2742749857031335, 2.1983926488622894, 3.7926901907322494, 6.5431891297129621, 11.288378916846883, 19.474830399087551, 33.59818286283781, 57.963939533849604, 100.0],
 measuredperiodlist 
[0.0044730359426218801, 0.0050527135553837307, 0.0036695001580404714, 0.037253871216996172, 0.028013956832104378, 0.049259232368005688, 0.032195736352846782, 0.037254511823082641, 0.24808020433398809, 0.011003562659400079, 0.93349746482479923, 1.5276961164290894, 0.99853646936789664, 1.528264874380207, 0.55071860271140716, 11.342884407182755, 19.503218144467802, 36.998443064845212, 46.204013768103771, 18.534554521110891],
 siglist 
[0.017900000000000027, 0.14239999999999997, 0.11450000000000005, 0.29569999999999996, 0.9024, 0.8445, 0.3569, 0.8014, 0.9872, 0.09730000000000005, 0.4982, 0.9716, 0.9805, 0.9788, 0.7141, 0.9796, 0.9936, 0.9992, 0.8429, 0.9878],
 powerlist 
[0.23476416029043487, 0.2487402386360292, 0.25157656166213088, 0.25130197661995385, 0.27423101466842792, 0.29441550685079515, 0.25089142521567864, 0.27350559279496062, 0.30721055992633806, 0.23756846525790867, 0.2105853041767507, 0.26538998776922823, 0.27462733778091503, 0.26369020460923048, 0.22383481079082862, 0.28407490320782869, 0.29665224839179027, 0.31743364986274381, 0.24817957524194165, 0.28707999069648438],
 listnumberlist 
[0, 0, 0, 0, 0, 0, 0, 0, 0, 0, 0, 0, 0, 0, 0, 0, 0, 0, 0, 0],
 end of file
