fullmaglist 
[17.0, 17.0, 17.0, 17.0, 17.0, 17.0, 17.0, 17.0, 17.0, 17.0, 17.0, 17.0, 17.0, 17.0, 17.0, 17.0, 17.0, 17.0, 17.0, 17.0],
 periodlist 
[0.0031622776601683798, 0.0054555947811685199, 0.0094120496726806703, 0.016237767391887217, 0.028013567611988671, 0.048329302385717518, 0.083378222347178912, 0.14384498882876623, 0.24816289228368255, 0.42813323987193919, 0.73861998220793579, 1.2742749857031335, 2.1983926488622894, 3.7926901907322494, 6.5431891297129621, 11.288378916846883, 19.474830399087551, 33.59818286283781, 57.963939533849604, 100.0],
 measuredperiodlist 
[0.0048960105894452098, 0.0052534695210112586, 0.009412124401441041, 0.042905963768953191, 0.059955332800836342, 0.058547847159351137, 0.010151298222737744, 0.042960172831583834, 0.041141089978215743, 0.044954330064185678, 0.9756909605944043, 1.3937432566187136, 0.61542866354636416, 0.61512867933124871, 4.7573688184268033, 12.958927795828517, 25.438252611234404, 10.075917597345921, 18.5657701838817, 129.79972799334681],
 siglist 
[0.21760000000000002, 0.30269999999999997, 0.9834, 0.8748, 0.7223999999999999, 0.9651, 0.5057, 0.23319999999999996, 0.44630000000000003, 0.6139, 0.9762, 0.9387, 0.9336, 0.9997, 0.9737, 0.7897000000000001, 0.8982, 0.8892, 0.9044, 0.9837],
 powerlist 
[0.38095834995309896, 0.40369178634598152, 0.48086306427675357, 0.41872971534182701, 0.40185607739382534, 0.47345136233891616, 0.36692719692294318, 0.34187714678653175, 0.37237237717257388, 0.39722939390019341, 0.4274750929877375, 0.3848830045720032, 0.3725785608300215, 0.50304529480833904, 0.41593463769898442, 0.32759191345694688, 0.3739222220771965, 0.35938103582722414, 0.36614546342216953, 0.42281085694834769],
 listnumberlist 
[0, 0, 0, 0, 0, 0, 0, 0, 0, 0, 0, 0, 0, 0, 0, 0, 0, 0, 0, 0],
 end of file
