fullmaglist 
[17.36842105263158, 17.36842105263158, 17.36842105263158, 17.36842105263158, 17.36842105263158, 17.36842105263158, 17.36842105263158, 17.36842105263158, 17.36842105263158, 17.36842105263158, 17.36842105263158, 17.36842105263158, 17.36842105263158, 17.36842105263158, 17.36842105263158, 17.36842105263158, 17.36842105263158, 17.36842105263158, 17.36842105263158, 17.36842105263158],
 periodlist 
[0.0031622776601683798, 0.0054555947811685199, 0.0094120496726806703, 0.016237767391887217, 0.028013567611988671, 0.048329302385717518, 0.083378222347178912, 0.14384498882876623, 0.24816289228368255, 0.42813323987193919, 0.73861998220793579, 1.2742749857031335, 2.1983926488622894, 3.7926901907322494, 6.5431891297129621, 11.288378916846883, 19.474830399087551, 33.59818286283781, 57.963939533849604, 100.0],
 measuredperiodlist 
[0.0031622777908902281, 0.0054555946079980905, 0.0094120492919014774, 0.016237772816836728, 0.028013562559542342, 0.048329262469182482, 0.083378256770768697, 0.14384533867066221, 0.24816278061899971, 0.42813707581674504, 0.73861191138308502, 1.2742656546498781, 2.198311210762081, 3.7927180909609679, 6.5431906577239367, 11.286175540106047, 19.476976141724005, 33.599290898438689, 57.964616010931721, 99.959418128500545],
 siglist 
[0.0413, 1.0, 1.0, 1.0, 1.0, 0.9978, 0.42300000000000004, 1.0, 0.7521, 0.9978, 1.0, 1.0, 1.0, 1.0, 1.0, 0.998, 1.0, 1.0, 1.0, 1.0],
 powerlist 
[0.048350047875835508, 0.19921606453229854, 0.090790684705828545, 0.10215204385622925, 0.27325441604668066, 0.066070108698130431, 0.050567602055684405, 0.18416826554583365, 0.052627841646060873, 0.065063191889488184, 0.11992033591765945, 0.095860314179503095, 0.1517207094738684, 0.073718978202708174, 0.088602465928267232, 0.059114513023530907, 0.069712621422067717, 0.15154873871811778, 0.12186912133738056, 0.22698252901697968],
 listnumberlist 
[0, 0, 0, 0, 0, 0, 0, 0, 0, 0, 0, 0, 0, 0, 0, 0, 0, 0, 0, 0],
 end of file
