fullmaglist 
[17.736842105263158, 17.736842105263158, 17.736842105263158, 17.736842105263158, 17.736842105263158, 17.736842105263158, 17.736842105263158, 17.736842105263158, 17.736842105263158, 17.736842105263158, 17.736842105263158, 17.736842105263158, 17.736842105263158, 17.736842105263158, 17.736842105263158, 17.736842105263158, 17.736842105263158, 17.736842105263158, 17.736842105263158, 17.736842105263158],
 periodlist 
[0.0031622776601683798, 0.0054555947811685199, 0.0094120496726806703, 0.016237767391887217, 0.028013567611988671, 0.048329302385717518, 0.083378222347178912, 0.14384498882876623, 0.24816289228368255, 0.42813323987193919, 0.73861998220793579, 1.2742749857031335, 2.1983926488622894, 3.7926901907322494, 6.5431891297129621, 11.288378916846883, 19.474830399087551, 33.59818286283781, 57.963939533849604, 100.0],
 measuredperiodlist 
[0.0031722874970636925, 0.0030020830987504592, 0.0094120969883177575, 0.016237484107207888, 0.028013459264469475, 0.046094985177642059, 0.10614812366660314, 0.15253855836358374, 0.45439739094992232, 0.45408132813987556, 0.73807194878279392, 1.2736187708002931, 0.95430601781670854, 0.76271988531200274, 6.4743473417544077, 22.732145438329372, 18.602631610354631, 22.210111355165093, 23.203463362866987, 22.732145438329372],
 siglist 
[0.006900000000000017, 0.07569999999999999, 0.9949, 1.0, 0.7978000000000001, 0.9341, 0.024499999999999966, 0.8326, 0.0007000000000000339, 0.7951, 0.9982, 0.9994, 0.7269, 0.8246, 0.9572, 0.9544, 0.7737, 0.7812, 0.6333, 0.9921],
 powerlist 
[0.21546674740219993, 0.22199619829456774, 0.30652577052429464, 0.31406385055565389, 0.24567461426674508, 0.26038618789081164, 0.20967923795583232, 0.25038827867164254, 0.20125072908964933, 0.24508040829414746, 0.27422451716649487, 0.28146984179354184, 0.21014828376105271, 0.22028528082082049, 0.23514663471913133, 0.24246159678570661, 0.22459859901987986, 0.21400038647961847, 0.20225738280992178, 0.25800929731575484],
 listnumberlist 
[0, 0, 0, 0, 0, 0, 0, 0, 0, 0, 0, 0, 0, 0, 0, 0, 0, 0, 0, 0],
 end of file
