fullmaglist 
[22.157894736842106, 22.157894736842106, 22.157894736842106, 22.157894736842106, 22.157894736842106, 22.157894736842106, 22.157894736842106, 22.157894736842106, 22.157894736842106, 22.157894736842106, 22.157894736842106, 22.157894736842106, 22.157894736842106, 22.157894736842106, 22.157894736842106, 22.157894736842106, 22.157894736842106, 22.157894736842106, 22.157894736842106, 22.157894736842106],
 periodlist 
[0.0031622776601683798, 0.0054555947811685199, 0.0094120496726806703, 0.016237767391887217, 0.028013567611988671, 0.048329302385717518, 0.083378222347178912, 0.14384498882876623, 0.24816289228368255, 0.42813323987193919, 0.73861998220793579, 1.2742749857031335, 2.1983926488622894, 3.7926901907322494, 6.5431891297129621, 11.288378916846883, 19.474830399087551, 33.59818286283781, 57.963939533849604, 100.0],
 measuredperiodlist 
[0.0037743285465482116, 0.0033866905147856602, 0.0075550361754087294, 0.016238323259908743, 0.019971306768012363, 0.011093079910254018, 0.083366977472897091, 0.011859936129828146, 0.33594477160420488, 0.0535992740660668, 0.73802278109826092, 0.57810085072031447, 2.2011382286142842, 3.7900559671666723, 8.8422507693300876, 11.365242692615139, 14.887570276504936, 12.130459347886179, 9.7828698020100173, 9.7828698020100173],
 siglist 
[0.5423, 0.1743, 0.8857, 0.7981, 0.3395, 0.1643, 0.16959999999999997, 0.2953, 0.02290000000000003, 0.13229999999999997, 0.6027, 0.42910000000000004, 0.47450000000000003, 0.4757, 0.3046, 0.6696, 0.36219999999999997, 0.9096, 0.1996, 0.9984],
 powerlist 
[0.29878397482074504, 0.28427690483233792, 0.3211899602261496, 0.30158238098883805, 0.28070750816705675, 0.27446445860734969, 0.26952697753550081, 0.2741614643019385, 0.27932067417673284, 0.27174663109419528, 0.26097269580210464, 0.24336528399199781, 0.24960771270915855, 0.2652616471566257, 0.23674597177472012, 0.2576256330609743, 0.23936397746889954, 0.28956539805627818, 0.23838046806437574, 0.34328036988276472],
 listnumberlist 
[0, 0, 0, 0, 0, 0, 0, 0, 0, 0, 0, 0, 0, 0, 0, 0, 0, 0, 0, 0],
 end of file
