fullmaglist 
[17.736842105263158, 17.736842105263158, 17.736842105263158, 17.736842105263158, 17.736842105263158, 17.736842105263158, 17.736842105263158, 17.736842105263158, 17.736842105263158, 17.736842105263158, 17.736842105263158, 17.736842105263158, 17.736842105263158, 17.736842105263158, 17.736842105263158, 17.736842105263158, 17.736842105263158, 17.736842105263158, 17.736842105263158, 17.736842105263158],
 periodlist 
[0.0031622776601683798, 0.0054555947811685199, 0.0094120496726806703, 0.016237767391887217, 0.028013567611988671, 0.048329302385717518, 0.083378222347178912, 0.14384498882876623, 0.24816289228368255, 0.42813323987193919, 0.73861998220793579, 1.2742749857031335, 2.1983926488622894, 3.7926901907322494, 6.5431891297129621, 11.288378916846883, 19.474830399087551, 33.59818286283781, 57.963939533849604, 100.0],
 measuredperiodlist 
[0.0031622663181903872, 0.0054556172983159937, 0.0094120022935505771, 0.016237695254837394, 0.028012478696059773, 0.048329586599862327, 0.083374960465552692, 0.14385106109578194, 0.24814205362397396, 0.42803727940747471, 0.73881228836740831, 1.2749066592416449, 2.1888383791859947, 3.7909579745113797, 6.5117142514411288, 32.671928159097426, 20.612421504648484, 30.313890966990456, 30.313890966990456, 91.092362364882973],
 siglist 
[0.030399999999999983, 1.0, 0.997, 0.9998, 0.9999, 0.9997, 0.9989, 0.9999, 0.8834, 0.9996, 0.9927, 0.9991, 0.9328, 0.9999, 0.8065, 0.9549, 0.9965, 1.0, 0.9998, 0.9998],
 powerlist 
[0.22317923822792984, 0.3476739548732839, 0.2969125890151067, 0.34552687697665985, 0.33030188843227859, 0.33835417492232606, 0.30009665265821589, 0.32835906766109085, 0.25683239596866247, 0.32813469381344162, 0.26201079073650074, 0.28596636183840574, 0.24142129050413091, 0.3285189624035833, 0.24369466936739223, 0.24357849112493893, 0.26673859402178268, 0.37031740932915624, 0.29853580588795703, 0.29752454805265521],
 listnumberlist 
[0, 0, 0, 0, 0, 0, 0, 0, 0, 0, 0, 0, 0, 0, 0, 0, 0, 0, 0, 0],
 end of file
