fullmaglist 
[20.684210526315788, 20.684210526315788, 20.684210526315788, 20.684210526315788, 20.684210526315788, 20.684210526315788, 20.684210526315788, 20.684210526315788, 20.684210526315788, 20.684210526315788, 20.684210526315788, 20.684210526315788, 20.684210526315788, 20.684210526315788, 20.684210526315788, 20.684210526315788, 20.684210526315788, 20.684210526315788, 20.684210526315788, 20.684210526315788],
 periodlist 
[0.0031622776601683798, 0.0054555947811685199, 0.0094120496726806703, 0.016237767391887217, 0.028013567611988671, 0.048329302385717518, 0.083378222347178912, 0.14384498882876623, 0.24816289228368255, 0.42813323987193919, 0.73861998220793579, 1.2742749857031335, 2.1983926488622894, 3.7926901907322494, 6.5431891297129621, 11.288378916846883, 19.474830399087551, 33.59818286283781, 57.963939533849604, 100.0],
 measuredperiodlist 
[0.0034847109376548537, 0.0033360100827060399, 0.0068804725159536334, 0.017177289919388605, 0.017541815356117523, 0.050105113330323588, 0.064977287522995295, 0.026228025099972026, 0.017707429230614323, 0.012010210388981542, 1.8978786675751842, 1.7151853870197233, 0.75046167713762069, 0.73469891183459646, 5.5403051916471187, 13.872664701794831, 19.297760988490001, 31.02966675324792, 50.423252340317596, 18.345483388899851],
 siglist 
[0.17669999999999997, 0.38580000000000003, 0.28090000000000004, 0.742, 0.23509999999999998, 0.7532, 0.247, 0.5208999999999999, 0.12270000000000003, 0.30720000000000003, 0.7202999999999999, 0.7662, 0.7001, 0.6013, 0.8280000000000001, 0.6601, 0.754, 0.8884, 0.7852, 0.958],
 powerlist 
[0.38387002032245687, 0.39834462229387613, 0.38212622626838366, 0.42814834563504167, 0.36410888579288581, 0.46540546689261009, 0.38747746286169449, 0.39342291155011699, 0.35587335412759957, 0.37191552711715942, 0.3417817748176642, 0.33773706650179125, 0.35406945991675159, 0.35687747029476097, 0.3978885686008925, 0.33769097976149975, 0.38208137447787688, 0.36480021948468205, 0.36082266346336633, 0.4277463027760805],
 listnumberlist 
[0, 0, 0, 0, 0, 0, 0, 0, 0, 0, 0, 0, 0, 0, 0, 0, 0, 0, 0, 0],
 end of file
