fullmaglist 
[22.894736842105264, 22.894736842105264, 22.894736842105264, 22.894736842105264, 22.894736842105264, 22.894736842105264, 22.894736842105264, 22.894736842105264, 22.894736842105264, 22.894736842105264, 22.894736842105264, 22.894736842105264, 22.894736842105264, 22.894736842105264, 22.894736842105264, 22.894736842105264, 22.894736842105264, 22.894736842105264, 22.894736842105264, 22.894736842105264],
 periodlist 
[0.0031622776601683798, 0.0054555947811685199, 0.0094120496726806703, 0.016237767391887217, 0.028013567611988671, 0.048329302385717518, 0.083378222347178912, 0.14384498882876623, 0.24816289228368255, 0.42813323987193919, 0.73861998220793579, 1.2742749857031335, 2.1983926488622894, 3.7926901907322494, 6.5431891297129621, 11.288378916846883, 19.474830399087551, 33.59818286283781, 57.963939533849604, 100.0],
 measuredperiodlist 
[0.005062356800051333, 0.0054865454711837836, 0.009120377187528797, 0.016505689859084623, 0.079133831019903525, 0.046097689176423436, 0.073318190498328231, 0.2043353848379279, 0.38500348617720886, 0.2784557479768805, 0.64544229792457131, 1.2699003412474341, 2.4294855436008436, 0.88393446465112413, 1.2876864353876347, 16.307070723243417, 16.307070723243417, 16.010776262293547, 16.010776262293547, 15.674199889347459],
 siglist 
[0.9195, 0.718, 0.48750000000000004, 0.9718, 0.5257000000000001, 0.8144, 0.9739, 0.8464, 0.9096, 0.9273, 0.8686, 0.9952, 0.9987, 0.9928, 0.5869, 0.9506, 0.6033999999999999, 0.991, 0.9643, 0.8339],
 powerlist 
[0.32567172805408728, 0.29542552114680076, 0.28163902923273121, 0.32793961673162064, 0.27818873472605998, 0.29230153907548095, 0.32711959760477627, 0.29758519278704854, 0.30539451831323833, 0.31106175518108981, 0.26063811828592931, 0.31838790523731275, 0.33034827144898521, 0.30383574221404297, 0.23121824210795683, 0.27745667931250895, 0.23270408893114697, 0.31484895999416584, 0.28080324037628945, 0.25863761726557549],
 listnumberlist 
[0, 0, 0, 0, 0, 0, 0, 0, 0, 0, 0, 0, 0, 0, 0, 0, 0, 0, 0, 0],
 end of file
