fullmaglist 
[20.684210526315788, 20.684210526315788, 20.684210526315788, 20.684210526315788, 20.684210526315788, 20.684210526315788, 20.684210526315788, 20.684210526315788, 20.684210526315788, 20.684210526315788, 20.684210526315788, 20.684210526315788, 20.684210526315788, 20.684210526315788, 20.684210526315788, 20.684210526315788, 20.684210526315788, 20.684210526315788, 20.684210526315788, 20.684210526315788],
 periodlist 
[0.0031622776601683798, 0.0054555947811685199, 0.0094120496726806703, 0.016237767391887217, 0.028013567611988671, 0.048329302385717518, 0.083378222347178912, 0.14384498882876623, 0.24816289228368255, 0.42813323987193919, 0.73861998220793579, 1.2742749857031335, 2.1983926488622894, 3.7926901907322494, 6.5431891297129621, 11.288378916846883, 19.474830399087551, 33.59818286283781, 57.963939533849604, 100.0],
 measuredperiodlist 
[0.0031622676397557127, 0.0054555803228996886, 0.0042334111717957871, 0.016237793746641836, 0.028962504509906235, 0.046096639710744021, 0.070577108062014102, 0.1438203039290451, 0.057899885173526788, 0.42814519403844664, 0.56365841143248308, 2.5597687184010818, 2.1862283308297399, 3.7962444827942181, 8.4967278369187582, 32.489962240103004, 19.583878337891491, 23.203463362866987, 19.549667886524055, 104.56733260648207],
 siglist 
[0.6617, 0.9955, 0.02949999999999997, 0.9967, 0.4294, 0.9475, 0.46950000000000003, 0.7079, 0.0017000000000000348, 0.9761, 0.9999, 0.9998, 0.9649, 0.8902, 0.9994, 0.9307, 0.9999, 0.9835, 0.9921, 0.9992],
 powerlist 
[0.26289054763303676, 0.29926457405240542, 0.23003524563449756, 0.29268825290792483, 0.23712908737693608, 0.26747634931266406, 0.22999051935830214, 0.24977309220542737, 0.20609756393191042, 0.27767413373936933, 0.3035430626808025, 0.30008818742621984, 0.24598494581126051, 0.23288280936073927, 0.28483115217222732, 0.23044454408757983, 0.31473628515875851, 0.24608874705076431, 0.25474081838898471, 0.28254998022306843],
 listnumberlist 
[0, 0, 0, 0, 0, 0, 0, 0, 0, 0, 0, 0, 0, 0, 0, 0, 0, 0, 0, 0],
 end of file
