fullmaglist 
[23.63157894736842, 23.63157894736842, 23.63157894736842, 23.63157894736842, 23.63157894736842, 23.63157894736842, 23.63157894736842, 23.63157894736842, 23.63157894736842, 23.63157894736842, 23.63157894736842, 23.63157894736842, 23.63157894736842, 23.63157894736842, 23.63157894736842, 23.63157894736842, 23.63157894736842, 23.63157894736842, 23.63157894736842, 23.63157894736842],
 periodlist 
[0.0031622776601683798, 0.0054555947811685199, 0.0094120496726806703, 0.016237767391887217, 0.028013567611988671, 0.048329302385717518, 0.083378222347178912, 0.14384498882876623, 0.24816289228368255, 0.42813323987193919, 0.73861998220793579, 1.2742749857031335, 2.1983926488622894, 3.7926901907322494, 6.5431891297129621, 11.288378916846883, 19.474830399087551, 33.59818286283781, 57.963939533849604, 100.0],
 measuredperiodlist 
[0.0040592161164446526, 0.011216893668280914, 0.0038943790553216721, 0.016901237837646532, 0.01398581516351116, 0.045995335038035205, 0.076946215090253234, 0.021870855259659802, 0.032189935032571088, 0.011231199762117712, 1.0125106798273493, 1.2736871393567966, 0.52064043192326259, 2.9869153777979305, 0.71402207949354246, 22.195371341776784, 19.4816452381829, 36.136856103874386, 65.733187398759128, 21.641226428601609],
 siglist 
[0.5017, 0.23250000000000004, 0.14449999999999996, 0.511, 0.46530000000000005, 0.32830000000000004, 0.1644, 0.3458, 0.15459999999999996, 0.3911, 0.05049999999999999, 0.8286, 0.28959999999999997, 0.8597, 0.9939, 0.35440000000000005, 0.2782, 0.2521, 0.6936, 0.11260000000000003],
 powerlist 
[0.28900046913404298, 0.28006593191634144, 0.27234870660754928, 0.28340319023189658, 0.27348719356150042, 0.27314266538855247, 0.26055021783041671, 0.26707766133042365, 0.25652267115751193, 0.2839685679411969, 0.19609676436314255, 0.2570031806387007, 0.24373419578149069, 0.27343990074686558, 0.32029155093283035, 0.23656745494404305, 0.23884136198569644, 0.21556736466845036, 0.24623104380464986, 0.20956307236799607],
 listnumberlist 
[0, 0, 0, 0, 0, 0, 0, 0, 0, 0, 0, 0, 0, 0, 0, 0, 0, 0, 0, 0],
 end of file
