fullmaglist 
[18.473684210526315, 18.473684210526315, 18.473684210526315, 18.473684210526315, 18.473684210526315, 18.473684210526315, 18.473684210526315, 18.473684210526315, 18.473684210526315, 18.473684210526315, 18.473684210526315, 18.473684210526315, 18.473684210526315, 18.473684210526315, 18.473684210526315, 18.473684210526315, 18.473684210526315, 18.473684210526315, 18.473684210526315, 18.473684210526315],
 periodlist 
[0.0031622776601683798, 0.0054555947811685199, 0.0094120496726806703, 0.016237767391887217, 0.028013567611988671, 0.048329302385717518, 0.083378222347178912, 0.14384498882876623, 0.24816289228368255, 0.42813323987193919, 0.73861998220793579, 1.2742749857031335, 2.1983926488622894, 3.7926901907322494, 6.5431891297129621, 11.288378916846883, 19.474830399087551, 33.59818286283781, 57.963939533849604, 100.0],
 measuredperiodlist 
[0.0031522914722760865, 0.0054556251551112081, 0.0034205350298841712, 0.011426057320501573, 0.028493590895968986, 0.04832807353958634, 0.029825942943852688, 0.15516406573931973, 0.19873546599345981, 0.42751667405698168, 0.7729242118704065, 5.4817361288625905, 1.6406772707190918, 2.4800288994319399, 1.1774635685275008, 11.089605149461137, 12.818961554170835, 33.895741134218788, 23.658959275231823, 23.203463362866987],
 siglist 
[0.0006000000000000449, 0.9997, 0.4567, 0.8247, 0.4488, 0.9006, 0.23260000000000003, 0.9814, 0.9893, 0.5121, 0.9983, 0.9996, 0.792, 0.9823, 0.9999, 0.9795, 0.9998, 0.9965, 0.9997, 0.9998],
 powerlist 
[0.2177898611672508, 0.36423771877406264, 0.24967449525539734, 0.2701708304575503, 0.24097215023102184, 0.26113149871464542, 0.25365874543952138, 0.28298165865966241, 0.27700421017368626, 0.24280725728767841, 0.28561654967355421, 0.30605110281761799, 0.25367396586374585, 0.26505649671351555, 0.3194431344207837, 0.28308790108842752, 0.33012078147757995, 0.28439395714834692, 0.30494943416922654, 0.33423406570065772],
 listnumberlist 
[0, 0, 0, 0, 0, 0, 0, 0, 0, 0, 0, 0, 0, 0, 0, 0, 0, 0, 0, 0],
 end of file
