fullmaglist 
[21.789473684210527, 21.789473684210527, 21.789473684210527, 21.789473684210527, 21.789473684210527, 21.789473684210527, 21.789473684210527, 21.789473684210527, 21.789473684210527, 21.789473684210527, 21.789473684210527, 21.789473684210527, 21.789473684210527, 21.789473684210527, 21.789473684210527, 21.789473684210527, 21.789473684210527, 21.789473684210527, 21.789473684210527, 21.789473684210527],
 periodlist 
[0.0031622776601683798, 0.0054555947811685199, 0.0094120496726806703, 0.016237767391887217, 0.028013567611988671, 0.048329302385717518, 0.083378222347178912, 0.14384498882876623, 0.24816289228368255, 0.42813323987193919, 0.73861998220793579, 1.2742749857031335, 2.1983926488622894, 3.7926901907322494, 6.5431891297129621, 11.288378916846883, 19.474830399087551, 33.59818286283781, 57.963939533849604, 100.0],
 measuredperiodlist 
[0.0094611201002021486, 0.0053953137386702939, 0.0067843789017424123, 0.015873322544799159, 0.030006160316435191, 0.015757692252629213, 0.01006844257876539, 0.13071212791914488, 0.067542031261205199, 0.36453185958453643, 0.54050335240624126, 0.70668584902810572, 2.9640260082304346, 2.1285488881923946, 0.61271228977944081, 13.642726004576838, 23.203463362866987, 33.895741134218788, 29.404590217944925, 85.60020377102974],
 siglist 
[0.9505, 0.27390000000000003, 0.6174, 0.4355, 0.33640000000000003, 0.01770000000000005, 0.6849000000000001, 0.5751, 0.0009000000000000119, 0.8852, 0.8163, 0.9742999999999999, 0.3557, 0.964, 0.9968, 0.7185, 0.654, 0.2621, 0.09330000000000005, 1.0],
 powerlist 
[0.28235309712752465, 0.25640640322823344, 0.26546353999861066, 0.27465104702379162, 0.23767751992234093, 0.2288662504135941, 0.25565280081832653, 0.25853285392016001, 0.24398607856363744, 0.27543020072900115, 0.25488612804608307, 0.31041266956766306, 0.20667072738491882, 0.30017870115642026, 0.28675196474572701, 0.22717683283814311, 0.24914743687883134, 0.20206274930005555, 0.21142913467115979, 0.32509210749095213],
 listnumberlist 
[0, 0, 0, 0, 0, 0, 0, 0, 0, 0, 0, 0, 0, 0, 0, 0, 0, 0, 0, 0],
 end of file
