fullmaglist 
[20.684210526315788, 20.684210526315788, 20.684210526315788, 20.684210526315788, 20.684210526315788, 20.684210526315788, 20.684210526315788, 20.684210526315788, 20.684210526315788, 20.684210526315788, 20.684210526315788, 20.684210526315788, 20.684210526315788, 20.684210526315788, 20.684210526315788, 20.684210526315788, 20.684210526315788, 20.684210526315788, 20.684210526315788, 20.684210526315788],
 periodlist 
[0.0031622776601683798, 0.0054555947811685199, 0.0094120496726806703, 0.016237767391887217, 0.028013567611988671, 0.048329302385717518, 0.083378222347178912, 0.14384498882876623, 0.24816289228368255, 0.42813323987193919, 0.73861998220793579, 1.2742749857031335, 2.1983926488622894, 3.7926901907322494, 6.5431891297129621, 11.288378916846883, 19.474830399087551, 33.59818286283781, 57.963939533849604, 100.0],
 measuredperiodlist 
[0.0031104888579957545, 0.0031057184662371708, 0.009412066335836463, 0.015978187177756502, 0.02882222904495774, 0.048330643479718403, 0.13284191316505448, 0.20607003029771889, 0.11211386174737835, 0.31332187146299983, 0.73760771533583425, 1.2752857125514838, 0.5373247736360991, 1.0004071207388385, 6.511211209748172, 11.031237883089355, 27.96121252828803, 11.547016235772276, 27.96121252828803, 88.928502705345963],
 siglist 
[0.9816, 0.06730000000000003, 0.7172000000000001, 0.9998, 0.9958, 0.9984, 0.37470000000000003, 0.3046, 0.9561, 0.839, 1.0, 1.0, 0.9984, 0.2098, 0.9898, 0.9961, 0.8787, 0.9991, 0.9989, 0.9983],
 powerlist 
[0.27832105785418892, 0.2303890184808203, 0.25861487924053445, 0.32813670124404487, 0.29614787517067392, 0.3077742449005853, 0.23397161566793567, 0.22778573816740702, 0.27732274213770197, 0.25498334948337265, 0.4287329985564825, 0.37077263283163198, 0.28537227896393014, 0.18613160192925143, 0.2471990608363771, 0.2936755559852236, 0.22436301039580608, 0.26874133239924924, 0.27883598353114847, 0.28046895768475016],
 listnumberlist 
[0, 0, 0, 0, 0, 0, 0, 0, 0, 0, 0, 0, 0, 0, 0, 0, 0, 0, 0, 0],
 end of file
