fullmaglist 
[19.94736842105263, 19.94736842105263, 19.94736842105263, 19.94736842105263, 19.94736842105263, 19.94736842105263, 19.94736842105263, 19.94736842105263, 19.94736842105263, 19.94736842105263, 19.94736842105263, 19.94736842105263, 19.94736842105263, 19.94736842105263, 19.94736842105263, 19.94736842105263, 19.94736842105263, 19.94736842105263, 19.94736842105263, 19.94736842105263],
 periodlist 
[0.0031622776601683798, 0.0054555947811685199, 0.0094120496726806703, 0.016237767391887217, 0.028013567611988671, 0.048329302385717518, 0.083378222347178912, 0.14384498882876623, 0.24816289228368255, 0.42813323987193919, 0.73861998220793579, 1.2742749857031335, 2.1983926488622894, 3.7926901907322494, 6.5431891297129621, 11.288378916846883, 19.474830399087551, 33.59818286283781, 57.963939533849604, 100.0],
 measuredperiodlist 
[0.0031622777768920648, 0.0054555945918968356, 0.0094120492568668078, 0.016237766429729985, 0.028013561659919122, 0.048329283876553948, 0.083378221411018374, 0.14384484588490629, 0.24816232463466761, 0.42813375717779362, 0.73862583492057021, 1.2742747371177019, 2.1984292295946215, 3.7926323302810681, 6.5433271042478989, 11.284468858832495, 19.471702753404802, 33.596547494271533, 58.014241738577958, 99.713393403281174],
 siglist 
[0.013800000000000034, 1.0, 1.0, 1.0, 1.0, 1.0, 1.0, 1.0, 1.0, 1.0, 1.0, 1.0, 1.0, 1.0, 1.0, 1.0, 1.0, 1.0, 1.0, 1.0],
 powerlist 
[0.047872124972335166, 0.17035446633928411, 0.18495992947148879, 0.16773112967404077, 0.24741239974039064, 0.098229717388232524, 0.089876847481151073, 0.13790678211279037, 0.11234399435397927, 0.16571191280326253, 0.13833845462092112, 0.18263387200729131, 0.11411846950148125, 0.17258244309065437, 0.18824904229651457, 0.11323319477400627, 0.13305563035400469, 0.21064454637230828, 0.16867116048868461, 0.21142104610983653],
 listnumberlist 
[0, 0, 0, 0, 0, 0, 0, 0, 0, 0, 0, 0, 0, 0, 0, 0, 0, 0, 0, 0],
 end of file
