fullmaglist 
[22.526315789473685, 22.526315789473685, 22.526315789473685, 22.526315789473685, 22.526315789473685, 22.526315789473685, 22.526315789473685, 22.526315789473685, 22.526315789473685, 22.526315789473685, 22.526315789473685, 22.526315789473685, 22.526315789473685, 22.526315789473685, 22.526315789473685, 22.526315789473685, 22.526315789473685, 22.526315789473685, 22.526315789473685, 22.526315789473685],
 periodlist 
[0.0031622776601683798, 0.0054555947811685199, 0.0094120496726806703, 0.016237767391887217, 0.028013567611988671, 0.048329302385717518, 0.083378222347178912, 0.14384498882876623, 0.24816289228368255, 0.42813323987193919, 0.73861998220793579, 1.2742749857031335, 2.1983926488622894, 3.7926901907322494, 6.5431891297129621, 11.288378916846883, 19.474830399087551, 33.59818286283781, 57.963939533849604, 100.0],
 measuredperiodlist 
[0.0056378436454866199, 0.0036893708053836842, 0.0039179389412801928, 0.016238006145729886, 0.037209667579024233, 0.048330021813024551, 0.083379939325277486, 0.014034243078001761, 0.034477874583634584, 0.015722277001890245, 0.73852344677108417, 1.2704754819383721, 2.2943401325902126, 3.7884297231771242, 6.5362816239253219, 22.821913024779828, 29.054033903247767, 17.91702821970085, 70.265437063488136, 22.821913024779828],
 siglist 
[0.7578, 0.617, 0.8271, 1.0, 0.6039, 0.9996, 0.9572, 0.9851, 0.8299, 0.9802, 0.9998, 0.8579, 0.8754, 0.9971, 0.9975, 0.18279999999999996, 0.8578, 0.9498, 0.9095, 0.8311999999999999],
 powerlist 
[0.32700118527759364, 0.30551196148004234, 0.30687521569221921, 0.40085762063686875, 0.29320327331999974, 0.40046750779193879, 0.32129000369692129, 0.34754131948714995, 0.30248956608697897, 0.32068554275423827, 0.36694546570777309, 0.26359130987013712, 0.27279431411146937, 0.33047098392143476, 0.32162911429961627, 0.23738050245251122, 0.2648851578793131, 0.2803327413938273, 0.27849935061609915, 0.26559767064682233],
 listnumberlist 
[0, 0, 0, 0, 0, 0, 0, 0, 0, 0, 0, 0, 0, 0, 0, 0, 0, 0, 0, 0],
 end of file
