fullmaglist 
[22.157894736842106, 22.157894736842106, 22.157894736842106, 22.157894736842106, 22.157894736842106, 22.157894736842106, 22.157894736842106, 22.157894736842106, 22.157894736842106, 22.157894736842106, 22.157894736842106, 22.157894736842106, 22.157894736842106, 22.157894736842106, 22.157894736842106, 22.157894736842106, 22.157894736842106, 22.157894736842106, 22.157894736842106, 22.157894736842106],
 periodlist 
[0.0031622776601683798, 0.0054555947811685199, 0.0094120496726806703, 0.016237767391887217, 0.028013567611988671, 0.048329302385717518, 0.083378222347178912, 0.14384498882876623, 0.24816289228368255, 0.42813323987193919, 0.73861998220793579, 1.2742749857031335, 2.1983926488622894, 3.7926901907322494, 6.5431891297129621, 11.288378916846883, 19.474830399087551, 33.59818286283781, 57.963939533849604, 100.0],
 measuredperiodlist 
[0.0030159141265855339, 0.0037335689397885599, 0.0094120331383739028, 0.016237675403794845, 0.075438538278678011, 0.06460947156825339, 0.013675402638816211, 0.010495421896776923, 0.24816204755328442, 0.42806674795237237, 0.50005550305464064, 1.2741316495258006, 2.1932006192394207, 3.7648618526762521, 0.50880642361065498, 11.356693972141986, 19.64866480008245, 30.332866810585539, 58.492173070474948, 20.657988750317418],
 siglist 
[0.13190000000000002, 0.3258, 0.8477, 0.9859, 0.026800000000000046, 0.022800000000000042, 0.8438, 0.8636, 0.9613, 0.9788, 0.0027000000000000357, 0.9277, 0.6108, 0.9442, 0.016800000000000037, 0.5920000000000001, 0.32020000000000004, 0.7937, 0.2632, 0.008499999999999952],
 powerlist 
[0.25214599562232426, 0.25739107506774672, 0.283441331792676, 0.3058022018809059, 0.23877237831492326, 0.23724079149019087, 0.27250399690886906, 0.27519601357313811, 0.29533353423650843, 0.29480044185130683, 0.18695261052419135, 0.24730301522739945, 0.22217596585608937, 0.24897714041425781, 0.19245438675105292, 0.22460602820456441, 0.21467087961143674, 0.23727507222135089, 0.20988136272604982, 0.18787146625852566],
 listnumberlist 
[0, 0, 0, 0, 0, 0, 0, 0, 0, 0, 0, 0, 0, 0, 0, 0, 0, 0, 0, 0],
 end of file
