fullmaglist 
[17.36842105263158, 17.36842105263158, 17.36842105263158, 17.36842105263158, 17.36842105263158, 17.36842105263158, 17.36842105263158, 17.36842105263158, 17.36842105263158, 17.36842105263158, 17.36842105263158, 17.36842105263158, 17.36842105263158, 17.36842105263158, 17.36842105263158, 17.36842105263158, 17.36842105263158, 17.36842105263158, 17.36842105263158, 17.36842105263158],
 periodlist 
[0.0031622776601683798, 0.0054555947811685199, 0.0094120496726806703, 0.016237767391887217, 0.028013567611988671, 0.048329302385717518, 0.083378222347178912, 0.14384498882876623, 0.24816289228368255, 0.42813323987193919, 0.73861998220793579, 1.2742749857031335, 2.1983926488622894, 3.7926901907322494, 6.5431891297129621, 11.288378916846883, 19.474830399087551, 33.59818286283781, 57.963939533849604, 100.0],
 measuredperiodlist 
[0.0052470446501383643, 0.0043633384250355003, 0.0057836947087832376, 0.052796157182694377, 0.028013356108047002, 0.048606138409786726, 0.012079342344371399, 0.010266843477704584, 0.054123106063611606, 0.048601501065594507, 1.1707566554225022, 9.9820228603779206, 2.0452679212036209, 1.0764726230914459, 1.1818707350582325, 10.902917886653617, 41.290063135671268, 9.9781420890721648, 119.21028455622046, 137.17501034559325],
 siglist 
[0.8846, 0.3518, 0.8513999999999999, 0.02859999999999996, 0.39370000000000005, 0.3163, 0.8197, 0.9254, 0.5141, 0.4606, 0.7935, 0.9066, 0.7574, 0.34530000000000005, 0.7347, 0.6597999999999999, 0.8108, 0.1351, 0.07069999999999999, 0.8965],
 powerlist 
[0.43875963385296546, 0.38945264157079001, 0.43018109720532582, 0.32146367742432858, 0.36953259125116855, 0.35823518910906482, 0.41357071271609019, 0.42738473171651925, 0.37702454474298719, 0.37100070189268242, 0.34261042131196895, 0.35962211365725527, 0.3306905954721483, 0.279190149828551, 0.32496904026191453, 0.31338494276165663, 0.34285866381058683, 0.24695304807876409, 0.22841654116803772, 0.35599381466475544],
 listnumberlist 
[0, 0, 0, 0, 0, 0, 0, 0, 0, 0, 0, 0, 0, 0, 0, 0, 0, 0, 0, 0],
 end of file
