fullmaglist 
[18.842105263157894, 18.842105263157894, 18.842105263157894, 18.842105263157894, 18.842105263157894, 18.842105263157894, 18.842105263157894, 18.842105263157894, 18.842105263157894, 18.842105263157894, 18.842105263157894, 18.842105263157894, 18.842105263157894, 18.842105263157894, 18.842105263157894, 18.842105263157894, 18.842105263157894, 18.842105263157894, 18.842105263157894, 18.842105263157894],
 periodlist 
[0.0031622776601683798, 0.0054555947811685199, 0.0094120496726806703, 0.016237767391887217, 0.028013567611988671, 0.048329302385717518, 0.083378222347178912, 0.14384498882876623, 0.24816289228368255, 0.42813323987193919, 0.73861998220793579, 1.2742749857031335, 2.1983926488622894, 3.7926901907322494, 6.5431891297129621, 11.288378916846883, 19.474830399087551, 33.59818286283781, 57.963939533849604, 100.0],
 measuredperiodlist 
[0.00781612670220635, 0.0042004837186079913, 0.0040877020953934513, 0.016238172718544722, 0.028014811633011619, 0.048329646014116268, 0.029711991790459299, 0.14383144917236904, 0.030363316517906028, 0.42788656766686611, 0.73856669824017562, 0.84807072991313448, 2.192664978685801, 3.779284007246702, 6.5274885809350014, 22.602014653958587, 10.500105163773421, 18.28627901996683, 18.28627901996683, 22.602014653958587],
 siglist 
[0.28690000000000004, 0.43510000000000004, 0.8013, 0.9894, 0.9937, 0.925, 0.7295, 0.9985, 0.4685, 0.916, 0.9277, 0.9985, 0.3356, 0.7723, 0.9776, 0.6626000000000001, 0.847, 0.9709, 0.9991, 0.8955],
 powerlist 
[0.2391479236057876, 0.25087762442614542, 0.25265054777254814, 0.29426262417457349, 0.28566045405782248, 0.25352449972354135, 0.24957999108645509, 0.31730687591561624, 0.23690615343628557, 0.25206885504126791, 0.23899297761197746, 0.27330259456036859, 0.19727793731364435, 0.22254947453287524, 0.24628608291724033, 0.2157064935135739, 0.22011794392389578, 0.23878953526340105, 0.28379784761443505, 0.24000083244138032],
 listnumberlist 
[0, 0, 0, 0, 0, 0, 0, 0, 0, 0, 0, 0, 0, 0, 0, 0, 0, 0, 0, 0],
 end of file
