fullmaglist 
[22.526315789473685, 22.526315789473685, 22.526315789473685, 22.526315789473685, 22.526315789473685, 22.526315789473685, 22.526315789473685, 22.526315789473685, 22.526315789473685, 22.526315789473685, 22.526315789473685, 22.526315789473685, 22.526315789473685, 22.526315789473685, 22.526315789473685, 22.526315789473685, 22.526315789473685, 22.526315789473685, 22.526315789473685, 22.526315789473685],
 periodlist 
[0.0031622776601683798, 0.0054555947811685199, 0.0094120496726806703, 0.016237767391887217, 0.028013567611988671, 0.048329302385717518, 0.083378222347178912, 0.14384498882876623, 0.24816289228368255, 0.42813323987193919, 0.73861998220793579, 1.2742749857031335, 2.1983926488622894, 3.7926901907322494, 6.5431891297129621, 11.288378916846883, 19.474830399087551, 33.59818286283781, 57.963939533849604, 100.0],
 measuredperiodlist 
[0.0042690320311141571, 0.0031590575606395012, 0.0034956185386553437, 0.016237609322663538, 0.015622353455556341, 0.040480575356078151, 0.039870669656936114, 0.097161295288688929, 0.24814131883029916, 0.42819619065965048, 0.67323015773498529, 4.6333294564562078, 2.2020866043979672, 0.91245151321669105, 6.4490367194695946, 16.501399572755385, 16.010776262293547, 33.394040385200022, 16.501399572755385, 120.76845368306022],
 siglist 
[0.18320000000000003, 0.06599999999999995, 0.047699999999999965, 0.9963, 0.2875, 0.03190000000000004, 0.05800000000000005, 0.33330000000000004, 0.02959999999999996, 0.9104, 1.0, 1.0, 0.8372999999999999, 0.9547, 0.9697, 0.8368, 0.04859999999999998, 0.09970000000000001, 0.9777, 1.0],
 powerlist 
[0.28469599732924872, 0.25873284852119194, 0.25680378332439763, 0.34969707448585763, 0.26692338697174356, 0.25254851194465838, 0.25130000209740078, 0.28010951175707266, 0.23938820215152892, 0.32670882230897785, 0.40560090098126428, 0.38061431646143423, 0.25962773011286228, 0.28184928688664679, 0.29931777784157493, 0.26325255519805979, 0.19446694607081003, 0.20023038771060311, 0.301233725111825, 0.39598212690070544],
 listnumberlist 
[0, 0, 0, 0, 0, 0, 0, 0, 0, 0, 0, 0, 0, 0, 0, 0, 0, 0, 0, 0],
 end of file
