fullmaglist 
[22.526315789473685, 22.526315789473685, 22.526315789473685, 22.526315789473685, 22.526315789473685, 22.526315789473685, 22.526315789473685, 22.526315789473685, 22.526315789473685, 22.526315789473685, 22.526315789473685, 22.526315789473685, 22.526315789473685, 22.526315789473685, 22.526315789473685, 22.526315789473685, 22.526315789473685, 22.526315789473685, 22.526315789473685, 22.526315789473685],
 periodlist 
[0.0031622776601683798, 0.0054555947811685199, 0.0094120496726806703, 0.016237767391887217, 0.028013567611988671, 0.048329302385717518, 0.083378222347178912, 0.14384498882876623, 0.24816289228368255, 0.42813323987193919, 0.73861998220793579, 1.2742749857031335, 2.1983926488622894, 3.7926901907322494, 6.5431891297129621, 11.288378916846883, 19.474830399087551, 33.59818286283781, 57.963939533849604, 100.0],
 measuredperiodlist 
[0.0031622667144915262, 0.0054556084621587425, 0.0031659880176659523, 0.012337863222824886, 0.011988411483382857, 0.048326072081056673, 0.018776584996814574, 0.020236654024569933, 0.24815957369330005, 0.42791726042325939, 0.73830098932893129, 1.2750390542980206, 1.2819018859375193, 3.1856293289899833, 6.5728308431812676, 22.061508717028833, 18.224715737801169, 31.281280224042526, 57.726389830463766, 28.636979502959473],
 siglist 
[0.39449999999999996, 0.9951, 0.0, 0.3425, 0.44799999999999995, 0.9949, 0.6126, 0.43579999999999997, 0.6404000000000001, 0.7725, 0.9999, 0.9352, 0.6496, 0.1078, 0.9052, 0.4174, 0.44320000000000004, 0.8823, 0.6795, 0.014000000000000012],
 powerlist 
[0.25657093245514251, 0.31659595944694718, 0.22927393959655393, 0.2463466816369817, 0.25143641087055224, 0.31350802362934338, 0.25458812633772099, 0.2526035487915298, 0.25561992476911199, 0.26888023585429494, 0.36706474446635423, 0.2512773723913303, 0.22741196151001614, 0.19941862934297222, 0.24409938617554239, 0.21117400268816189, 0.21454302155502517, 0.23447997341417476, 0.22851282314753782, 0.18986164600838171],
 listnumberlist 
[0, 0, 0, 0, 0, 0, 0, 0, 0, 0, 0, 0, 0, 0, 0, 0, 0, 0, 0, 0],
 end of file
