fullmaglist 
[23.63157894736842, 23.63157894736842, 23.63157894736842, 23.63157894736842, 23.63157894736842, 23.63157894736842, 23.63157894736842, 23.63157894736842, 23.63157894736842, 23.63157894736842, 23.63157894736842, 23.63157894736842, 23.63157894736842, 23.63157894736842, 23.63157894736842, 23.63157894736842, 23.63157894736842, 23.63157894736842, 23.63157894736842, 23.63157894736842],
 periodlist 
[0.0031622776601683798, 0.0054555947811685199, 0.0094120496726806703, 0.016237767391887217, 0.028013567611988671, 0.048329302385717518, 0.083378222347178912, 0.14384498882876623, 0.24816289228368255, 0.42813323987193919, 0.73861998220793579, 1.2742749857031335, 2.1983926488622894, 3.7926901907322494, 6.5431891297129621, 11.288378916846883, 19.474830399087551, 33.59818286283781, 57.963939533849604, 100.0],
 measuredperiodlist 
[0.0031622705343044935, 0.0056701756762525925, 0.0042924134066894166, 0.020347300155166614, 0.021635584266570165, 0.010452984180664829, 0.012143427009848931, 0.018686447315558217, 0.011412287834388418, 0.017547523051167482, 7.2573834782755817, 3.8334787796466396, 2.3960946111634187, 3.7431290494093132, 0.87772506086073732, 72.133863348080709, 21.224157429517927, 14.795409491663428, 17.432520200651837, 27.813612819091922],
 siglist 
[0.14249999999999996, 0.5735, 0.3731, 0.9136, 0.23670000000000002, 0.27780000000000005, 0.6524, 0.5026999999999999, 0.9777, 0.99, 0.46140000000000003, 0.7619, 0.6502, 0.6764, 0.7276, 0.13970000000000005, 0.35509999999999997, 1.0, 0.883, 0.8893],
 powerlist 
[0.2842877075921531, 0.29826344526441739, 0.29718767362725029, 0.30276505284242594, 0.27114759197506932, 0.27171132419780047, 0.28593765990249098, 0.29027248884603429, 0.35513854510243742, 0.33978489566070302, 0.23756502691346953, 0.25356869690863637, 0.24607293655624859, 0.24697223697300091, 0.25971941280577926, 0.22814996097148271, 0.23870752765955058, 0.41038622712546796, 0.26444459677045445, 0.27140298739334151],
 listnumberlist 
[0, 0, 0, 0, 0, 0, 0, 0, 0, 0, 0, 0, 0, 0, 0, 0, 0, 0, 0, 0],
 end of file
