fullmaglist 
[18.842105263157894, 18.842105263157894, 18.842105263157894, 18.842105263157894, 18.842105263157894, 18.842105263157894, 18.842105263157894, 18.842105263157894, 18.842105263157894, 18.842105263157894, 18.842105263157894, 18.842105263157894, 18.842105263157894, 18.842105263157894, 18.842105263157894, 18.842105263157894, 18.842105263157894, 18.842105263157894, 18.842105263157894, 18.842105263157894],
 periodlist 
[0.0031622776601683798, 0.0054555947811685199, 0.0094120496726806703, 0.016237767391887217, 0.028013567611988671, 0.048329302385717518, 0.083378222347178912, 0.14384498882876623, 0.24816289228368255, 0.42813323987193919, 0.73861998220793579, 1.2742749857031335, 2.1983926488622894, 3.7926901907322494, 6.5431891297129621, 11.288378916846883, 19.474830399087551, 33.59818286283781, 57.963939533849604, 100.0],
 measuredperiodlist 
[0.0031622610361370209, 0.0033720096251459559, 0.0037718389194734935, 0.013615895888727834, 0.010337823378600872, 0.048331965149217948, 0.023060065429735505, 0.14385578853311551, 0.24810041888717987, 0.037994506654357704, 0.73824727442255544, 1.2727916252812921, 2.1980075415572835, 3.7985961938008388, 5.1230394641031527, 31.071308043715934, 31.503243739266658, 32.466070165339879, 28.661106583984544, 32.466070165339879],
 siglist 
[0.4155, 0.3296, 0.5279, 0.6056, 0.41590000000000005, 0.7317, 0.6956, 0.5126, 0.9934, 0.8499, 0.7775, 0.852, 0.8245, 0.815, 0.8758, 0.012399999999999967, 0.0010000000000000009, 0.24619999999999997, 0.39549999999999996, 0.40800000000000003],
 powerlist 
[0.25199120210574749, 0.26129938412763226, 0.26725680093601434, 0.25430634260892726, 0.24372799679623747, 0.25524003391507333, 0.26154171934509679, 0.25905666534275423, 0.3029789324986405, 0.27441370367666224, 0.22647025230906195, 0.23994808730053346, 0.22998825396964323, 0.23005271601998417, 0.24156714004725988, 0.19066288688149324, 0.17897204339587647, 0.20464673673996708, 0.21602360109093138, 0.20973816486147523],
 listnumberlist 
[0, 0, 0, 0, 0, 0, 0, 0, 0, 0, 0, 0, 0, 0, 0, 0, 0, 0, 0, 0],
 end of file
