fullmaglist 
[18.842105263157894, 18.842105263157894, 18.842105263157894, 18.842105263157894, 18.842105263157894, 18.842105263157894, 18.842105263157894, 18.842105263157894, 18.842105263157894, 18.842105263157894, 18.842105263157894, 18.842105263157894, 18.842105263157894, 18.842105263157894, 18.842105263157894, 18.842105263157894, 18.842105263157894, 18.842105263157894, 18.842105263157894, 18.842105263157894],
 periodlist 
[0.0031622776601683798, 0.0054555947811685199, 0.0094120496726806703, 0.016237767391887217, 0.028013567611988671, 0.048329302385717518, 0.083378222347178912, 0.14384498882876623, 0.24816289228368255, 0.42813323987193919, 0.73861998220793579, 1.2742749857031335, 2.1983926488622894, 3.7926901907322494, 6.5431891297129621, 11.288378916846883, 19.474830399087551, 33.59818286283781, 57.963939533849604, 100.0],
 measuredperiodlist 
[0.0057077404275475219, 0.0054556001438234155, 0.0036561266999660725, 0.016237484975669032, 0.032736590539835526, 0.048120430071489376, 0.083381483315864049, 0.027290688941016696, 0.24818851737179795, 0.39959421094529829, 0.73765326364278816, 0.55935465474029644, 1.8149670134530782, 0.84076793769355862, 6.5581196248770146, 35.415992363095981, 27.034097630112203, 33.394040385200022, 32.828539820790439, 11.66659474171375],
 siglist 
[0.7046, 0.9999, 0.005900000000000016, 0.9981, 0.9669, 0.9766, 0.8645, 0.6858, 0.6075999999999999, 0.8924, 0.9999, 1.0, 1.0, 0.7885, 0.9954, 0.9632000000000001, 0.9852, 0.9648, 0.9982, 0.7897000000000001],
 powerlist 
[0.2616463531661079, 0.36630129615979673, 0.22167194489833719, 0.31931598104010672, 0.28535698588959707, 0.29083422514646673, 0.27042659227686899, 0.26031754257908712, 0.24777344248536312, 0.27801686268123144, 0.33919326036979663, 0.32584178933180413, 0.34325411186818322, 0.22331846894730736, 0.28032589278813225, 0.2507132709926545, 0.26681550632279594, 0.25328528699750774, 0.29556993448793761, 0.22532653262488975],
 listnumberlist 
[0, 0, 0, 0, 0, 0, 0, 0, 0, 0, 0, 0, 0, 0, 0, 0, 0, 0, 0, 0],
 end of file
