fullmaglist 
[19.57894736842105, 19.57894736842105, 19.57894736842105, 19.57894736842105, 19.57894736842105, 19.57894736842105, 19.57894736842105, 19.57894736842105, 19.57894736842105, 19.57894736842105, 19.57894736842105, 19.57894736842105, 19.57894736842105, 19.57894736842105, 19.57894736842105, 19.57894736842105, 19.57894736842105, 19.57894736842105, 19.57894736842105, 19.57894736842105],
 periodlist 
[0.0031622776601683798, 0.0054555947811685199, 0.0094120496726806703, 0.016237767391887217, 0.028013567611988671, 0.048329302385717518, 0.083378222347178912, 0.14384498882876623, 0.24816289228368255, 0.42813323987193919, 0.73861998220793579, 1.2742749857031335, 2.1983926488622894, 3.7926901907322494, 6.5431891297129621, 11.288378916846883, 19.474830399087551, 33.59818286283781, 57.963939533849604, 100.0],
 measuredperiodlist 
[0.0043952231381754053, 0.0056647471029154343, 0.0037698628149291547, 0.016237720862979303, 0.02801299699213201, 0.044371609653945918, 0.083392660913609751, 0.046429486896070481, 0.044241100619073714, 0.057137826988537581, 0.73863420852286721, 1.3964844446107512, 0.91278174365326969, 0.61432743416442814, 6.5766903799985368, 16.068503054724307, 14.582254980296959, 32.553430864859834, 11.968536944341153, 127.60214157069994],
 siglist 
[0.07899999999999996, 0.6804, 0.374, 0.6022000000000001, 0.9989, 0.9505, 0.6276999999999999, 0.6639999999999999, 0.3407, 0.12439999999999996, 1.0, 0.671, 0.7888, 0.30979999999999996, 0.9895, 0.08220000000000005, 0.5912999999999999, 0.9326, 0.7605, 0.40659999999999996],
 powerlist 
[0.35290526744004602, 0.41302095748523932, 0.39871790536896728, 0.39317364536680921, 0.55214201921863637, 0.45619364848852079, 0.4090158159576347, 0.4160930277307926, 0.40246862143183953, 0.33849276529554928, 0.543213568919378, 0.35077866193881257, 0.3507638371302445, 0.28621953113428977, 0.43752702232692325, 0.25174647754190121, 0.31849955162536753, 0.39671420159432497, 0.34914772131743177, 0.32838998120502683],
 listnumberlist 
[0, 0, 0, 0, 0, 0, 0, 0, 0, 0, 0, 0, 0, 0, 0, 0, 0, 0, 0, 0],
 end of file
