fullmaglist 
[18.842105263157894, 18.842105263157894, 18.842105263157894, 18.842105263157894, 18.842105263157894, 18.842105263157894, 18.842105263157894, 18.842105263157894, 18.842105263157894, 18.842105263157894, 18.842105263157894, 18.842105263157894, 18.842105263157894, 18.842105263157894, 18.842105263157894, 18.842105263157894, 18.842105263157894, 18.842105263157894, 18.842105263157894, 18.842105263157894],
 periodlist 
[0.0031622776601683798, 0.0054555947811685199, 0.0094120496726806703, 0.016237767391887217, 0.028013567611988671, 0.048329302385717518, 0.083378222347178912, 0.14384498882876623, 0.24816289228368255, 0.42813323987193919, 0.73861998220793579, 1.2742749857031335, 2.1983926488622894, 3.7926901907322494, 6.5431891297129621, 11.288378916846883, 19.474830399087551, 33.59818286283781, 57.963939533849604, 100.0],
 measuredperiodlist 
[0.0057078852380701827, 0.0047919976709004906, 0.0029823238898039513, 0.25962575891436923, 0.016315318093260835, 0.016586555870298197, 0.025009863225074119, 0.016568940937725946, 0.01338296429196474, 0.010954709204386485, 0.57061955956087795, 0.81892680414726182, 6.1994592558474571, 1.0616129779865735, 0.75371912939495156, 42.490738085727372, 9.7469388635983307, 17.256039548079688, 24.049980556074456, 47.548363760591762],
 siglist 
[0.8165, 0.21319999999999995, 0.005900000000000016, 0.010499999999999954, 0.9947, 0.14890000000000003, 0.17769999999999997, 0.9359, 0.12660000000000005, 0.5364, 0.35440000000000005, 0.9799, 0.1401, 0.059599999999999986, 0.19210000000000005, 0.6002000000000001, 0.6222, 0.0958, 0.836, 0.9839],
 powerlist 
[0.43791535892014199, 0.42673797733660634, 0.35101040517310123, 0.31803159003857612, 0.50299924565959575, 0.350999295865558, 0.39426655777227759, 0.43334744477628268, 0.36894915657866245, 0.4303121131102321, 0.28035339140774013, 0.40471356391173963, 0.2515577713305141, 0.23569926387822823, 0.26030530894327575, 0.30866505622668672, 0.32475175914968424, 0.26082670306176714, 0.38756782282948044, 0.41537203314617455],
 listnumberlist 
[0, 0, 0, 0, 0, 0, 0, 0, 0, 0, 0, 0, 0, 0, 0, 0, 0, 0, 0, 0],
 end of file
