fullmaglist 
[18.473684210526315, 18.473684210526315, 18.473684210526315, 18.473684210526315, 18.473684210526315, 18.473684210526315, 18.473684210526315, 18.473684210526315, 18.473684210526315, 18.473684210526315, 18.473684210526315, 18.473684210526315, 18.473684210526315, 18.473684210526315, 18.473684210526315, 18.473684210526315, 18.473684210526315, 18.473684210526315, 18.473684210526315, 18.473684210526315],
 periodlist 
[0.0031622776601683798, 0.0054555947811685199, 0.0094120496726806703, 0.016237767391887217, 0.028013567611988671, 0.048329302385717518, 0.083378222347178912, 0.14384498882876623, 0.24816289228368255, 0.42813323987193919, 0.73861998220793579, 1.2742749857031335, 2.1983926488622894, 3.7926901907322494, 6.5431891297129621, 11.288378916846883, 19.474830399087551, 33.59818286283781, 57.963939533849604, 100.0],
 measuredperiodlist 
[0.0031622660532715065, 0.0056780165977315831, 0.0094119672755373727, 0.015977655284530209, 0.028821280575797168, 0.048328966334915936, 0.083366682610260742, 0.21510220860685111, 0.38553881910432353, 0.38552657206502888, 0.62754670062286977, 0.62796882085258776, 0.62810346203222889, 0.75345174602380449, 1.6524526149817453, 11.228059763097407, 26.788564377090932, 33.788506456226976, 29.910402122865321, 26.788564377090932],
 siglist 
[0.09730000000000005, 0.5044, 0.23570000000000002, 0.9192, 0.7562, 0.8609, 0.3516, 0.00019999999999997797, 0.8517, 0.04249999999999998, 0.9833, 1.0, 0.9856, 0.9969, 0.9621, 0.9996, 0.9883, 0.9948, 0.9995, 0.9822],
 powerlist 
[0.22921774904464587, 0.23934107233705465, 0.23109771214450647, 0.25556010525768741, 0.24323334631619956, 0.25179105948332836, 0.2289113571764313, 0.19712931764681946, 0.25014698822699943, 0.2136335923150923, 0.25286619488986295, 0.31451901012424993, 0.24913228251994446, 0.26730444190235564, 0.23509119820335242, 0.28145240602144922, 0.24870874566675394, 0.26086553379095018, 0.28544185697028823, 0.24645342194162437],
 listnumberlist 
[0, 0, 0, 0, 0, 0, 0, 0, 0, 0, 0, 0, 0, 0, 0, 0, 0, 0, 0, 0],
 end of file
