fullmaglist 
[24.0, 24.0, 24.0, 24.0, 24.0, 24.0, 24.0, 24.0, 24.0, 24.0, 24.0, 24.0, 24.0, 24.0, 24.0, 24.0, 24.0, 24.0, 24.0, 24.0],
 periodlist 
[0.0031622776601683798, 0.0054555947811685199, 0.0094120496726806703, 0.016237767391887217, 0.028013567611988671, 0.048329302385717518, 0.083378222347178912, 0.14384498882876623, 0.24816289228368255, 0.42813323987193919, 0.73861998220793579, 1.2742749857031335, 2.1983926488622894, 3.7926901907322494, 6.5431891297129621, 11.288378916846883, 19.474830399087551, 33.59818286283781, 57.963939533849604, 100.0],
 measuredperiodlist 
[0.0031622776903523424, 0.0073135108673817771, 0.0039333572959429864, 0.016237763445605236, 0.028013573769398649, 0.012168028958947011, 0.083378298382589616, 0.16809072982517487, 0.24816230224583427, 0.42813061566492849, 0.73863369740401286, 1.2742756768063279, 2.1985308445486011, 3.7931084141097671, 6.4279269612159702, 11.287359880361654, 19.483929055435485, 33.65727392364883, 57.933388400746715, 99.909170671948758],
 siglist 
[0.7167, 0.7438, 0.9555, 0.9998, 1.0, 0.33509999999999995, 0.9593, 0.9993, 0.44430000000000003, 1.0, 0.9927, 0.9993, 0.6908000000000001, 0.9589, 0.938, 0.8718, 0.783, 1.0, 1.0, 0.9998],
 powerlist 
[0.074491445308101756, 0.075136971339875791, 0.083180933560489917, 0.10766020267422723, 0.11433913442324613, 0.066040820448392684, 0.082714184948001507, 0.096802352808310538, 0.07021763465342068, 0.11330578291469037, 0.078214982626043011, 0.093717785977492848, 0.060276841873109825, 0.070274145942064908, 0.06800849126740946, 0.065967985176291946, 0.062499288421573825, 0.12673968174640027, 0.12393761151502375, 0.093153105097445815],
 listnumberlist 
[0, 0, 0, 0, 0, 0, 0, 0, 0, 0, 0, 0, 0, 0, 0, 0, 0, 0, 0, 0],
 end of file
