fullmaglist 
[21.789473684210527, 21.789473684210527, 21.789473684210527, 21.789473684210527, 21.789473684210527, 21.789473684210527, 21.789473684210527, 21.789473684210527, 21.789473684210527, 21.789473684210527, 21.789473684210527, 21.789473684210527, 21.789473684210527, 21.789473684210527, 21.789473684210527, 21.789473684210527, 21.789473684210527, 21.789473684210527, 21.789473684210527, 21.789473684210527],
 periodlist 
[0.0031622776601683798, 0.0054555947811685199, 0.0094120496726806703, 0.016237767391887217, 0.028013567611988671, 0.048329302385717518, 0.083378222347178912, 0.14384498882876623, 0.24816289228368255, 0.42813323987193919, 0.73861998220793579, 1.2742749857031335, 2.1983926488622894, 3.7926901907322494, 6.5431891297129621, 11.288378916846883, 19.474830399087551, 33.59818286283781, 57.963939533849604, 100.0],
 measuredperiodlist 
[0.0031936166947898574, 0.0053248804249696373, 0.0056210855669773666, 0.012047597449005016, 0.028013552749169942, 0.010910476423540203, 0.01020185488664401, 0.01475912082610362, 0.010384682022492864, 0.048287212739978456, 2.8297129845724038, 4.6651680740308459, 1.8333185759475117, 3.7839365009070431, 6.4878405779901023, 11.470621497467956, 19.922309430886184, 11.828363787207893, 12.186371330456508, 20.356719116259683],
 siglist 
[0.0, 0.5887, 0.24029999999999996, 0.028100000000000014, 0.8828, 0.8198, 0.42269999999999996, 0.06340000000000001, 0.9395, 0.01980000000000004, 1.0, 0.9605, 0.0, 0.6637, 0.895, 0.9992, 0.7517, 0.9143, 0.11519999999999997, 0.0036000000000000476],
 powerlist 
[0.20122785246523378, 0.27807012880650783, 0.27350637220500945, 0.2261876703153981, 0.25446649902234597, 0.294267974512465, 0.2548837259398451, 0.2202094129712816, 0.27224216745074414, 0.22566255017315887, 0.31168974697654656, 0.2397202098430688, 0.14260414780361541, 0.21190601402606962, 0.22487888055285207, 0.291262236743352, 0.21814741333272925, 0.24073880662457817, 0.19457524472628596, 0.17014565825698127],
 listnumberlist 
[0, 0, 0, 0, 0, 0, 0, 0, 0, 0, 0, 0, 0, 0, 0, 0, 0, 0, 0, 0],
 end of file
