fullmaglist 
[19.94736842105263, 19.94736842105263, 19.94736842105263, 19.94736842105263, 19.94736842105263, 19.94736842105263, 19.94736842105263, 19.94736842105263, 19.94736842105263, 19.94736842105263, 19.94736842105263, 19.94736842105263, 19.94736842105263, 19.94736842105263, 19.94736842105263, 19.94736842105263, 19.94736842105263, 19.94736842105263, 19.94736842105263, 19.94736842105263],
 periodlist 
[0.0031622776601683798, 0.0054555947811685199, 0.0094120496726806703, 0.016237767391887217, 0.028013567611988671, 0.048329302385717518, 0.083378222347178912, 0.14384498882876623, 0.24816289228368255, 0.42813323987193919, 0.73861998220793579, 1.2742749857031335, 2.1983926488622894, 3.7926901907322494, 6.5431891297129621, 11.288378916846883, 19.474830399087551, 33.59818286283781, 57.963939533849604, 100.0],
 measuredperiodlist 
[0.0085693321037432629, 0.0043435532245634494, 0.0043448029551269359, 0.11456346041793584, 0.024031211522525787, 0.018401209634736786, 0.029039757415325676, 0.33203949967213831, 0.010182818908796139, 0.018401565270420812, 1.2312009231270054, 1.7782278030472334, 2.1963456530047614, 4.9633070967283537, 4.1997125857970161, 10.896436234084616, 24.467305721827739, 35.581415596089734, 13.941692093963656, 14.1925043537388],
 siglist 
[0.493, 0.025699999999999945, 0.010700000000000043, 0.9267, 0.36519999999999997, 0.012199999999999989, 0.4717, 0.2539, 0.6081, 0.5198, 0.872, 0.37160000000000004, 0.8703, 0.7474000000000001, 0.25639999999999996, 0.9096, 0.7005, 0.3941, 0.5608, 0.5411],
 powerlist 
[0.40220324997251522, 0.3725942161527539, 0.36164198580102913, 0.48130458543419385, 0.39517520052964072, 0.32842168510937286, 0.38296769940908265, 0.38857280710793685, 0.40911289377624532, 0.40491644120189363, 0.36714884696779948, 0.3283777481330068, 0.35892804054796157, 0.36366118968557998, 0.31768894461581343, 0.37255554122195383, 0.34723353660718892, 0.31601168767377835, 0.3248658099752445, 0.35839642859918747],
 listnumberlist 
[0, 0, 0, 0, 0, 0, 0, 0, 0, 0, 0, 0, 0, 0, 0, 0, 0, 0, 0, 0],
 end of file
