fullmaglist 
[23.63157894736842, 23.63157894736842, 23.63157894736842, 23.63157894736842, 23.63157894736842, 23.63157894736842, 23.63157894736842, 23.63157894736842, 23.63157894736842, 23.63157894736842, 23.63157894736842, 23.63157894736842, 23.63157894736842, 23.63157894736842, 23.63157894736842, 23.63157894736842, 23.63157894736842, 23.63157894736842, 23.63157894736842, 23.63157894736842],
 periodlist 
[0.0031622776601683798, 0.0054555947811685199, 0.0094120496726806703, 0.016237767391887217, 0.028013567611988671, 0.048329302385717518, 0.083378222347178912, 0.14384498882876623, 0.24816289228368255, 0.42813323987193919, 0.73861998220793579, 1.2742749857031335, 2.1983926488622894, 3.7926901907322494, 6.5431891297129621, 11.288378916846883, 19.474830399087551, 33.59818286283781, 57.963939533849604, 100.0],
 measuredperiodlist 
[0.0031622778899571629, 0.0054555945538503695, 0.009412047593377687, 0.016237769018067588, 0.028823257997965823, 0.050790662562972579, 0.083378506529221824, 0.14384467236745158, 0.24816627931676877, 0.42813717985484001, 0.73862665097884284, 1.2743071357054827, 2.1983010197881425, 3.7920359975757854, 6.5427609360901151, 11.28855673897014, 19.480363840976352, 33.629365264544582, 57.876303692228582, 99.909170671948758],
 siglist 
[0.712, 0.9999, 1.0, 0.9526, 1.0, 0.95, 0.42600000000000005, 1.0, 0.0938, 0.9818, 0.9554, 1.0, 1.0, 0.9999, 1.0, 0.7301, 1.0, 0.9995, 1.0, 1.0],
 powerlist 
[0.074991709745761262, 0.11256161482279345, 0.11103697027766873, 0.07929354494683799, 0.12280356679550822, 0.079086154478642534, 0.068438161051795399, 0.1399392443148979, 0.063498742694562488, 0.083125978332170836, 0.069063729115340089, 0.13523599882633025, 0.1024002083878609, 0.096023599951639671, 0.11688078751076475, 0.060584146115915255, 0.13125521055967845, 0.090405197121302447, 0.12244375928611506, 0.13032215371083355],
 listnumberlist 
[0, 0, 0, 0, 0, 0, 0, 0, 0, 0, 0, 0, 0, 0, 0, 0, 0, 0, 0, 0],
 end of file
