fullmaglist 
[23.263157894736842, 23.263157894736842, 23.263157894736842, 23.263157894736842, 23.263157894736842, 23.263157894736842, 23.263157894736842, 23.263157894736842, 23.263157894736842, 23.263157894736842, 23.263157894736842, 23.263157894736842, 23.263157894736842, 23.263157894736842, 23.263157894736842, 23.263157894736842, 23.263157894736842, 23.263157894736842, 23.263157894736842, 23.263157894736842],
 periodlist 
[0.0031622776601683798, 0.0054555947811685199, 0.0094120496726806703, 0.016237767391887217, 0.028013567611988671, 0.048329302385717518, 0.083378222347178912, 0.14384498882876623, 0.24816289228368255, 0.42813323987193919, 0.73861998220793579, 1.2742749857031335, 2.1983926488622894, 3.7926901907322494, 6.5431891297129621, 11.288378916846883, 19.474830399087551, 33.59818286283781, 57.963939533849604, 100.0],
 measuredperiodlist 
[0.0031622627990423543, 0.0051577205090052895, 0.0038981975743778603, 0.016237760006812547, 0.028013531247273984, 0.048327907332301225, 0.013987845847014678, 0.010703116229908514, 0.24807496695159131, 0.011403835891396286, 0.73784859536793745, 1.2764096670236975, 2.193290194282024, 1.6638189121361593, 6.5329128157524678, 21.893691915817076, 29.948617245196406, 35.031152499788099, 64.503108585323517, 36.596178724599078],
 siglist 
[0.0353, 0.9446, 0.45599999999999996, 0.6553, 1.0, 0.9931, 0.19130000000000003, 0.8201, 0.6548, 0.14290000000000003, 0.8027, 0.7086, 0.02739999999999998, 0.5367999999999999, 0.6523, 0.35450000000000004, 0.4145, 0.013900000000000023, 0.7642, 0.9509],
 powerlist 
[0.27423035791412242, 0.34385048395528084, 0.30166589983907877, 0.31298223607138936, 0.4277438506421094, 0.36633083690382812, 0.28172431070810272, 0.31690609169007766, 0.33065222242818126, 0.28295489205332597, 0.27121955621774907, 0.26192898366768846, 0.2193606764653051, 0.24790562267480376, 0.25289766127608948, 0.2469217635617322, 0.24504465619071544, 0.21293354613569135, 0.26034295826504572, 0.29483533571479315],
 listnumberlist 
[0, 0, 0, 0, 0, 0, 0, 0, 0, 0, 0, 0, 0, 0, 0, 0, 0, 0, 0, 0],
 end of file
