fullmaglist 
[20.31578947368421, 20.31578947368421, 20.31578947368421, 20.31578947368421, 20.31578947368421, 20.31578947368421, 20.31578947368421, 20.31578947368421, 20.31578947368421, 20.31578947368421, 20.31578947368421, 20.31578947368421, 20.31578947368421, 20.31578947368421, 20.31578947368421, 20.31578947368421, 20.31578947368421, 20.31578947368421, 20.31578947368421, 20.31578947368421],
 periodlist 
[0.0031622776601683798, 0.0054555947811685199, 0.0094120496726806703, 0.016237767391887217, 0.028013567611988671, 0.048329302385717518, 0.083378222347178912, 0.14384498882876623, 0.24816289228368255, 0.42813323987193919, 0.73861998220793579, 1.2742749857031335, 2.1983926488622894, 3.7926901907322494, 6.5431891297129621, 11.288378916846883, 19.474830399087551, 33.59818286283781, 57.963939533849604, 100.0],
 measuredperiodlist 
[0.003162277860161516, 0.0054555952050286752, 0.0094120483025963049, 0.016237769735369431, 0.028013578134746808, 0.048329247042590687, 0.08337810469337828, 0.14384472525130712, 0.24816253360821403, 0.4281310134203013, 0.73861719150928462, 1.2743082382841604, 2.1983546969006906, 3.7930006682684478, 6.5431578646060347, 11.29021354606137, 19.471645881378581, 33.595057977245546, 57.922088505524762, 100.01550020188118],
 siglist 
[0.7891, 1.0, 1.0, 1.0, 1.0, 0.4978, 0.9644, 1.0, 0.784, 1.0, 1.0, 1.0, 1.0, 0.9998, 1.0, 0.32410000000000005, 0.9893, 1.0, 0.9997, 1.0],
 powerlist 
[0.056711602421703575, 0.15116545844483628, 0.11229937809631352, 0.080070207893106968, 0.17048679702380065, 0.050562356136563152, 0.058421732640665865, 0.17791807481187036, 0.053024318010209202, 0.082576468897667538, 0.11178759737702917, 0.08706073407152369, 0.09405213004694718, 0.067086442378104405, 0.099991215725553972, 0.042907615051299759, 0.056164207172543591, 0.10461009136477761, 0.064832521955051514, 0.20551884162301418],
 listnumberlist 
[0, 0, 0, 0, 0, 0, 0, 0, 0, 0, 0, 0, 0, 0, 0, 0, 0, 0, 0, 0],
 end of file
