fullmaglist 
[17.0, 17.0, 17.0, 17.0, 17.0, 17.0, 17.0, 17.0, 17.0, 17.0, 17.0, 17.0, 17.0, 17.0, 17.0, 17.0, 17.0, 17.0, 17.0, 17.0],
 periodlist 
[0.0031622776601683798, 0.0054555947811685199, 0.0094120496726806703, 0.016237767391887217, 0.028013567611988671, 0.048329302385717518, 0.083378222347178912, 0.14384498882876623, 0.24816289228368255, 0.42813323987193919, 0.73861998220793579, 1.2742749857031335, 2.1983926488622894, 3.7926901907322494, 6.5431891297129621, 11.288378916846883, 19.474830399087551, 33.59818286283781, 57.963939533849604, 100.0],
 measuredperiodlist 
[0.0031622777537213664, 0.0054555949022354455, 0.0094120500265974533, 0.01623776459693926, 0.028013562569090527, 0.048329262228462747, 0.083378209329944331, 0.14384473801261713, 0.24816282407051146, 0.42813205832282636, 0.73861951437789608, 1.2742756777189868, 2.1984292295946215, 3.7927656504438878, 6.5435255215406869, 11.289634665535319, 19.470824282543308, 33.616174013704132, 57.916924625236945, 99.886478850909469],
 siglist 
[0.7695, 1.0, 1.0, 1.0, 1.0, 0.9999, 1.0, 1.0, 1.0, 1.0, 1.0, 1.0, 1.0, 1.0, 1.0, 1.0, 1.0, 1.0, 1.0, 1.0],
 powerlist 
[0.055786615898724218, 0.19751200088112456, 0.16117006203637457, 0.15236547834440367, 0.19660279560441771, 0.074404340394394725, 0.089029963488600414, 0.18901918829742051, 0.073039555857491528, 0.14646270229992764, 0.14225430981233533, 0.1669086346998257, 0.10709904519956133, 0.14599951508577019, 0.18277290218659714, 0.079753889833671446, 0.1348561869759124, 0.17915673765632933, 0.14036991847156477, 0.22658795010540642],
 listnumberlist 
[0, 0, 0, 0, 0, 0, 0, 0, 0, 0, 0, 0, 0, 0, 0, 0, 0, 0, 0, 0],
 end of file
