fullmaglist 
[17.36842105263158, 17.36842105263158, 17.36842105263158, 17.36842105263158, 17.36842105263158, 17.36842105263158, 17.36842105263158, 17.36842105263158, 17.36842105263158, 17.36842105263158, 17.36842105263158, 17.36842105263158, 17.36842105263158, 17.36842105263158, 17.36842105263158, 17.36842105263158, 17.36842105263158, 17.36842105263158, 17.36842105263158, 17.36842105263158],
 periodlist 
[0.0031622776601683798, 0.0054555947811685199, 0.0094120496726806703, 0.016237767391887217, 0.028013567611988671, 0.048329302385717518, 0.083378222347178912, 0.14384498882876623, 0.24816289228368255, 0.42813323987193919, 0.73861998220793579, 1.2742749857031335, 2.1983926488622894, 3.7926901907322494, 6.5431891297129621, 11.288378916846883, 19.474830399087551, 33.59818286283781, 57.963939533849604, 100.0],
 measuredperiodlist 
[0.0031622737043359686, 0.0054556218953887899, 0.0094120579938361346, 0.016237597657850721, 0.028012730649858594, 0.048329433724227031, 0.083382801898917169, 0.1438295118142871, 0.24799033893621367, 0.42826759367182354, 8.0951941901879181, 1.2725349674203603, 0.85557828974944539, 3.8058035691786869, 1.1777314802261776, 11.292234441196776, 19.573465130435185, 34.376413491182497, 55.769727524555066, 116.3260034554518],
 siglist 
[0.9809, 0.9991, 0.9986, 0.9976, 1.0, 0.9919, 1.0, 0.6009, 0.5617, 0.9994, 0.9996, 0.9967, 0.9855, 1.0, 0.9982, 1.0, 1.0, 1.0, 0.9782, 0.9942],
 powerlist 
[0.2861397092972211, 0.30739876899407959, 0.31638266888744798, 0.30188026374707483, 0.40026028454592777, 0.2835028217678503, 0.3923161081614136, 0.23898633472010672, 0.23250108180813855, 0.3158514710520624, 0.3003824838002867, 0.25989539853235771, 0.24529321430880285, 0.33307622697943823, 0.27777002086805419, 0.29890670180801981, 0.35210662423005723, 0.33511259716713687, 0.24929058887397287, 0.26745481957745931],
 listnumberlist 
[0, 0, 0, 0, 0, 0, 0, 0, 0, 0, 0, 0, 0, 0, 0, 0, 0, 0, 0, 0],
 end of file
