fullmaglist 
[19.94736842105263, 19.94736842105263, 19.94736842105263, 19.94736842105263, 19.94736842105263, 19.94736842105263, 19.94736842105263, 19.94736842105263, 19.94736842105263, 19.94736842105263, 19.94736842105263, 19.94736842105263, 19.94736842105263, 19.94736842105263, 19.94736842105263, 19.94736842105263, 19.94736842105263, 19.94736842105263, 19.94736842105263, 19.94736842105263],
 periodlist 
[0.0031622776601683798, 0.0054555947811685199, 0.0094120496726806703, 0.016237767391887217, 0.028013567611988671, 0.048329302385717518, 0.083378222347178912, 0.14384498882876623, 0.24816289228368255, 0.42813323987193919, 0.73861998220793579, 1.2742749857031335, 2.1983926488622894, 3.7926901907322494, 6.5431891297129621, 11.288378916846883, 19.474830399087551, 33.59818286283781, 57.963939533849604, 100.0],
 measuredperiodlist 
[0.0031622673677516415, 0.0054555512666900575, 0.0094119954601716849, 0.015473967122924301, 0.051336072746699581, 0.048330106509232806, 0.083377628050042021, 0.015473833272234718, 0.051335905336380154, 0.021700852151972611, 0.7386476262636209, 1.2374662041062272, 2.1999006437336939, 3.791983191120635, 6.4862060508688169, 11.404732780978629, 20.081475724256197, 32.59835965684195, 30.301771065696567, 22.659916376224771],
 siglist 
[0.8038, 0.6725, 0.8279, 0.9919, 0.9163, 0.9402, 0.9977, 0.6489, 0.5143, 0.6617999999999999, 0.9964, 0.5216000000000001, 0.5187999999999999, 0.4546, 0.9998, 0.6903, 0.9993, 0.9992, 1.0, 0.7214],
 powerlist 
[0.24975443567016437, 0.24527917227554599, 0.25173483530145779, 0.28201486055689884, 0.25893092623247022, 0.25223556830854255, 0.2866388261071624, 0.23723481619567466, 0.22963749836230507, 0.23485018049702583, 0.26417053615770686, 0.19866049995497942, 0.19863132463643829, 0.19698501563843018, 0.27768894353874241, 0.20505815461782723, 0.27612264112466922, 0.28008254500781521, 0.31530237537083683, 0.20595472409807145],
 listnumberlist 
[0, 0, 0, 0, 0, 0, 0, 0, 0, 0, 0, 0, 0, 0, 0, 0, 0, 0, 0, 0],
 end of file
