fullmaglist 
[21.05263157894737, 21.05263157894737, 21.05263157894737, 21.05263157894737, 21.05263157894737, 21.05263157894737, 21.05263157894737, 21.05263157894737, 21.05263157894737, 21.05263157894737, 21.05263157894737, 21.05263157894737, 21.05263157894737, 21.05263157894737, 21.05263157894737, 21.05263157894737, 21.05263157894737, 21.05263157894737, 21.05263157894737, 21.05263157894737],
 periodlist 
[0.0031622776601683798, 0.0054555947811685199, 0.0094120496726806703, 0.016237767391887217, 0.028013567611988671, 0.048329302385717518, 0.083378222347178912, 0.14384498882876623, 0.24816289228368255, 0.42813323987193919, 0.73861998220793579, 1.2742749857031335, 2.1983926488622894, 3.7926901907322494, 6.5431891297129621, 11.288378916846883, 19.474830399087551, 33.59818286283781, 57.963939533849604, 100.0],
 measuredperiodlist 
[0.0044013691547714609, 0.0054555879802662783, 0.0030311025057680723, 0.013991467069958116, 0.028010803734511258, 0.034806430745648625, 0.08337046700309371, 0.016084285666947657, 0.18533563795526589, 0.42831928341782649, 0.73845663262026506, 1.274640946704988, 2.211166726932412, 3.8214859642535099, 6.6580463082381049, 11.01854423461123, 19.171270587423095, 67.368223731519862, 61.011346928074715, 86.481802743560721],
 siglist 
[0.07150000000000001, 0.9986, 0.11119999999999997, 0.629, 0.08930000000000005, 0.4296, 0.5891, 0.3778, 0.010199999999999987, 0.973, 0.9873, 0.6848000000000001, 0.9984, 1.0, 1.0, 0.9928, 0.9568, 0.9646, 0.9913, 0.9898],
 powerlist 
[0.22537571398568265, 0.31259018738471123, 0.22960592821556627, 0.24352937789604409, 0.22540953974928996, 0.23625993340303258, 0.24664686448878223, 0.23039758803313845, 0.21871376038170984, 0.27401270224129753, 0.25774638453637361, 0.21753360055125207, 0.27527139415461238, 0.31354868772887357, 0.31932248211557768, 0.25616765584457274, 0.23595711048840792, 0.24184181884952718, 0.27154331054892566, 0.2578128304251584],
 listnumberlist 
[0, 0, 0, 0, 0, 0, 0, 0, 0, 0, 0, 0, 0, 0, 0, 0, 0, 0, 0, 0],
 end of file
