fullmaglist 
[21.05263157894737, 21.05263157894737, 21.05263157894737, 21.05263157894737, 21.05263157894737, 21.05263157894737, 21.05263157894737, 21.05263157894737, 21.05263157894737, 21.05263157894737, 21.05263157894737, 21.05263157894737, 21.05263157894737, 21.05263157894737, 21.05263157894737, 21.05263157894737, 21.05263157894737, 21.05263157894737, 21.05263157894737, 21.05263157894737],
 periodlist 
[0.0031622776601683798, 0.0054555947811685199, 0.0094120496726806703, 0.016237767391887217, 0.028013567611988671, 0.048329302385717518, 0.083378222347178912, 0.14384498882876623, 0.24816289228368255, 0.42813323987193919, 0.73861998220793579, 1.2742749857031335, 2.1983926488622894, 3.7926901907322494, 6.5431891297129621, 11.288378916846883, 19.474830399087551, 33.59818286283781, 57.963939533849604, 100.0],
 measuredperiodlist 
[0.0030749876113271286, 0.005915828947926494, 0.0091356060800588876, 0.013816370562984322, 0.010020530612648772, 0.013371575283044338, 0.083642814049756917, 0.036782464609298286, 0.028831408624589192, 0.013790168081086364, 1.3123863873524948, 1.3793116078516987, 1.3721463502283839, 1.3113264647387872, 1.3102371547677549, 16.261295135639298, 24.87980320516531, 12.227362507144306, 10.499487234671822, 137.37255671121886],
 siglist 
[0.17310000000000003, 0.687, 0.7076, 0.562, 0.9678, 0.8936999999999999, 0.7116, 0.023900000000000032, 0.5998, 0.8759, 0.5933999999999999, 0.9669, 0.6775, 0.5159, 0.13470000000000004, 0.9216, 0.6341, 0.4952, 0.8006, 0.8187],
 powerlist 
[0.38803594220391457, 0.41027926798110709, 0.45834040733551784, 0.40432936054895907, 0.45993162520671671, 0.43830871354635592, 0.40401471010236878, 0.37652041754427384, 0.39968639931586919, 0.45472230668016644, 0.34884606724828743, 0.41165859717653919, 0.3514757617306869, 0.33252951352824583, 0.29865561090896303, 0.39027288811272326, 0.34381058752468541, 0.34690594267857677, 0.38063841536121468, 0.36334014644365475],
 listnumberlist 
[0, 0, 0, 0, 0, 0, 0, 0, 0, 0, 0, 0, 0, 0, 0, 0, 0, 0, 0, 0],
 end of file
