fullmaglist 
[22.526315789473685, 22.526315789473685, 22.526315789473685, 22.526315789473685, 22.526315789473685, 22.526315789473685, 22.526315789473685, 22.526315789473685, 22.526315789473685, 22.526315789473685, 22.526315789473685, 22.526315789473685, 22.526315789473685, 22.526315789473685, 22.526315789473685, 22.526315789473685, 22.526315789473685, 22.526315789473685, 22.526315789473685, 22.526315789473685],
 periodlist 
[0.0031622776601683798, 0.0054555947811685199, 0.0094120496726806703, 0.016237767391887217, 0.028013567611988671, 0.048329302385717518, 0.083378222347178912, 0.14384498882876623, 0.24816289228368255, 0.42813323987193919, 0.73861998220793579, 1.2742749857031335, 2.1983926488622894, 3.7926901907322494, 6.5431891297129621, 11.288378916846883, 19.474830399087551, 33.59818286283781, 57.963939533849604, 100.0],
 measuredperiodlist 
[0.0048363500623246755, 0.002953261597265308, 0.0042993035695513045, 0.016237422529703827, 0.028012933581208179, 0.048330805460706144, 0.10632987352585836, 0.14384706551996812, 0.46826850000151166, 0.011503200861568358, 0.73946603954105294, 1.2729138234731827, 2.1897566075490871, 3.7987649838048045, 6.4058364713447169, 12.035490216211885, 18.877611384091477, 27.863335024934702, 53.876705051441625, 102.86517374005268],
 siglist 
[0.6124, 0.0018000000000000238, 0.22019999999999995, 0.9887, 0.8999, 0.9152, 0.9198999999999999, 0.9374, 0.7752, 0.2499, 0.9314, 0.9979, 0.928, 0.32620000000000005, 0.8291999999999999, 0.9043, 0.8178, 0.271, 0.9747, 0.6516],
 powerlist 
[0.26125656675231501, 0.2311378302496449, 0.2496481464278853, 0.31278458461320019, 0.28396523302477478, 0.27778422207750608, 0.277117247549174, 0.28863206235109384, 0.26995584454693888, 0.24734276185161244, 0.26009140037920742, 0.29753839022466444, 0.2499579070860595, 0.21469290766211346, 0.24136854690506143, 0.2557357760112115, 0.2411562963596223, 0.2090310283110059, 0.26917612330891871, 0.22570009410293485],
 listnumberlist 
[0, 0, 0, 0, 0, 0, 0, 0, 0, 0, 0, 0, 0, 0, 0, 0, 0, 0, 0, 0],
 end of file
