fullmaglist 
[18.473684210526315, 18.473684210526315, 18.473684210526315, 18.473684210526315, 18.473684210526315, 18.473684210526315, 18.473684210526315, 18.473684210526315, 18.473684210526315, 18.473684210526315, 18.473684210526315, 18.473684210526315, 18.473684210526315, 18.473684210526315, 18.473684210526315, 18.473684210526315, 18.473684210526315, 18.473684210526315, 18.473684210526315, 18.473684210526315],
 periodlist 
[0.0031622776601683798, 0.0054555947811685199, 0.0094120496726806703, 0.016237767391887217, 0.028013567611988671, 0.048329302385717518, 0.083378222347178912, 0.14384498882876623, 0.24816289228368255, 0.42813323987193919, 0.73861998220793579, 1.2742749857031335, 2.1983926488622894, 3.7926901907322494, 6.5431891297129621, 11.288378916846883, 19.474830399087551, 33.59818286283781, 57.963939533849604, 100.0],
 measuredperiodlist 
[0.010357625075629973, 0.0089370717004953904, 0.006957324114173543, 0.016237472476408107, 0.028013413677013373, 0.048328819394046305, 0.083378335137999249, 0.14385889008275438, 0.24809553683663679, 0.42800451352786623, 0.73908934707524565, 1.2724104496888553, 2.1986829170896596, 3.7775692044008133, 6.5574473865236467, 11.162062002507959, 19.080980736036107, 32.839709254484504, 51.806753857076814, 41.147345271109153],
 siglist 
[0.7579, 0.6869000000000001, 0.6941999999999999, 0.9981, 0.9676, 0.9982, 0.2921, 0.9997, 0.9934, 0.9802, 0.9927, 0.9755, 1.0, 0.8749, 0.9916, 0.2116, 0.9615, 0.9628, 0.9851, 0.9654],
 powerlist 
[0.25141049009973593, 0.25202827427935864, 0.24815217937333162, 0.30229969962014341, 0.26919526276015254, 0.29075432591777522, 0.22450363964403158, 0.30419549960616027, 0.28768866823888389, 0.26633383563169788, 0.25552305245735563, 0.24241140980986697, 0.28132067099717212, 0.22314274697549591, 0.26110828374463724, 0.19498164912080215, 0.25112206246764868, 0.24005109611699083, 0.2473798154021716, 0.2419882932158284],
 listnumberlist 
[0, 0, 0, 0, 0, 0, 0, 0, 0, 0, 0, 0, 0, 0, 0, 0, 0, 0, 0, 0],
 end of file
