fullmaglist 
[22.526315789473685, 22.526315789473685, 22.526315789473685, 22.526315789473685, 22.526315789473685, 22.526315789473685, 22.526315789473685, 22.526315789473685, 22.526315789473685, 22.526315789473685, 22.526315789473685, 22.526315789473685, 22.526315789473685, 22.526315789473685, 22.526315789473685, 22.526315789473685, 22.526315789473685, 22.526315789473685, 22.526315789473685, 22.526315789473685],
 periodlist 
[0.0031622776601683798, 0.0054555947811685199, 0.0094120496726806703, 0.016237767391887217, 0.028013567611988671, 0.048329302385717518, 0.083378222347178912, 0.14384498882876623, 0.24816289228368255, 0.42813323987193919, 0.73861998220793579, 1.2742749857031335, 2.1983926488622894, 3.7926901907322494, 6.5431891297129621, 11.288378916846883, 19.474830399087551, 33.59818286283781, 57.963939533849604, 100.0],
 measuredperiodlist 
[0.0031622774568808415, 0.0054555944230415499, 0.0094120497001925502, 0.016237766227531876, 0.028013554992918344, 0.048329331013540942, 0.083378138384052017, 0.14384532319394686, 0.2481653400317618, 0.42813762074818335, 0.73861098574620943, 1.2742679433289663, 2.1983988746689977, 3.792572406330458, 6.5438036768294268, 11.291191624614616, 19.481933492840767, 33.59296454557731, 57.991122958072644, 99.869294096630782],
 siglist 
[0.00029999999999996696, 1.0, 1.0, 1.0, 1.0, 0.9776, 0.9998, 1.0, 0.2146, 1.0, 1.0, 1.0, 1.0, 1.0, 1.0, 0.9955, 1.0, 1.0, 1.0, 1.0],
 powerlist 
[0.068202519372591905, 0.17480902910035923, 0.13090043373315391, 0.11425867443926332, 0.19901829360026851, 0.089230205167610044, 0.092331148044230232, 0.11082452274054583, 0.069254613000015633, 0.14087188936938311, 0.11390792258369198, 0.13343820032772116, 0.10626403293303496, 0.12554154797484887, 0.12453611996613595, 0.073458785322612116, 0.12353259014503243, 0.11088180766090869, 0.11470311629218671, 0.16413024648891836],
 listnumberlist 
[0, 0, 0, 0, 0, 0, 0, 0, 0, 0, 0, 0, 0, 0, 0, 0, 0, 0, 0, 0],
 end of file
