fullmaglist 
[19.57894736842105, 19.57894736842105, 19.57894736842105, 19.57894736842105, 19.57894736842105, 19.57894736842105, 19.57894736842105, 19.57894736842105, 19.57894736842105, 19.57894736842105, 19.57894736842105, 19.57894736842105, 19.57894736842105, 19.57894736842105, 19.57894736842105, 19.57894736842105, 19.57894736842105, 19.57894736842105, 19.57894736842105, 19.57894736842105],
 periodlist 
[0.0031622776601683798, 0.0054555947811685199, 0.0094120496726806703, 0.016237767391887217, 0.028013567611988671, 0.048329302385717518, 0.083378222347178912, 0.14384498882876623, 0.24816289228368255, 0.42813323987193919, 0.73861998220793579, 1.2742749857031335, 2.1983926488622894, 3.7926901907322494, 6.5431891297129621, 11.288378916846883, 19.474830399087551, 33.59818286283781, 57.963939533849604, 100.0],
 measuredperiodlist 
[0.0031622617530007503, 0.0054556269023067205, 0.0094119934184057254, 0.049870026633149878, 0.028013149966841989, 0.048330716752823417, 0.083378921721471058, 0.14385902068983081, 0.13984093426759173, 0.42768876438185599, 0.73861686454489539, 0.55995013968811835, 0.54681376682681304, 3.7918045874456885, 1.6843098608203018, 16.501399572755385, 33.996390139407957, 34.184799724719056, 33.996390139407957, 17.551458221957436],
 siglist 
[0.021399999999999975, 1.0, 0.9978, 0.3153, 1.0, 0.986, 0.5285, 1.0, 0.2841, 1.0, 0.9969, 0.9991, 0.952, 1.0, 0.5569999999999999, 0.8325, 0.8657, 0.9992, 0.9988, 0.5909],
 powerlist 
[0.23462372072179663, 0.40549998294563028, 0.33406080225154422, 0.24764231422224448, 0.45209569931675087, 0.30756517354030072, 0.25142563995469513, 0.40316911427834079, 0.24037735265929608, 0.38731930495888989, 0.28780324848842809, 0.30985240445021278, 0.25457682899705736, 0.33139466919569405, 0.21345145717804262, 0.24106625342582927, 0.23316065430230379, 0.31350918897522051, 0.30919266963704861, 0.22002644261973839],
 listnumberlist 
[0, 0, 0, 0, 0, 0, 0, 0, 0, 0, 0, 0, 0, 0, 0, 0, 0, 0, 0, 0],
 end of file
