fullmaglist 
[18.105263157894736, 18.105263157894736, 18.105263157894736, 18.105263157894736, 18.105263157894736, 18.105263157894736, 18.105263157894736, 18.105263157894736, 18.105263157894736, 18.105263157894736, 18.105263157894736, 18.105263157894736, 18.105263157894736, 18.105263157894736, 18.105263157894736, 18.105263157894736, 18.105263157894736, 18.105263157894736, 18.105263157894736, 18.105263157894736],
 periodlist 
[0.0031622776601683798, 0.0054555947811685199, 0.0094120496726806703, 0.016237767391887217, 0.028013567611988671, 0.048329302385717518, 0.083378222347178912, 0.14384498882876623, 0.24816289228368255, 0.42813323987193919, 0.73861998220793579, 1.2742749857031335, 2.1983926488622894, 3.7926901907322494, 6.5431891297129621, 11.288378916846883, 19.474830399087551, 33.59818286283781, 57.963939533849604, 100.0],
 measuredperiodlist 
[0.0031622727626644987, 0.0054555994732333919, 0.0094120444381171394, 0.016237594554333847, 0.028012776833933929, 0.048329626181276862, 0.010919057068763147, 0.25365014029532013, 0.010399901501256061, 0.42828270680237041, 0.7382743489537289, 0.59221333883852378, 0.70858192211057758, 3.7978072928657807, 1.0004071207388385, 27.96121252828803, 27.96121252828803, 35.013979557008014, 49.126323725944424, 126.36128287115255],
 siglist 
[0.056499999999999995, 0.7142999999999999, 0.9688, 0.06469999999999998, 0.893, 0.9988, 0.3387, 0.9998, 0.015900000000000025, 0.9994, 0.9975, 0.5442, 0.7542, 1.0, 0.9449, 0.8965, 0.9995, 0.9638, 0.859, 0.8475],
 powerlist 
[0.22275028870072569, 0.25570093279583689, 0.28287972122360577, 0.21398043251186197, 0.26858221642708169, 0.30185264143051743, 0.22597935259285545, 0.31567730258420307, 0.21579781319433372, 0.30681357706860768, 0.2782148114884872, 0.20355598520618237, 0.2230992840741011, 0.33241130593524254, 0.23476976589789161, 0.23091823665755468, 0.28875905738561547, 0.24237514957696732, 0.22381715301092558, 0.22910991717723728],
 listnumberlist 
[0, 0, 0, 0, 0, 0, 0, 0, 0, 0, 0, 0, 0, 0, 0, 0, 0, 0, 0, 0],
 end of file
