fullmaglist 
[17.0, 17.0, 17.0, 17.0, 17.0, 17.0, 17.0, 17.0, 17.0, 17.0, 17.0, 17.0, 17.0, 17.0, 17.0, 17.0, 17.0, 17.0, 17.0, 17.0],
 periodlist 
[0.0031622776601683798, 0.0054555947811685199, 0.0094120496726806703, 0.016237767391887217, 0.028013567611988671, 0.048329302385717518, 0.083378222347178912, 0.14384498882876623, 0.24816289228368255, 0.42813323987193919, 0.73861998220793579, 1.2742749857031335, 2.1983926488622894, 3.7926901907322494, 6.5431891297129621, 11.288378916846883, 19.474830399087551, 33.59818286283781, 57.963939533849604, 100.0],
 measuredperiodlist 
[0.0040232846281369767, 0.005455555627504681, 0.0039078566464024293, 0.17036720147331053, 0.028013068590288064, 0.048329474842727024, 0.087711291654183968, 0.13548968573144674, 0.24816566867107362, 0.093559879587620243, 1.3671016788650645, 2.5597687184010818, 1.0433235360839177, 3.8014024518627085, 1.432786504195632, 21.108933356719227, 19.055121399717674, 15.951157940098637, 47.130437417620854, 22.210111355165093],
 siglist 
[0.21120000000000005, 1.0, 0.7267, 0.29600000000000004, 0.9733, 0.9716, 0.8446, 0.9889, 1.0, 0.9348, 0.9748, 0.9566, 0.9211, 0.9838, 0.9929, 0.9996, 0.9942, 0.9868, 0.9936, 0.9249],
 powerlist 
[0.2310066500100548, 0.33338095827038033, 0.25615817101234123, 0.22490400362821705, 0.28428697506553124, 0.27264433017337031, 0.24858563328630487, 0.30192952721325594, 0.34885821524576111, 0.25567542946524457, 0.24747006460386939, 0.2399929095265943, 0.2311929168443814, 0.2498495004300455, 0.26302990553272276, 0.29111524531142885, 0.26227594240184526, 0.24427942619014986, 0.25750154941875447, 0.23782094680512339],
 listnumberlist 
[0, 0, 0, 0, 0, 0, 0, 0, 0, 0, 0, 0, 0, 0, 0, 0, 0, 0, 0, 0],
 end of file
