fullmaglist 
[17.736842105263158, 17.736842105263158, 17.736842105263158, 17.736842105263158, 17.736842105263158, 17.736842105263158, 17.736842105263158, 17.736842105263158, 17.736842105263158, 17.736842105263158, 17.736842105263158, 17.736842105263158, 17.736842105263158, 17.736842105263158, 17.736842105263158, 17.736842105263158, 17.736842105263158, 17.736842105263158, 17.736842105263158, 17.736842105263158],
 periodlist 
[0.0031622776601683798, 0.0054555947811685199, 0.0094120496726806703, 0.016237767391887217, 0.028013567611988671, 0.048329302385717518, 0.083378222347178912, 0.14384498882876623, 0.24816289228368255, 0.42813323987193919, 0.73861998220793579, 1.2742749857031335, 2.1983926488622894, 3.7926901907322494, 6.5431891297129621, 11.288378916846883, 19.474830399087551, 33.59818286283781, 57.963939533849604, 100.0],
 measuredperiodlist 
[0.0031622778637821858, 0.0054555946781020019, 0.0094120478713519608, 0.01623776459693926, 0.028013562114504821, 0.048329325819785836, 0.08337817711376401, 0.14384508560168371, 0.24816271704837567, 0.42813322628416806, 0.73862330669051979, 1.274291668153289, 2.1983760374901498, 3.7925823376363827, 6.5436743424074137, 11.287198767517685, 19.474338641664367, 33.596547494271533, 57.95581226511262, 100.09497622331223],
 siglist 
[0.55, 1.0, 1.0, 1.0, 1.0, 1.0, 1.0, 1.0, 0.9989, 1.0, 1.0, 1.0, 1.0, 1.0, 1.0, 1.0, 1.0, 1.0, 1.0, 1.0],
 powerlist 
[0.052526403286537869, 0.16257293310272375, 0.17220276377835336, 0.14178109061688091, 0.19970219175154361, 0.10463899991936106, 0.082629860211579115, 0.15376524625394233, 0.068153384160260636, 0.16774441470955026, 0.14380231553481071, 0.17613368822578512, 0.123939368336891, 0.16219017069893157, 0.14338449165673728, 0.089400569804974753, 0.1306238082517259, 0.18404539202402243, 0.19519032077791809, 0.21217335864953529],
 listnumberlist 
[0, 0, 0, 0, 0, 0, 0, 0, 0, 0, 0, 0, 0, 0, 0, 0, 0, 0, 0, 0],
 end of file
