fullmaglist 
[20.31578947368421, 20.31578947368421, 20.31578947368421, 20.31578947368421, 20.31578947368421, 20.31578947368421, 20.31578947368421, 20.31578947368421, 20.31578947368421, 20.31578947368421, 20.31578947368421, 20.31578947368421, 20.31578947368421, 20.31578947368421, 20.31578947368421, 20.31578947368421, 20.31578947368421, 20.31578947368421, 20.31578947368421, 20.31578947368421],
 periodlist 
[0.0031622776601683798, 0.0054555947811685199, 0.0094120496726806703, 0.016237767391887217, 0.028013567611988671, 0.048329302385717518, 0.083378222347178912, 0.14384498882876623, 0.24816289228368255, 0.42813323987193919, 0.73861998220793579, 1.2742749857031335, 2.1983926488622894, 3.7926901907322494, 6.5431891297129621, 11.288378916846883, 19.474830399087551, 33.59818286283781, 57.963939533849604, 100.0],
 measuredperiodlist 
[0.0099383139577766417, 0.0054555673407260044, 0.0031852230103197963, 0.01623807389138255, 0.02801311040069613, 0.048328677816320935, 0.083376172293492049, 0.14382500765613798, 0.24821189339076485, 0.42836317801292506, 0.73775129479640367, 1.2773650591714569, 2.1978662695255911, 3.7882723161798428, 6.5553288386681379, 11.168715027341683, 9.927540644803285, 41.382497952205277, 60.438275277667067, 120.06229967569357],
 siglist 
[0.6884, 0.9717, 0.9537, 0.6605, 1.0, 0.7594, 0.9951, 1.0, 0.21799999999999997, 1.0, 0.9317, 0.7644, 1.0, 1.0, 0.9996, 0.22660000000000002, 0.598, 0.9954, 0.4969, 0.8190999999999999],
 powerlist 
[0.2534710577529658, 0.28316403074966673, 0.27311785023575075, 0.24519890398540706, 0.33614364591659585, 0.24806075894981738, 0.29314706287090819, 0.35118259514335215, 0.2231099154858355, 0.35463286597627125, 0.23369247608300414, 0.21611148827326435, 0.29799995164401427, 0.40279767509270387, 0.2928076027309815, 0.1930988905636204, 0.21200122011854183, 0.26597117987454505, 0.20263810863392076, 0.22389816466678758],
 listnumberlist 
[0, 0, 0, 0, 0, 0, 0, 0, 0, 0, 0, 0, 0, 0, 0, 0, 0, 0, 0, 0],
 end of file
