fullmaglist 
[18.105263157894736, 18.105263157894736, 18.105263157894736, 18.105263157894736, 18.105263157894736, 18.105263157894736, 18.105263157894736, 18.105263157894736, 18.105263157894736, 18.105263157894736, 18.105263157894736, 18.105263157894736, 18.105263157894736, 18.105263157894736, 18.105263157894736, 18.105263157894736, 18.105263157894736, 18.105263157894736, 18.105263157894736, 18.105263157894736],
 periodlist 
[0.0031622776601683798, 0.0054555947811685199, 0.0094120496726806703, 0.016237767391887217, 0.028013567611988671, 0.048329302385717518, 0.083378222347178912, 0.14384498882876623, 0.24816289228368255, 0.42813323987193919, 0.73861998220793579, 1.2742749857031335, 2.1983926488622894, 3.7926901907322494, 6.5431891297129621, 11.288378916846883, 19.474830399087551, 33.59818286283781, 57.963939533849604, 100.0],
 measuredperiodlist 
[0.0029378823942908688, 0.0041434082972473243, 0.0066312631163228039, 0.010613730922706309, 0.013350555011566833, 0.084501885062707019, 0.010902462966938878, 0.031223681619372196, 0.02392612608808687, 0.33306830069816579, 1.0483838111957593, 1.3958454535471074, 0.60251340995457636, 1.588068215309848, 0.52699095668548468, 96.603655237744817, 25.9131162785444, 9.8454489393841875, 19.221308564464891, 121.82578608567097],
 siglist 
[9.999999999998899e-05, 0.05689999999999995, 0.012599999999999945, 0.8223, 0.01759999999999995, 0.08520000000000005, 0.0, 0.51, 0.005600000000000049, 0.01759999999999995, 0.006900000000000017, 0.8343, 0.11270000000000002, 0.7397, 0.3077, 0.0037000000000000366, 0.036900000000000044, 0.2983, 0.26449999999999996, 0.5344],
 powerlist 
[0.31045853134513479, 0.36421489121127759, 0.33318001710090361, 0.39396136078577448, 0.31358008282658739, 0.33349106364274705, 0.26843520609180893, 0.36686954419166329, 0.31279327766590947, 0.3163317099748309, 0.18917200186682914, 0.34547232275682838, 0.2389801652156481, 0.32512438890013329, 0.26784230451333818, 0.18666084491071494, 0.21813544162099019, 0.2711195613721592, 0.26536801141815086, 0.29992182547746427],
 listnumberlist 
[0, 0, 0, 0, 0, 0, 0, 0, 0, 0, 0, 0, 0, 0, 0, 0, 0, 0, 0, 0],
 end of file
