fullmaglist 
[17.0, 17.0, 17.0, 17.0, 17.0, 17.0, 17.0, 17.0, 17.0, 17.0, 17.0, 17.0, 17.0, 17.0, 17.0, 17.0, 17.0, 17.0, 17.0, 17.0],
 periodlist 
[0.0031622776601683798, 0.0054555947811685199, 0.0094120496726806703, 0.016237767391887217, 0.028013567611988671, 0.048329302385717518, 0.083378222347178912, 0.14384498882876623, 0.24816289228368255, 0.42813323987193919, 0.73861998220793579, 1.2742749857031335, 2.1983926488622894, 3.7926901907322494, 6.5431891297129621, 11.288378916846883, 19.474830399087551, 33.59818286283781, 57.963939533849604, 100.0],
 measuredperiodlist 
[0.0031622774543861054, 0.0035715071951223699, 0.011877492628207189, 0.016237862476031883, 0.028012799793660587, 0.048326172805587576, 0.014972882186320719, 0.013015449215533785, 0.013151415520033054, 0.43412280658464714, 0.72163852294296793, 1.2740615544508522, 2.6350856551749162, 3.7911344156505309, 4.598144585346513, 35.57868225960177, 16.335622962070349, 16.335622962070349, 20.525709945312968, 12.504999472441936],
 siglist 
[0.562, 0.11399999999999999, 0.3228, 0.5711999999999999, 0.8190999999999999, 1.0, 0.8981, 0.874, 0.6875, 0.9281, 0.9231, 0.9355, 0.00029999999999996696, 0.8551, 0.8339, 0.996, 0.8768, 0.6851, 0.9726, 0.7176],
 powerlist 
[0.28512461589778887, 0.28672022915871537, 0.2727616532496574, 0.29185156244654947, 0.29960905212176131, 0.37098128817931192, 0.30335841891589632, 0.29837994692694547, 0.29896396638291395, 0.30980321163170349, 0.28609226374103358, 0.28432081809826149, 0.19353223251310298, 0.26316459351221239, 0.27049855890568719, 0.32031068331166573, 0.26577930978982067, 0.25020755062519662, 0.28190522799592999, 0.24905454238979716],
 listnumberlist 
[0, 0, 0, 0, 0, 0, 0, 0, 0, 0, 0, 0, 0, 0, 0, 0, 0, 0, 0, 0],
 end of file
