fullmaglist 
[21.789473684210527, 21.789473684210527, 21.789473684210527, 21.789473684210527, 21.789473684210527, 21.789473684210527, 21.789473684210527, 21.789473684210527, 21.789473684210527, 21.789473684210527, 21.789473684210527, 21.789473684210527, 21.789473684210527, 21.789473684210527, 21.789473684210527, 21.789473684210527, 21.789473684210527, 21.789473684210527, 21.789473684210527, 21.789473684210527],
 periodlist 
[0.0031622776601683798, 0.0054555947811685199, 0.0094120496726806703, 0.016237767391887217, 0.028013567611988671, 0.048329302385717518, 0.083378222347178912, 0.14384498882876623, 0.24816289228368255, 0.42813323987193919, 0.73861998220793579, 1.2742749857031335, 2.1983926488622894, 3.7926901907322494, 6.5431891297129621, 11.288378916846883, 19.474830399087551, 33.59818286283781, 57.963939533849604, 100.0],
 measuredperiodlist 
[0.0076694035962326943, 0.003565302792586949, 0.0031473896653449423, 0.024558615864157401, 0.017507347942071452, 0.15243610521026085, 0.032144829510493675, 0.14385351929759585, 0.24814342672671619, 0.028787888620321462, 0.73845673691201641, 1.2716107744152572, 1.9439397673136833, 3.7981379201904848, 6.5495819063454901, 27.864443900292748, 19.097029862843641, 33.52723487213423, 29.008956317275587, 29.008956317275587],
 siglist 
[0.7624, 0.44110000000000005, 0.1269, 0.3712, 0.478, 0.6422, 0.7708, 0.9994, 0.9673, 0.035800000000000054, 0.9972, 0.9985, 0.062000000000000055, 0.9984, 0.8839, 0.6666000000000001, 0.7186, 0.5669, 0.12339999999999995, 0.022499999999999964],
 powerlist 
[0.29326465736615642, 0.24660808082361713, 0.2895172774415965, 0.26251030025909544, 0.23226080808124824, 0.27258899751912641, 0.29286628118704394, 0.34657845602005943, 0.28456943052812783, 0.22941589027370227, 0.26766282553530263, 0.296841879933888, 0.19362901774881319, 0.28153408637833677, 0.24974553435632979, 0.22177426570254552, 0.22489171081698048, 0.22951373529729022, 0.19619952762231987, 0.20138823925076693],
 listnumberlist 
[0, 0, 0, 0, 0, 0, 0, 0, 0, 0, 0, 0, 0, 0, 0, 0, 0, 0, 0, 0],
 end of file
