fullmaglist 
[17.736842105263158, 17.736842105263158, 17.736842105263158, 17.736842105263158, 17.736842105263158, 17.736842105263158, 17.736842105263158, 17.736842105263158, 17.736842105263158, 17.736842105263158, 17.736842105263158, 17.736842105263158, 17.736842105263158, 17.736842105263158, 17.736842105263158, 17.736842105263158, 17.736842105263158, 17.736842105263158, 17.736842105263158, 17.736842105263158],
 periodlist 
[0.0031622776601683798, 0.0054555947811685199, 0.0094120496726806703, 0.016237767391887217, 0.028013567611988671, 0.048329302385717518, 0.083378222347178912, 0.14384498882876623, 0.24816289228368255, 0.42813323987193919, 0.73861998220793579, 1.2742749857031335, 2.1983926488622894, 3.7926901907322494, 6.5431891297129621, 11.288378916846883, 19.474830399087551, 33.59818286283781, 57.963939533849604, 100.0],
 measuredperiodlist 
[0.0031622724114723183, 0.0054555729777096629, 0.004149640204430336, 0.016237632950838167, 0.013581417198306777, 0.013101979624325411, 0.083374099059628851, 0.14383043113305952, 0.013160042660309772, 0.42838609859058602, 0.73917224160819583, 1.274933875818266, 2.191748096148427, 0.71501320190210982, 6.5024605722714783, 16.24570121408242, 16.24570121408242, 31.338542880939741, 34.157557606188263, 27.005534532038205],
 siglist 
[0.15780000000000005, 0.9994, 0.34119999999999995, 0.8658, 0.41669999999999996, 0.6177, 0.995, 0.9227, 0.32330000000000003, 0.9654, 0.7947, 1.0, 0.9604, 0.6348, 0.9772, 0.7632, 0.9963, 0.10170000000000001, 0.9999, 0.10229999999999995],
 powerlist 
[0.22567963816595529, 0.30661496487729767, 0.25211456060643078, 0.25592622556453781, 0.229032588027648, 0.24694079913603328, 0.2801646749471105, 0.25450605266236187, 0.22679714894365993, 0.27007130050408529, 0.22319976873317984, 0.31758688097002163, 0.23460632267092285, 0.2144062653461086, 0.24283349438290247, 0.21972693850745426, 0.26417093135915498, 0.18579292171602796, 0.30294403961249339, 0.18793854406968286],
 listnumberlist 
[0, 0, 0, 0, 0, 0, 0, 0, 0, 0, 0, 0, 0, 0, 0, 0, 0, 0, 0, 0],
 end of file
