fullmaglist 
[18.105263157894736, 18.105263157894736, 18.105263157894736, 18.105263157894736, 18.105263157894736, 18.105263157894736, 18.105263157894736, 18.105263157894736, 18.105263157894736, 18.105263157894736, 18.105263157894736, 18.105263157894736, 18.105263157894736, 18.105263157894736, 18.105263157894736, 18.105263157894736, 18.105263157894736, 18.105263157894736, 18.105263157894736, 18.105263157894736],
 periodlist 
[0.0031622776601683798, 0.0054555947811685199, 0.0094120496726806703, 0.016237767391887217, 0.028013567611988671, 0.048329302385717518, 0.083378222347178912, 0.14384498882876623, 0.24816289228368255, 0.42813323987193919, 0.73861998220793579, 1.2742749857031335, 2.1983926488622894, 3.7926901907322494, 6.5431891297129621, 11.288378916846883, 19.474830399087551, 33.59818286283781, 57.963939533849604, 100.0],
 measuredperiodlist 
[0.0031622732563541308, 0.0098975585329151884, 0.004446019694469088, 0.016237659119349955, 0.028013128693299031, 0.048330846409597741, 0.083381389742768736, 0.14807554132741552, 0.26127442904426956, 0.36444028429394687, 1.460323198907802, 0.56157346476499148, 1.2448398044080764, 0.67091122406671611, 1.2217753104850266, 60.908571518983969, 72.256896548666688, 32.489962240103004, 23.658959275231823, 38.951859893641107],
 siglist 
[0.593, 0.9656, 0.9387, 1.0, 0.9741, 0.9957, 0.9804, 0.9941, 0.9984, 0.954, 1.0, 0.9976, 0.8833, 0.9991, 1.0, 0.9994, 1.0, 1.0, 0.9985, 0.9998],
 powerlist 
[0.25494485983305554, 0.27726125632548976, 0.27557164958085006, 0.34095213988513401, 0.29034213248614354, 0.2938807076550804, 0.27557507912977575, 0.30108138268963192, 0.3041981376593994, 0.26489208382302504, 0.30979192277778062, 0.27774563992150197, 0.23370489595195043, 0.28081233426979163, 0.31300267358192424, 0.29371972379910483, 0.33653623658895293, 0.32295982276394714, 0.27710981138899526, 0.3014935059647717],
 listnumberlist 
[0, 0, 0, 0, 0, 0, 0, 0, 0, 0, 0, 0, 0, 0, 0, 0, 0, 0, 0, 0],
 end of file
