fullmaglist 
[19.57894736842105, 19.57894736842105, 19.57894736842105, 19.57894736842105, 19.57894736842105, 19.57894736842105, 19.57894736842105, 19.57894736842105, 19.57894736842105, 19.57894736842105, 19.57894736842105, 19.57894736842105, 19.57894736842105, 19.57894736842105, 19.57894736842105, 19.57894736842105, 19.57894736842105, 19.57894736842105, 19.57894736842105, 19.57894736842105],
 periodlist 
[0.0031622776601683798, 0.0054555947811685199, 0.0094120496726806703, 0.016237767391887217, 0.028013567611988671, 0.048329302385717518, 0.083378222347178912, 0.14384498882876623, 0.24816289228368255, 0.42813323987193919, 0.73861998220793579, 1.2742749857031335, 2.1983926488622894, 3.7926901907322494, 6.5431891297129621, 11.288378916846883, 19.474830399087551, 33.59818286283781, 57.963939533849604, 100.0],
 measuredperiodlist 
[0.0031622673844562584, 0.0054555575271425134, 0.010107538181210303, 0.016237820672368102, 0.094989061572497355, 0.010476946889734799, 0.086727151347712736, 0.010760435663155779, 0.24821520608283243, 0.42792301504171504, 4.6448118545034882, 0.55945194191348879, 2.2021454312611306, 3.7912839659361781, 4.0289717837724703, 23.658959275231823, 22.732145438329372, 28.704268413305442, 28.704268413305442, 25.895679467749439],
 siglist 
[0.0474, 0.8377, 0.8498, 0.9873, 0.08879999999999999, 0.6095999999999999, 0.9978, 0.8061, 0.6235999999999999, 0.9929, 0.5077, 0.24919999999999998, 0.9041, 0.9932, 0.7632, 0.377, 0.9459, 0.9719, 0.9081, 0.5989],
 powerlist 
[0.21996764787420456, 0.26325946716938803, 0.25930903324433813, 0.28256738751230548, 0.21843398785326779, 0.2462533760259028, 0.29067254739244563, 0.2542528482773892, 0.23648416529773325, 0.2833485604250095, 0.20490510414821358, 0.19598015418708287, 0.2268663947939672, 0.25762071015875554, 0.22134325577974889, 0.19864702646896107, 0.23433322428691195, 0.25163487693923481, 0.22692263559762149, 0.20843525935723659],
 listnumberlist 
[0, 0, 0, 0, 0, 0, 0, 0, 0, 0, 0, 0, 0, 0, 0, 0, 0, 0, 0, 0],
 end of file
