fullmaglist 
[23.63157894736842, 23.63157894736842, 23.63157894736842, 23.63157894736842, 23.63157894736842, 23.63157894736842, 23.63157894736842, 23.63157894736842, 23.63157894736842, 23.63157894736842, 23.63157894736842, 23.63157894736842, 23.63157894736842, 23.63157894736842, 23.63157894736842, 23.63157894736842, 23.63157894736842, 23.63157894736842, 23.63157894736842, 23.63157894736842],
 periodlist 
[0.0031622776601683798, 0.0054555947811685199, 0.0094120496726806703, 0.016237767391887217, 0.028013567611988671, 0.048329302385717518, 0.083378222347178912, 0.14384498882876623, 0.24816289228368255, 0.42813323987193919, 0.73861998220793579, 1.2742749857031335, 2.1983926488622894, 3.7926901907322494, 6.5431891297129621, 11.288378916846883, 19.474830399087551, 33.59818286283781, 57.963939533849604, 100.0],
 measuredperiodlist 
[0.004483779332080948, 0.0046555303620980691, 0.0084841880754972076, 0.016246965721245114, 0.010274157199021805, 0.022106598627172552, 0.083372946150042038, 0.012776753539865945, 0.076386975364174242, 0.17880097022332489, 1.7718613242628338, 3.4013363869551356, 1.7623086250590174, 3.8277093054492011, 0.56039149688470924, 11.345351402947234, 19.85094540652721, 37.738670059970687, 50.548517059335502, 95.672964563227282],
 siglist 
[0.2772, 0.15959999999999996, 0.7609, 0.30600000000000005, 0.20330000000000004, 0.17879999999999996, 0.6377999999999999, 0.9697, 0.7402, 0.1935, 0.5844, 0.6930000000000001, 0.9571, 0.9989, 0.895, 0.8429, 0.5571999999999999, 0.49250000000000005, 0.4778, 0.6455],
 powerlist 
[0.2986409524911523, 0.27034699382992655, 0.32435470595712579, 0.2788059790634429, 0.26572371446828835, 0.26447922322879519, 0.29607097333601562, 0.33886505962281543, 0.30147446507524589, 0.27958829930768281, 0.24578887208352612, 0.26614442791421428, 0.28694957664904791, 0.34043083404288799, 0.27055426336092486, 0.26900303084122645, 0.24109263400682868, 0.24782193666528318, 0.23736897287979317, 0.24081804543887345],
 listnumberlist 
[0, 0, 0, 0, 0, 0, 0, 0, 0, 0, 0, 0, 0, 0, 0, 0, 0, 0, 0, 0],
 end of file
