fullmaglist 
[17.736842105263158, 17.736842105263158, 17.736842105263158, 17.736842105263158, 17.736842105263158, 17.736842105263158, 17.736842105263158, 17.736842105263158, 17.736842105263158, 17.736842105263158, 17.736842105263158, 17.736842105263158, 17.736842105263158, 17.736842105263158, 17.736842105263158, 17.736842105263158, 17.736842105263158, 17.736842105263158, 17.736842105263158, 17.736842105263158],
 periodlist 
[0.0031622776601683798, 0.0054555947811685199, 0.0094120496726806703, 0.016237767391887217, 0.028013567611988671, 0.048329302385717518, 0.083378222347178912, 0.14384498882876623, 0.24816289228368255, 0.42813323987193919, 0.73861998220793579, 1.2742749857031335, 2.1983926488622894, 3.7926901907322494, 6.5431891297129621, 11.288378916846883, 19.474830399087551, 33.59818286283781, 57.963939533849604, 100.0],
 measuredperiodlist 
[0.0041294580308773657, 0.004101785004271611, 0.0091961911285765498, 0.016115888938934401, 0.016477130415542808, 0.022274326524554935, 0.014154653362622378, 0.017386166283100375, 0.01390533502737382, 0.014694995045151807, 1.0087306092338424, 1.4323199111384148, 2.2028420137024405, 1.4472528909387927, 2.3783400562622163, 12.640322484933847, 23.176634457227539, 9.9228643256958105, 52.993957062718856, 10.926518280709336],
 siglist 
[0.00660000000000005, 0.007900000000000018, 0.9177, 0.4173, 0.4435, 0.6382, 0.7911, 0.40149999999999997, 0.4685, 0.42000000000000004, 0.0039000000000000146, 0.8204, 0.6229, 0.8744000000000001, 0.8128, 0.8952, 0.3074, 0.006000000000000005, 0.5313, 0.933],
 powerlist 
[0.33476772625373119, 0.3479898783515048, 0.46429811957895062, 0.36589599581358462, 0.3726892637131336, 0.39286591680882865, 0.41413102912318328, 0.37260649016416464, 0.37127813731454368, 0.37186182478635693, 0.18225874161916411, 0.34459500015040234, 0.32822717184257, 0.37007886273408536, 0.3716407392955588, 0.36186767492831817, 0.27792292259766538, 0.19111294000121204, 0.30083388827968349, 0.37318795255298493],
 listnumberlist 
[0, 0, 0, 0, 0, 0, 0, 0, 0, 0, 0, 0, 0, 0, 0, 0, 0, 0, 0, 0],
 end of file
