fullmaglist 
[19.57894736842105, 19.57894736842105, 19.57894736842105, 19.57894736842105, 19.57894736842105, 19.57894736842105, 19.57894736842105, 19.57894736842105, 19.57894736842105, 19.57894736842105, 19.57894736842105, 19.57894736842105, 19.57894736842105, 19.57894736842105, 19.57894736842105, 19.57894736842105, 19.57894736842105, 19.57894736842105, 19.57894736842105, 19.57894736842105],
 periodlist 
[0.0031622776601683798, 0.0054555947811685199, 0.0094120496726806703, 0.016237767391887217, 0.028013567611988671, 0.048329302385717518, 0.083378222347178912, 0.14384498882876623, 0.24816289228368255, 0.42813323987193919, 0.73861998220793579, 1.2742749857031335, 2.1983926488622894, 3.7926901907322494, 6.5431891297129621, 11.288378916846883, 19.474830399087551, 33.59818286283781, 57.963939533849604, 100.0],
 measuredperiodlist 
[0.0031622807668898714, 0.0054855209659989204, 0.0093240782498633032, 0.016237991814136522, 0.028012758360285515, 0.017282393357108707, 0.083372327743276339, 0.14384923836865393, 0.01765206794244642, 0.06881488344350066, 0.73818453963501751, 1.2764353693609745, 0.62117329274193078, 3.7978072928657798, 4.7185449626363365, 11.316301055793575, 19.175838707987449, 34.376413491182497, 46.314236939892488, 97.501706008261394],
 siglist 
[0.19230000000000003, 0.9999, 0.9928, 0.9996, 0.924, 0.8456, 1.0, 0.9984, 0.023399999999999976, 0.5647, 0.8117, 0.9198999999999999, 0.21150000000000002, 1.0, 0.6334, 0.9994, 0.9981, 1.0, 0.9911, 0.8593],
 powerlist 
[0.23274702564369443, 0.3418002334422473, 0.28998910267907085, 0.31484210979589133, 0.25528522684429789, 0.24964930743782759, 0.33110837526348091, 0.29855012436386708, 0.21191403307662263, 0.23374666617387363, 0.22684481040563412, 0.22889784324400847, 0.1902517424689518, 0.31087269136709195, 0.20757571444509276, 0.28814322444113516, 0.27358263625735263, 0.30402120342006717, 0.25624730650003258, 0.2232449619228889],
 listnumberlist 
[0, 0, 0, 0, 0, 0, 0, 0, 0, 0, 0, 0, 0, 0, 0, 0, 0, 0, 0, 0],
 end of file
