fullmaglist 
[23.263157894736842, 23.263157894736842, 23.263157894736842, 23.263157894736842, 23.263157894736842, 23.263157894736842, 23.263157894736842, 23.263157894736842, 23.263157894736842, 23.263157894736842, 23.263157894736842, 23.263157894736842, 23.263157894736842, 23.263157894736842, 23.263157894736842, 23.263157894736842, 23.263157894736842, 23.263157894736842, 23.263157894736842, 23.263157894736842],
 periodlist 
[0.0031622776601683798, 0.0054555947811685199, 0.0094120496726806703, 0.016237767391887217, 0.028013567611988671, 0.048329302385717518, 0.083378222347178912, 0.14384498882876623, 0.24816289228368255, 0.42813323987193919, 0.73861998220793579, 1.2742749857031335, 2.1983926488622894, 3.7926901907322494, 6.5431891297129621, 11.288378916846883, 19.474830399087551, 33.59818286283781, 57.963939533849604, 100.0],
 measuredperiodlist 
[0.0051526712067612957, 0.0051574753618322238, 0.006942009689439769, 0.020469349390136039, 0.010039521792348098, 0.054802718263752465, 0.020468596040836409, 0.14894198020453556, 0.072316005255323099, 0.021491594867983736, 0.7373887140127473, 0.55945150782650932, 1.362848330435644, 1.0648606899207675, 3.0430379772269007, 10.915827634400717, 11.074394014301063, 16.010776262293547, 66.793792438807529, 10.446913487872724],
 siglist 
[0.8315, 0.4556, 0.6624, 0.21209999999999996, 0.3415, 0.16310000000000002, 0.13370000000000004, 0.9926, 0.09940000000000004, 0.30169999999999997, 0.9997, 0.9077999999999999, 0.9765, 0.8339, 0.060899999999999954, 0.9794, 0.8968, 0.03959999999999997, 0.9132, 0.9659],
 powerlist 
[0.30456572278084182, 0.27682512923498104, 0.29564530893132157, 0.25230894002533155, 0.26154882130224444, 0.25476847298946792, 0.24977007614252097, 0.33598996741368403, 0.24715327866364351, 0.26448596091819709, 0.34045954046145899, 0.26778091739547638, 0.29647057615546668, 0.24997090388532131, 0.19086535010480579, 0.29591105096418852, 0.26039936216891862, 0.18736763047724625, 0.26295003967086256, 0.28250797450053705],
 listnumberlist 
[0, 0, 0, 0, 0, 0, 0, 0, 0, 0, 0, 0, 0, 0, 0, 0, 0, 0, 0, 0],
 end of file
