fullmaglist 
[18.473684210526315, 18.473684210526315, 18.473684210526315, 18.473684210526315, 18.473684210526315, 18.473684210526315, 18.473684210526315, 18.473684210526315, 18.473684210526315, 18.473684210526315, 18.473684210526315, 18.473684210526315, 18.473684210526315, 18.473684210526315, 18.473684210526315, 18.473684210526315, 18.473684210526315, 18.473684210526315, 18.473684210526315, 18.473684210526315],
 periodlist 
[0.0031622776601683798, 0.0054555947811685199, 0.0094120496726806703, 0.016237767391887217, 0.028013567611988671, 0.048329302385717518, 0.083378222347178912, 0.14384498882876623, 0.24816289228368255, 0.42813323987193919, 0.73861998220793579, 1.2742749857031335, 2.1983926488622894, 3.7926901907322494, 6.5431891297129621, 11.288378916846883, 19.474830399087551, 33.59818286283781, 57.963939533849604, 100.0],
 measuredperiodlist 
[0.0031622776585021502, 0.0054555944793382967, 0.00941204966694178, 0.016237766967663332, 0.028013573889110865, 0.048329287700172766, 0.083378262230521055, 0.14384518196261342, 0.24816275374242175, 0.42813103696414601, 0.73861933748327546, 1.2742833069283668, 2.1983718560570047, 3.792247513689051, 6.5429778915009766, 11.288267084789643, 19.466814872424678, 33.600591258059495, 57.940705903287352, 99.975336651573855],
 siglist 
[0.3175, 1.0, 1.0, 1.0, 1.0, 0.6092, 0.44110000000000005, 1.0, 0.8664000000000001, 1.0, 1.0, 1.0, 1.0, 0.9997, 1.0, 0.6349, 0.9904, 1.0, 1.0, 1.0],
 powerlist 
[0.052065953614370192, 0.18828703187546009, 0.12227456935464187, 0.11034307836477478, 0.20768037530497155, 0.052955112522908104, 0.052951589051671383, 0.18787043216246516, 0.057594813599164872, 0.083643556653031068, 0.10552177597439219, 0.1057944034294855, 0.12754729360625214, 0.06856378023802627, 0.10621382154763341, 0.046629531300449167, 0.057881297278218571, 0.094264788955983919, 0.10640890596412603, 0.20442083568612365],
 listnumberlist 
[0, 0, 0, 0, 0, 0, 0, 0, 0, 0, 0, 0, 0, 0, 0, 0, 0, 0, 0, 0],
 end of file
