fullmaglist 
[17.736842105263158, 17.736842105263158, 17.736842105263158, 17.736842105263158, 17.736842105263158, 17.736842105263158, 17.736842105263158, 17.736842105263158, 17.736842105263158, 17.736842105263158, 17.736842105263158, 17.736842105263158, 17.736842105263158, 17.736842105263158, 17.736842105263158, 17.736842105263158, 17.736842105263158, 17.736842105263158, 17.736842105263158, 17.736842105263158],
 periodlist 
[0.0031622776601683798, 0.0054555947811685199, 0.0094120496726806703, 0.016237767391887217, 0.028013567611988671, 0.048329302385717518, 0.083378222347178912, 0.14384498882876623, 0.24816289228368255, 0.42813323987193919, 0.73861998220793579, 1.2742749857031335, 2.1983926488622894, 3.7926901907322494, 6.5431891297129621, 11.288378916846883, 19.474830399087551, 33.59818286283781, 57.963939533849604, 100.0],
 measuredperiodlist 
[0.0031622778286219391, 0.0054555951898803655, 0.0094120496576917904, 0.016237764106679171, 0.028013565086226266, 0.048329263978770083, 0.083378272883054522, 0.14384502362408419, 0.24816235050321445, 0.42813327609893292, 0.73861795406997199, 1.2742629067862421, 2.1984225705397229, 3.7926313780718948, 6.5431020973437857, 11.288386081757006, 19.474236746499262, 33.604657636512449, 57.904279361897174, 99.96007531306276],
 siglist 
[0.10509999999999997, 1.0, 1.0, 1.0, 1.0, 0.985, 0.1331, 1.0, 0.9864, 1.0, 1.0, 1.0, 1.0, 0.9918, 1.0, 0.5622, 1.0, 1.0, 1.0, 1.0],
 powerlist 
[0.051659607539638254, 0.21891652024884167, 0.12498546163066407, 0.10987010259482805, 0.26784594245834042, 0.062441918603896189, 0.050164775520242358, 0.16096628034511706, 0.063034602668245648, 0.1228406252440955, 0.11457245484590473, 0.12184034892324035, 0.14308097639810094, 0.060617401786412811, 0.094499827938529513, 0.045564534020320846, 0.076060754837928318, 0.096180615045620296, 0.076894358366853863, 0.24029257843112584],
 listnumberlist 
[0, 0, 0, 0, 0, 0, 0, 0, 0, 0, 0, 0, 0, 0, 0, 0, 0, 0, 0, 0],
 end of file
