fullmaglist 
[24.0, 24.0, 24.0, 24.0, 24.0, 24.0, 24.0, 24.0, 24.0, 24.0, 24.0, 24.0, 24.0, 24.0, 24.0, 24.0, 24.0, 24.0, 24.0, 24.0],
 periodlist 
[0.0031622776601683798, 0.0054555947811685199, 0.0094120496726806703, 0.016237767391887217, 0.028013567611988671, 0.048329302385717518, 0.083378222347178912, 0.14384498882876623, 0.24816289228368255, 0.42813323987193919, 0.73861998220793579, 1.2742749857031335, 2.1983926488622894, 3.7926901907322494, 6.5431891297129621, 11.288378916846883, 19.474830399087551, 33.59818286283781, 57.963939533849604, 100.0],
 measuredperiodlist 
[0.0031723131179151728, 0.0054855647319848348, 0.0031343763707541404, 0.021055445379181689, 0.028013948016323065, 0.048330923311785325, 0.090130345340064241, 0.17074368008878707, 0.014555648957505276, 0.2996371938903386, 2.3379856099679013, 1.2741929549608697, 1.776615700990454, 3.8086191296447818, 0.50117328115444515, 15.166187540489204, 19.782602080813803, 16.010776262293547, 10.761737954489039, 18.128249452562642],
 siglist 
[0.008299999999999974, 0.971, 0.9046, 0.9099, 0.6796, 0.6462, 0.5774, 0.9052, 0.7374, 0.39859999999999995, 0.9703, 0.9693, 0.9727, 0.9694, 0.9918, 0.9843, 0.855, 0.8934, 0.6886, 0.9296],
 powerlist 
[0.27981485125152428, 0.35286584020308343, 0.34066523490178752, 0.30480393806281131, 0.30804240578792286, 0.28439375641987069, 0.30117857519001356, 0.31797025887219393, 0.3141999756187413, 0.27870072208512536, 0.29989566926922856, 0.30512337003205259, 0.29253829200817122, 0.29770195892852608, 0.31557186589563119, 0.30583066497216521, 0.25853478600691626, 0.2652753750874936, 0.23982242050296079, 0.28815918894213655],
 listnumberlist 
[0, 0, 0, 0, 0, 0, 0, 0, 0, 0, 0, 0, 0, 0, 0, 0, 0, 0, 0, 0],
 end of file
