fullmaglist 
[19.210526315789473, 19.210526315789473, 19.210526315789473, 19.210526315789473, 19.210526315789473, 19.210526315789473, 19.210526315789473, 19.210526315789473, 19.210526315789473, 19.210526315789473, 19.210526315789473, 19.210526315789473, 19.210526315789473, 19.210526315789473, 19.210526315789473, 19.210526315789473, 19.210526315789473, 19.210526315789473, 19.210526315789473, 19.210526315789473],
 periodlist 
[0.0031622776601683798, 0.0054555947811685199, 0.0094120496726806703, 0.016237767391887217, 0.028013567611988671, 0.048329302385717518, 0.083378222347178912, 0.14384498882876623, 0.24816289228368255, 0.42813323987193919, 0.73861998220793579, 1.2742749857031335, 2.1983926488622894, 3.7926901907322494, 6.5431891297129621, 11.288378916846883, 19.474830399087551, 33.59818286283781, 57.963939533849604, 100.0],
 measuredperiodlist 
[0.0031622775101313671, 0.005455595089283314, 0.009412051225792915, 0.016237767690793433, 0.028013569231880323, 0.048329283391204118, 0.083378064188123338, 0.14384513366357593, 0.24816317946846164, 0.42813270038068113, 0.73862112756266585, 1.2742884993718906, 2.1984724856625495, 3.7927981622547309, 6.5433449830593533, 11.286011377446602, 19.474202064852051, 33.580187976022842, 57.922464788810274, 99.946760738496749],
 siglist 
[0.4065, 1.0, 1.0, 1.0, 1.0, 0.8971, 0.9525, 1.0, 0.9991, 1.0, 1.0, 1.0, 1.0, 1.0, 1.0, 0.854, 1.0, 1.0, 1.0, 1.0],
 powerlist 
[0.051378635334004462, 0.16938458049152036, 0.10842462982530471, 0.097751868794946489, 0.16397496061888678, 0.056158606105440614, 0.059449615432696952, 0.16316685306173048, 0.067241910999856561, 0.11040828553169357, 0.099626753894685227, 0.091481561753219018, 0.10167881155751413, 0.068665403067830658, 0.10484251608328339, 0.047355782183400877, 0.08518228169880307, 0.12460217765553629, 0.094739923363150069, 0.20354483253942462],
 listnumberlist 
[0, 0, 0, 0, 0, 0, 0, 0, 0, 0, 0, 0, 0, 0, 0, 0, 0, 0, 0, 0],
 end of file
