fullmaglist 
[21.05263157894737, 21.05263157894737, 21.05263157894737, 21.05263157894737, 21.05263157894737, 21.05263157894737, 21.05263157894737, 21.05263157894737, 21.05263157894737, 21.05263157894737, 21.05263157894737, 21.05263157894737, 21.05263157894737, 21.05263157894737, 21.05263157894737, 21.05263157894737, 21.05263157894737, 21.05263157894737, 21.05263157894737, 21.05263157894737],
 periodlist 
[0.0031622776601683798, 0.0054555947811685199, 0.0094120496726806703, 0.016237767391887217, 0.028013567611988671, 0.048329302385717518, 0.083378222347178912, 0.14384498882876623, 0.24816289228368255, 0.42813323987193919, 0.73861998220793579, 1.2742749857031335, 2.1983926488622894, 3.7926901907322494, 6.5431891297129621, 11.288378916846883, 19.474830399087551, 33.59818286283781, 57.963939533849604, 100.0],
 measuredperiodlist 
[0.0031622778058554382, 0.0054555944539685756, 0.0094120513607975388, 0.016237768720718967, 0.028013579843358442, 0.048329336643857496, 0.083378209329944331, 0.14384520546037202, 0.24816300244094283, 0.42813025330419618, 0.73861730221351563, 1.2742822619668621, 2.1983900351628187, 3.7926323302810681, 6.5437735600793623, 11.287567775405098, 19.480931485551526, 33.594586102720243, 57.944140491017734, 100.1065849349435],
 siglist 
[0.8173, 1.0, 1.0, 1.0, 1.0, 1.0, 1.0, 1.0, 1.0, 1.0, 1.0, 1.0, 1.0, 1.0, 1.0, 1.0, 1.0, 1.0, 1.0, 1.0],
 powerlist 
[0.05618842453716355, 0.17354804525709916, 0.16954584344317392, 0.16908323372874831, 0.25239099372926393, 0.10832232954822529, 0.10149735936248028, 0.20156702732935061, 0.087738285799800267, 0.16406747903223157, 0.16518604586831293, 0.22197854395867092, 0.15314634725775722, 0.11705670910231428, 0.1551231352708799, 0.090633865585068543, 0.14763293929046142, 0.24750427316293694, 0.16537929621602865, 0.16802743942491843],
 listnumberlist 
[0, 0, 0, 0, 0, 0, 0, 0, 0, 0, 0, 0, 0, 0, 0, 0, 0, 0, 0, 0],
 end of file
