fullmaglist 
[17.36842105263158, 17.36842105263158, 17.36842105263158, 17.36842105263158, 17.36842105263158, 17.36842105263158, 17.36842105263158, 17.36842105263158, 17.36842105263158, 17.36842105263158, 17.36842105263158, 17.36842105263158, 17.36842105263158, 17.36842105263158, 17.36842105263158, 17.36842105263158, 17.36842105263158, 17.36842105263158, 17.36842105263158, 17.36842105263158],
 periodlist 
[0.0031622776601683798, 0.0054555947811685199, 0.0094120496726806703, 0.016237767391887217, 0.028013567611988671, 0.048329302385717518, 0.083378222347178912, 0.14384498882876623, 0.24816289228368255, 0.42813323987193919, 0.73861998220793579, 1.2742749857031335, 2.1983926488622894, 3.7926901907322494, 6.5431891297129621, 11.288378916846883, 19.474830399087551, 33.59818286283781, 57.963939533849604, 100.0],
 measuredperiodlist 
[0.0031622915769467094, 0.0040908302983013733, 0.0055572314834935344, 0.016237369763879298, 0.028013852993675821, 0.048331173403155708, 0.083378294472882364, 0.14386458124992385, 0.029720203221224165, 0.013921544843754092, 0.73868011603155903, 1.5981330310325761, 2.198741248601034, 3.7976737235494831, 3.588593522039432, 12.443950778661348, 29.013788211898149, 34.346575043007562, 31.312531057992626, 29.013788211898149],
 siglist 
[0.743, 0.06740000000000002, 0.35050000000000003, 0.9973, 0.52, 0.7523, 0.4738, 0.8761, 0.31410000000000005, 0.8048, 0.9947, 0.35209999999999997, 0.9314, 0.8447, 0.19369999999999998, 0.894, 0.9999, 0.6889000000000001, 0.8627, 0.9983],
 powerlist 
[0.27734458990037331, 0.23696057563349943, 0.2748451247929613, 0.3247553734335506, 0.25424389374395939, 0.26684409423683747, 0.25281635593847718, 0.26817574050484894, 0.25325762985915617, 0.27831458251465679, 0.28039395365446057, 0.21655122486436312, 0.25060985499832505, 0.23629633298492339, 0.20347342229090662, 0.24408200025961974, 0.34886286536834349, 0.22408819433327429, 0.24044859743101149, 0.30852813642279125],
 listnumberlist 
[0, 0, 0, 0, 0, 0, 0, 0, 0, 0, 0, 0, 0, 0, 0, 0, 0, 0, 0, 0],
 end of file
