fullmaglist 
[21.05263157894737, 21.05263157894737, 21.05263157894737, 21.05263157894737, 21.05263157894737, 21.05263157894737, 21.05263157894737, 21.05263157894737, 21.05263157894737, 21.05263157894737, 21.05263157894737, 21.05263157894737, 21.05263157894737, 21.05263157894737, 21.05263157894737, 21.05263157894737, 21.05263157894737, 21.05263157894737, 21.05263157894737, 21.05263157894737],
 periodlist 
[0.0031622776601683798, 0.0054555947811685199, 0.0094120496726806703, 0.016237767391887217, 0.028013567611988671, 0.048329302385717518, 0.083378222347178912, 0.14384498882876623, 0.24816289228368255, 0.42813323987193919, 0.73861998220793579, 1.2742749857031335, 2.1983926488622894, 3.7926901907322494, 6.5431891297129621, 11.288378916846883, 19.474830399087551, 33.59818286283781, 57.963939533849604, 100.0],
 measuredperiodlist 
[0.0031622781772831115, 0.0053845164480940842, 0.0093240905300304728, 0.016237870771981383, 0.028012518205073469, 0.22902267533633661, 0.083374536916484776, 0.14389090109164829, 0.16471372217806368, 0.42818988584557066, 0.73819736819990112, 0.60272559084453114, 5.325166130702006, 2.8623189574035681, 0.86622116617920653, 11.736852432213601, 25.96967251582355, 35.202591899459648, 28.59170736609617, 29.120944052612238],
 siglist 
[0.34909999999999997, 0.8694, 1.0, 0.9582, 0.9991, 0.9072, 1.0, 0.9771, 0.7892, 0.7791, 0.9997, 0.9839, 0.9432, 0.9991, 1.0, 1.0, 0.9027000000000001, 1.0, 0.9999, 0.9981],
 powerlist 
[0.2317374296712339, 0.26868018250027448, 0.33121043758698598, 0.26935406373600657, 0.30723842012904456, 0.25608672708061447, 0.34022080487873285, 0.27172809027832889, 0.26100524515251305, 0.24992256364963555, 0.30762771093565583, 0.25079492327718478, 0.24737744032687758, 0.27015281432949723, 0.32482529988094255, 0.32436748413301381, 0.23775459924063835, 0.33725142439770867, 0.30910102838634623, 0.27356166035536228],
 listnumberlist 
[0, 0, 0, 0, 0, 0, 0, 0, 0, 0, 0, 0, 0, 0, 0, 0, 0, 0, 0, 0],
 end of file
