fullmaglist 
[21.789473684210527, 21.789473684210527, 21.789473684210527, 21.789473684210527, 21.789473684210527, 21.789473684210527, 21.789473684210527, 21.789473684210527, 21.789473684210527, 21.789473684210527, 21.789473684210527, 21.789473684210527, 21.789473684210527, 21.789473684210527, 21.789473684210527, 21.789473684210527, 21.789473684210527, 21.789473684210527, 21.789473684210527, 21.789473684210527],
 periodlist 
[0.0031622776601683798, 0.0054555947811685199, 0.0094120496726806703, 0.016237767391887217, 0.028013567611988671, 0.048329302385717518, 0.083378222347178912, 0.14384498882876623, 0.24816289228368255, 0.42813323987193919, 0.73861998220793579, 1.2742749857031335, 2.1983926488622894, 3.7926901907322494, 6.5431891297129621, 11.288378916846883, 19.474830399087551, 33.59818286283781, 57.963939533849604, 100.0],
 measuredperiodlist 
[0.0031263429274361937, 0.0054555623073481267, 0.0029544897828421659, 0.016237707053174458, 0.022052824086858606, 0.022412114064240145, 0.083365881046316995, 0.0233314279144556, 0.019702916068137847, 0.075644752917975649, 1.042435650439123, 0.5097868742761239, 0.5097868742761239, 3.8076711491034185, 0.5097868742761239, 22.459586093236851, 29.111708429757616, 21.767182227988322, 17.903556229504215, 18.338704388510763],
 siglist 
[0.0010000000000000009, 0.5045999999999999, 0.03259999999999996, 0.9424, 0.11199999999999999, 0.4151, 0.011299999999999977, 0.024599999999999955, 0.09060000000000001, 0.07210000000000005, 0.055499999999999994, 0.05720000000000003, 0.9913, 0.8086, 0.9839, 0.018900000000000028, 0.23409999999999997, 0.8677, 0.8189, 0.9466],
 powerlist 
[0.25211418016395615, 0.29627652260723292, 0.27114300966704807, 0.31431308718160966, 0.25720326361743884, 0.28956538696056988, 0.24010428540496842, 0.2452701194833275, 0.25042605220464187, 0.25481089000484181, 0.20280321625063524, 0.202167294225641, 0.31190714957322152, 0.25778654052268668, 0.30234085632633012, 0.1922873055062804, 0.21991592130494092, 0.27439991331804137, 0.25819901150262436, 0.2696388996187436],
 listnumberlist 
[0, 0, 0, 0, 0, 0, 0, 0, 0, 0, 0, 0, 0, 0, 0, 0, 0, 0, 0, 0],
 end of file
