fullmaglist 
[19.210526315789473, 19.210526315789473, 19.210526315789473, 19.210526315789473, 19.210526315789473, 19.210526315789473, 19.210526315789473, 19.210526315789473, 19.210526315789473, 19.210526315789473, 19.210526315789473, 19.210526315789473, 19.210526315789473, 19.210526315789473, 19.210526315789473, 19.210526315789473, 19.210526315789473, 19.210526315789473, 19.210526315789473, 19.210526315789473],
 periodlist 
[0.0031622776601683798, 0.0054555947811685199, 0.0094120496726806703, 0.016237767391887217, 0.028013567611988671, 0.048329302385717518, 0.083378222347178912, 0.14384498882876623, 0.24816289228368255, 0.42813323987193919, 0.73861998220793579, 1.2742749857031335, 2.1983926488622894, 3.7926901907322494, 6.5431891297129621, 11.288378916846883, 19.474830399087551, 33.59818286283781, 57.963939533849604, 100.0],
 measuredperiodlist 
[0.0031622819365909305, 0.00545559628004306, 0.0095016796947933278, 0.016237642291095433, 0.027248335293811415, 0.048333172287871366, 0.083372515839013908, 0.14385516512412252, 0.33041177289823048, 0.42774310224166645, 0.56316811120376464, 1.2773984933054112, 0.68665974959654941, 3.7742965250772813, 5.5607254341084964, 32.489962240103004, 19.549667886524055, 21.108933356719227, 23.203463362866987, 96.219120989725369],
 siglist 
[0.03090000000000004, 1.0, 0.9991, 1.0, 0.26139999999999997, 0.9919, 0.997, 0.9015, 0.9987, 1.0, 0.9983, 1.0, 0.9821, 0.831, 0.9983, 0.9416, 1.0, 0.9753000000000001, 0.942, 0.9866],
 powerlist 
[0.21592895685494259, 0.36696333339444293, 0.29777873220844558, 0.33509527643429493, 0.22050367262911097, 0.27779454663274505, 0.29056784962185922, 0.25928574984945807, 0.31114390558601568, 0.34646913867364898, 0.28258950635242736, 0.33819354565819187, 0.24297434174681498, 0.21301171740441763, 0.27558946945454399, 0.23206446201314809, 0.3259347393467158, 0.2393237552769904, 0.23292583009620693, 0.25203346549584976],
 listnumberlist 
[0, 0, 0, 0, 0, 0, 0, 0, 0, 0, 0, 0, 0, 0, 0, 0, 0, 0, 0, 0],
 end of file
