fullmaglist 
[22.157894736842106, 22.157894736842106, 22.157894736842106, 22.157894736842106, 22.157894736842106, 22.157894736842106, 22.157894736842106, 22.157894736842106, 22.157894736842106, 22.157894736842106, 22.157894736842106, 22.157894736842106, 22.157894736842106, 22.157894736842106, 22.157894736842106, 22.157894736842106, 22.157894736842106, 22.157894736842106, 22.157894736842106, 22.157894736842106],
 periodlist 
[0.0031622776601683798, 0.0054555947811685199, 0.0094120496726806703, 0.016237767391887217, 0.028013567611988671, 0.048329302385717518, 0.083378222347178912, 0.14384498882876623, 0.24816289228368255, 0.42813323987193919, 0.73861998220793579, 1.2742749857031335, 2.1983926488622894, 3.7926901907322494, 6.5431891297129621, 11.288378916846883, 19.474830399087551, 33.59818286283781, 57.963939533849604, 100.0],
 measuredperiodlist 
[0.01181732398027237, 0.0032650174640432997, 0.0029832410966655126, 0.016238257008409779, 0.028013611694569573, 0.048329044872678091, 0.020941486952023244, 0.010585949108599698, 0.039711643722807395, 0.42822084116736636, 0.59202406374552874, 0.50800361192884214, 3.4393567353092256, 3.7823697835841408, 5.6297439642162121, 10.65839211454791, 13.079574122138709, 31.93309807739579, 59.018562768716095, 114.7262160787199],
 siglist 
[0.19699999999999995, 0.20779999999999998, 0.5754, 0.7872, 0.9933, 0.6419, 0.35140000000000005, 0.8521, 0.01100000000000001, 0.8852, 0.018399999999999972, 0.06230000000000002, 0.0030000000000000027, 0.7289, 0.6894, 0.9076, 0.45499999999999996, 0.2592, 0.7041999999999999, 0.34950000000000003],
 powerlist 
[0.27916454191320983, 0.31427879366679695, 0.31034553562688144, 0.27449788469933023, 0.30736812536575114, 0.2496533197882557, 0.3182269997152738, 0.27781070634990906, 0.2205533555550204, 0.27882932768836899, 0.20694002352053581, 0.18508058827619664, 0.18146044106521969, 0.23524650002657538, 0.24854166044136966, 0.25644560316523113, 0.23974142296891948, 0.21162491772691294, 0.21559148598354105, 0.22678733711719329],
 listnumberlist 
[0, 0, 0, 0, 0, 0, 0, 0, 0, 0, 0, 0, 0, 0, 0, 0, 0, 0, 0, 0],
 end of file
