fullmaglist 
[17.736842105263158, 17.736842105263158, 17.736842105263158, 17.736842105263158, 17.736842105263158, 17.736842105263158, 17.736842105263158, 17.736842105263158, 17.736842105263158, 17.736842105263158, 17.736842105263158, 17.736842105263158, 17.736842105263158, 17.736842105263158, 17.736842105263158, 17.736842105263158, 17.736842105263158, 17.736842105263158, 17.736842105263158, 17.736842105263158],
 periodlist 
[0.0031622776601683798, 0.0054555947811685199, 0.0094120496726806703, 0.016237767391887217, 0.028013567611988671, 0.048329302385717518, 0.083378222347178912, 0.14384498882876623, 0.24816289228368255, 0.42813323987193919, 0.73861998220793579, 1.2742749857031335, 2.1983926488622894, 3.7926901907322494, 6.5431891297129621, 11.288378916846883, 19.474830399087551, 33.59818286283781, 57.963939533849604, 100.0],
 measuredperiodlist 
[0.0031622875940552977, 0.0032198777691486856, 0.003593020082483057, 0.016237873875603843, 0.018727958891943827, 0.050683075849530169, 0.083376091590036297, 0.14382464189296237, 0.24806275033858038, 0.42824168792939482, 1.0004071207388385, 1.4279482882219205, 1.0196423692324876, 0.80264042532784197, 0.59948047760961898, 11.38606752125024, 19.559945424307806, 33.923427397050112, 48.592439352169158, 47.961482332725652],
 siglist 
[0.0011999999999999789, 0.08220000000000005, 0.16479999999999995, 0.9826, 0.18259999999999998, 0.38139999999999996, 0.9843, 0.8831, 0.999, 0.8331, 0.9715, 0.9262, 0.5838, 0.9986, 0.9979, 1.0, 1.0, 1.0, 0.9986, 0.7656000000000001],
 powerlist 
[0.21128076121698025, 0.22599035016716265, 0.22640921053405838, 0.2707944641760508, 0.21588441884741952, 0.22600337401376891, 0.27327606640394836, 0.24819066210043475, 0.30193727932418779, 0.24348100311416049, 0.24063813815354548, 0.23156943629613311, 0.20054747656011634, 0.2720165148490859, 0.26990831443784036, 0.36365405850016957, 0.32913954779988075, 0.34423440684010254, 0.27339714381025926, 0.21144572711296472],
 listnumberlist 
[0, 0, 0, 0, 0, 0, 0, 0, 0, 0, 0, 0, 0, 0, 0, 0, 0, 0, 0, 0],
 end of file
