fullmaglist 
[20.31578947368421, 20.31578947368421, 20.31578947368421, 20.31578947368421, 20.31578947368421, 20.31578947368421, 20.31578947368421, 20.31578947368421, 20.31578947368421, 20.31578947368421, 20.31578947368421, 20.31578947368421, 20.31578947368421, 20.31578947368421, 20.31578947368421, 20.31578947368421, 20.31578947368421, 20.31578947368421, 20.31578947368421, 20.31578947368421],
 periodlist 
[0.0031622776601683798, 0.0054555947811685199, 0.0094120496726806703, 0.016237767391887217, 0.028013567611988671, 0.048329302385717518, 0.083378222347178912, 0.14384498882876623, 0.24816289228368255, 0.42813323987193919, 0.73861998220793579, 1.2742749857031335, 2.1983926488622894, 3.7926901907322494, 6.5431891297129621, 11.288378916846883, 19.474830399087551, 33.59818286283781, 57.963939533849604, 100.0],
 measuredperiodlist 
[0.0071532735313250047, 0.0043066648119335863, 0.0035372233868838135, 0.016237875733318346, 0.027456587846712417, 0.048324575216328054, 0.083382254642450734, 0.01325677853239457, 0.064648603660280454, 0.42825876711221483, 0.73853783664454875, 1.2740426278057408, 2.1917984771190637, 1.6649797275931777, 6.5956149509108277, 22.636742614774018, 18.650272941789112, 30.32393135615995, 31.265005969511009, 22.636742614774018],
 siglist 
[0.8308, 0.7935, 0.6618999999999999, 0.5241, 0.15969999999999995, 0.8167, 0.6135999999999999, 0.6371, 0.9845, 0.9925, 0.8852, 0.8056, 0.973, 0.3458, 0.5105999999999999, 0.8311999999999999, 0.9922, 0.8176, 0.5277000000000001, 0.4414],
 powerlist 
[0.29038623659794366, 0.28043881863374842, 0.27000635462386141, 0.24638213423731808, 0.22622277982517133, 0.26493561156187317, 0.26469666275963272, 0.26532771307098257, 0.30569318844663085, 0.297842818164264, 0.23550409941245673, 0.227775465925492, 0.26872267209146267, 0.21260119454906479, 0.213033100800464, 0.23770517764068008, 0.26798473354793262, 0.25308646433002013, 0.21705339939328505, 0.22065977424665745],
 listnumberlist 
[0, 0, 0, 0, 0, 0, 0, 0, 0, 0, 0, 0, 0, 0, 0, 0, 0, 0, 0, 0],
 end of file
