fullmaglist 
[22.894736842105264, 22.894736842105264, 22.894736842105264, 22.894736842105264, 22.894736842105264, 22.894736842105264, 22.894736842105264, 22.894736842105264, 22.894736842105264, 22.894736842105264, 22.894736842105264, 22.894736842105264, 22.894736842105264, 22.894736842105264, 22.894736842105264, 22.894736842105264, 22.894736842105264, 22.894736842105264, 22.894736842105264, 22.894736842105264],
 periodlist 
[0.0031622776601683798, 0.0054555947811685199, 0.0094120496726806703, 0.016237767391887217, 0.028013567611988671, 0.048329302385717518, 0.083378222347178912, 0.14384498882876623, 0.24816289228368255, 0.42813323987193919, 0.73861998220793579, 1.2742749857031335, 2.1983926488622894, 3.7926901907322494, 6.5431891297129621, 11.288378916846883, 19.474830399087551, 33.59818286283781, 57.963939533849604, 100.0],
 measuredperiodlist 
[0.0054992521310234599, 0.0054555713035597782, 0.0094120568899884929, 0.024062931519783299, 0.027986264928580133, 0.015206748152748117, 0.02248494510532258, 0.14387518712692479, 0.01222219593728948, 0.010258648026801813, 0.739197135492903, 1.271923265339364, 2.208792278030026, 4.2621666506274742, 6.3952694066485058, 21.91018863927258, 19.556830604930255, 33.678009405643657, 21.91018863927258, 22.507831082282603],
 siglist 
[0.6883, 0.9111, 0.9951, 0.852, 0.3396, 0.06740000000000002, 0.08399999999999996, 0.9624, 0.5603, 0.7291000000000001, 0.6837, 0.8888, 0.6921999999999999, 0.7726999999999999, 0.9687, 0.40249999999999997, 0.7282, 0.9329, 0.7858, 0.6119],
 powerlist 
[0.29668864530707417, 0.32068450485782907, 0.35903536197366775, 0.29991851843890971, 0.26910230051333878, 0.26031600017608236, 0.25176478265389479, 0.33093356986347722, 0.27520633054687865, 0.29209065827801017, 0.25059495518875596, 0.26461468039781644, 0.24905434120680475, 0.25307439724990177, 0.28474399909755194, 0.23186374098652102, 0.25332560276071131, 0.29808062194682478, 0.27000206472811877, 0.2458288849976854],
 listnumberlist 
[0, 0, 0, 0, 0, 0, 0, 0, 0, 0, 0, 0, 0, 0, 0, 0, 0, 0, 0, 0],
 end of file
