fullmaglist 
[20.31578947368421, 20.31578947368421, 20.31578947368421, 20.31578947368421, 20.31578947368421, 20.31578947368421, 20.31578947368421, 20.31578947368421, 20.31578947368421, 20.31578947368421, 20.31578947368421, 20.31578947368421, 20.31578947368421, 20.31578947368421, 20.31578947368421, 20.31578947368421, 20.31578947368421, 20.31578947368421, 20.31578947368421, 20.31578947368421],
 periodlist 
[0.0031622776601683798, 0.0054555947811685199, 0.0094120496726806703, 0.016237767391887217, 0.028013567611988671, 0.048329302385717518, 0.083378222347178912, 0.14384498882876623, 0.24816289228368255, 0.42813323987193919, 0.73861998220793579, 1.2742749857031335, 2.1983926488622894, 3.7926901907322494, 6.5431891297129621, 11.288378916846883, 19.474830399087551, 33.59818286283781, 57.963939533849604, 100.0],
 measuredperiodlist 
[0.0030504099024760887, 0.0030845172933294395, 0.0054746535934138705, 0.016237884494804771, 0.033544306315167853, 0.011112075432519538, 0.016647576238171771, 0.020183011273056724, 0.24810768164205121, 0.015157933068116953, 0.73875281173182195, 1.2657395020131494, 2.2054754446128935, 3.7938651562923993, 0.85877383835556642, 11.302646160053152, 19.333121233379405, 9.6888780765880167, 57.350521343499778, 87.935643307074713],
 siglist 
[0.5099, 0.6073999999999999, 0.474, 0.8617, 0.33830000000000005, 0.32110000000000005, 0.46199999999999997, 0.5909, 0.9321, 0.24139999999999995, 0.5028, 0.2573, 0.9995, 0.7115, 0.5226, 0.37329999999999997, 0.9231, 0.19499999999999995, 0.8146, 0.6287],
 powerlist 
[0.4160719701459491, 0.41021840286713523, 0.3896255752767297, 0.41725550947093926, 0.3853989287928502, 0.36830867653459004, 0.39182969666935952, 0.39795689096112036, 0.42535874250787153, 0.35616033874711345, 0.34715059572705587, 0.29247594586259418, 0.5084635121699973, 0.32859636508322293, 0.32314972427477984, 0.32593501828155519, 0.40227531034754738, 0.29531459407026395, 0.34915367093897415, 0.35030540096722856],
 listnumberlist 
[0, 0, 0, 0, 0, 0, 0, 0, 0, 0, 0, 0, 0, 0, 0, 0, 0, 0, 0, 0],
 end of file
