fullmaglist 
[22.894736842105264, 22.894736842105264, 22.894736842105264, 22.894736842105264, 22.894736842105264, 22.894736842105264, 22.894736842105264, 22.894736842105264, 22.894736842105264, 22.894736842105264, 22.894736842105264, 22.894736842105264, 22.894736842105264, 22.894736842105264, 22.894736842105264, 22.894736842105264, 22.894736842105264, 22.894736842105264, 22.894736842105264, 22.894736842105264],
 periodlist 
[0.0031622776601683798, 0.0054555947811685199, 0.0094120496726806703, 0.016237767391887217, 0.028013567611988671, 0.048329302385717518, 0.083378222347178912, 0.14384498882876623, 0.24816289228368255, 0.42813323987193919, 0.73861998220793579, 1.2742749857031335, 2.1983926488622894, 3.7926901907322494, 6.5431891297129621, 11.288378916846883, 19.474830399087551, 33.59818286283781, 57.963939533849604, 100.0],
 measuredperiodlist 
[0.0031280384016935639, 0.0041714009226251781, 0.0038260924319838347, 0.015977686401656182, 0.026968854851704954, 0.0133358739101307, 0.083375364017060027, 0.18328509662821732, 0.24814776600312019, 0.43795797652649804, 0.85657794570547552, 2.5622845866446604, 2.1956811013333248, 0.5097868742761239, 0.99814463380022633, 9.8685142948796596, 18.338704388510763, 33.539400851543206, 13.21300039201644, 128.34415958381931],
 siglist 
[0.08560000000000001, 0.03710000000000002, 0.0047000000000000375, 0.6678999999999999, 0.005299999999999971, 0.11960000000000004, 0.8667, 0.0837, 0.7262, 0.8303, 0.9601999999999999, 0.8723, 0.6401, 0.4393, 0.8613999999999999, 0.1078, 0.6326, 0.9052, 0.7795, 0.772],
 powerlist 
[0.27658457717854301, 0.26852178026977513, 0.26267806134044114, 0.29016874074784982, 0.23967488243715998, 0.27651701004030826, 0.30131793574414406, 0.25608883241173169, 0.29588061151769196, 0.30281422354189536, 0.30665377774449726, 0.26248007971901771, 0.25485004282498974, 0.23540146597705153, 0.26745279950335543, 0.21361795963805397, 0.25451576035680334, 0.27805964884272161, 0.25247034688159381, 0.25757023580125027],
 listnumberlist 
[0, 0, 0, 0, 0, 0, 0, 0, 0, 0, 0, 0, 0, 0, 0, 0, 0, 0, 0, 0],
 end of file
