fullmaglist 
[21.05263157894737, 21.05263157894737, 21.05263157894737, 21.05263157894737, 21.05263157894737, 21.05263157894737, 21.05263157894737, 21.05263157894737, 21.05263157894737, 21.05263157894737, 21.05263157894737, 21.05263157894737, 21.05263157894737, 21.05263157894737, 21.05263157894737, 21.05263157894737, 21.05263157894737, 21.05263157894737, 21.05263157894737, 21.05263157894737],
 periodlist 
[0.0031622776601683798, 0.0054555947811685199, 0.0094120496726806703, 0.016237767391887217, 0.028013567611988671, 0.048329302385717518, 0.083378222347178912, 0.14384498882876623, 0.24816289228368255, 0.42813323987193919, 0.73861998220793579, 1.2742749857031335, 2.1983926488622894, 3.7926901907322494, 6.5431891297129621, 11.288378916846883, 19.474830399087551, 33.59818286283781, 57.963939533849604, 100.0],
 measuredperiodlist 
[0.0072123671563406287, 0.0036067932458956615, 0.0035718477357203509, 0.037517415107230424, 0.14626785719548754, 0.051741424804473503, 0.085550114283381579, 0.2663084577481204, 0.49035033272427414, 0.49850254907315739, 2.8198668043267094, 1.27450159140163, 0.99761674001316947, 1.0330357466818938, 1.726216669493899, 33.042163135999395, 31.135018869900058, 32.650017259778586, 22.211280204052095, 14.078543382734935],
 siglist 
[0.8044, 0.49560000000000004, 0.056499999999999995, 0.8814, 0.7664, 0.6726, 0.9975, 0.9761, 0.9787, 0.9806, 0.9999, 0.9983, 0.9413, 0.9799, 0.9741, 0.9806, 0.9946, 1.0, 0.992, 0.8371],
 powerlist 
[0.43019008840994233, 0.40429804153736104, 0.3721638355114677, 0.42808154292993383, 0.40306893206980005, 0.39614600100303998, 0.51619970678952387, 0.45998047372488055, 0.47290778762181729, 0.49391889675623712, 0.54304521700009833, 0.46813947529596106, 0.38979906069061943, 0.41597994822487022, 0.3958228192892399, 0.40301574993303824, 0.433031889250244, 0.54272070827923202, 0.42466534983569193, 0.35942431078504039],
 listnumberlist 
[0, 0, 0, 0, 0, 0, 0, 0, 0, 0, 0, 0, 0, 0, 0, 0, 0, 0, 0, 0],
 end of file
