fullmaglist 
[23.63157894736842, 23.63157894736842, 23.63157894736842, 23.63157894736842, 23.63157894736842, 23.63157894736842, 23.63157894736842, 23.63157894736842, 23.63157894736842, 23.63157894736842, 23.63157894736842, 23.63157894736842, 23.63157894736842, 23.63157894736842, 23.63157894736842, 23.63157894736842, 23.63157894736842, 23.63157894736842, 23.63157894736842, 23.63157894736842],
 periodlist 
[0.0031622776601683798, 0.0054555947811685199, 0.0094120496726806703, 0.016237767391887217, 0.028013567611988671, 0.048329302385717518, 0.083378222347178912, 0.14384498882876623, 0.24816289228368255, 0.42813323987193919, 0.73861998220793579, 1.2742749857031335, 2.1983926488622894, 3.7926901907322494, 6.5431891297129621, 11.288378916846883, 19.474830399087551, 33.59818286283781, 57.963939533849604, 100.0],
 measuredperiodlist 
[0.0029094351619778488, 0.011711384209920907, 0.011698772309954383, 0.018638479970705002, 0.011193670208387576, 0.048327026983053675, 0.083362336411771196, 0.014772684524998499, 0.014092679150893923, 0.01168988511504406, 0.737860577294014, 1.2530305922905067, 7.5319274489171724, 1.4840225590008094, 0.5085672012252116, 37.583837299837242, 20.715758305529572, 34.186370583975268, 20.937535539019962, 33.386017953831853],
 siglist 
[0.006399999999999961, 0.33709999999999996, 0.46619999999999995, 0.6758, 0.9272, 0.9939, 0.9898, 0.44820000000000004, 0.01639999999999997, 0.6219, 0.6871, 0.8932, 0.3571, 0.6118, 0.030000000000000027, 0.9791, 0.7037, 0.5541, 0.9966, 0.6829000000000001],
 powerlist 
[0.25524259122330722, 0.28824285576750486, 0.28124123330466499, 0.2833479625878999, 0.31511982191792975, 0.35211704824532103, 0.34699828026485935, 0.27416486498693482, 0.2465765075945443, 0.28032996033361762, 0.25996769956010513, 0.27238305136870161, 0.22677839975772981, 0.24751028400907282, 0.20544780256666845, 0.29266618594077065, 0.2522192775105464, 0.23822825882846502, 0.32422848054936138, 0.25269604777628712],
 listnumberlist 
[0, 0, 0, 0, 0, 0, 0, 0, 0, 0, 0, 0, 0, 0, 0, 0, 0, 0, 0, 0],
 end of file
