fullmaglist 
[18.105263157894736, 18.105263157894736, 18.105263157894736, 18.105263157894736, 18.105263157894736, 18.105263157894736, 18.105263157894736, 18.105263157894736, 18.105263157894736, 18.105263157894736, 18.105263157894736, 18.105263157894736, 18.105263157894736, 18.105263157894736, 18.105263157894736, 18.105263157894736, 18.105263157894736, 18.105263157894736, 18.105263157894736, 18.105263157894736],
 periodlist 
[0.0031622776601683798, 0.0054555947811685199, 0.0094120496726806703, 0.016237767391887217, 0.028013567611988671, 0.048329302385717518, 0.083378222347178912, 0.14384498882876623, 0.24816289228368255, 0.42813323987193919, 0.73861998220793579, 1.2742749857031335, 2.1983926488622894, 3.7926901907322494, 6.5431891297129621, 11.288378916846883, 19.474830399087551, 33.59818286283781, 57.963939533849604, 100.0],
 measuredperiodlist 
[0.0029430450485852578, 0.0054555860015912359, 0.0094120306828299888, 0.016237867149846791, 0.028012581202235192, 0.048330424539618715, 0.083380726387387888, 0.14384818282211001, 0.046416351889539957, 0.42816746366312353, 0.73790305755153662, 1.273634129852061, 2.1975544206968878, 3.7961466708458587, 7.7419063679010218, 11.299852021917902, 19.124555751281576, 34.340315780622824, 31.294596673735452, 30.352974745783229],
 siglist 
[0.26439999999999997, 0.9363, 0.9253, 0.9987, 0.9909, 0.9996, 0.7503, 0.7794, 0.24070000000000003, 0.9993, 0.9986, 0.9668, 0.9969, 0.9934, 0.5126999999999999, 0.0695, 0.8378, 0.9964, 0.9991, 0.8976],
 powerlist 
[0.24784040433953947, 0.27943846563007713, 0.28630293629853854, 0.31415560181526103, 0.29204714197070453, 0.33131729155878198, 0.25539004477923705, 0.24958635937979459, 0.2298505088747175, 0.32933865027415182, 0.28509470766647127, 0.24786071906553134, 0.2851003449539502, 0.26989596149739609, 0.21535672483748242, 0.19498059017690816, 0.22695862518438684, 0.30616379731194659, 0.28800364041520737, 0.23289874725707854],
 listnumberlist 
[0, 0, 0, 0, 0, 0, 0, 0, 0, 0, 0, 0, 0, 0, 0, 0, 0, 0, 0, 0],
 end of file
