fullmaglist 
[21.789473684210527, 21.789473684210527, 21.789473684210527, 21.789473684210527, 21.789473684210527, 21.789473684210527, 21.789473684210527, 21.789473684210527, 21.789473684210527, 21.789473684210527, 21.789473684210527, 21.789473684210527, 21.789473684210527, 21.789473684210527, 21.789473684210527, 21.789473684210527, 21.789473684210527, 21.789473684210527, 21.789473684210527, 21.789473684210527],
 periodlist 
[0.0031622776601683798, 0.0054555947811685199, 0.0094120496726806703, 0.016237767391887217, 0.028013567611988671, 0.048329302385717518, 0.083378222347178912, 0.14384498882876623, 0.24816289228368255, 0.42813323987193919, 0.73861998220793579, 1.2742749857031335, 2.1983926488622894, 3.7926901907322494, 6.5431891297129621, 11.288378916846883, 19.474830399087551, 33.59818286283781, 57.963939533849604, 100.0],
 measuredperiodlist 
[0.00317233712633931, 0.0054259128233741299, 0.0094120490253367089, 0.01623776330089827, 0.028013568286739288, 0.048329307768793996, 0.083378108154230121, 0.12571216025693072, 0.19871424296390108, 0.42813275370092696, 0.73862468083857191, 1.2742816174630429, 1.8253219500128259, 3.7925207730230106, 0.8653506129389047, 11.289482311042192, 19.466823909266637, 33.582340969510597, 57.936798863576485, 99.870319505666941],
 siglist 
[0.7094, 1.0, 1.0, 1.0, 1.0, 1.0, 1.0, 1.0, 1.0, 1.0, 1.0, 1.0, 1.0, 1.0, 0.9991, 1.0, 1.0, 1.0, 1.0, 1.0],
 powerlist 
[0.089509841062354184, 0.1916394039127603, 0.2111602246800735, 0.16994361876309802, 0.24106935507812871, 0.13905864869379098, 0.22308910192881953, 0.20337336850617679, 0.15979126567819277, 0.22931246086485191, 0.16740726542335291, 0.221580758347696, 0.18007246837870647, 0.19064343666560749, 0.098479621243916821, 0.18167199277154941, 0.17543333801390243, 0.19483798882685816, 0.20753010982605891, 0.17784610055515818],
 listnumberlist 
[0, 0, 0, 0, 0, 0, 0, 0, 0, 0, 0, 0, 0, 0, 0, 0, 0, 0, 0, 0],
 end of file
