fullmaglist 
[18.473684210526315, 18.473684210526315, 18.473684210526315, 18.473684210526315, 18.473684210526315, 18.473684210526315, 18.473684210526315, 18.473684210526315, 18.473684210526315, 18.473684210526315, 18.473684210526315, 18.473684210526315, 18.473684210526315, 18.473684210526315, 18.473684210526315, 18.473684210526315, 18.473684210526315, 18.473684210526315, 18.473684210526315, 18.473684210526315],
 periodlist 
[0.0031622776601683798, 0.0054555947811685199, 0.0094120496726806703, 0.016237767391887217, 0.028013567611988671, 0.048329302385717518, 0.083378222347178912, 0.14384498882876623, 0.24816289228368255, 0.42813323987193919, 0.73861998220793579, 1.2742749857031335, 2.1983926488622894, 3.7926901907322494, 6.5431891297129621, 11.288378916846883, 19.474830399087551, 33.59818286283781, 57.963939533849604, 100.0],
 measuredperiodlist 
[0.003162277549876167, 0.0054555945349575646, 0.0094120499306492491, 0.016237770776295877, 0.02801355308549739, 0.04832927860921301, 0.083378208959598715, 0.14384507915851438, 0.24816339896441608, 0.42813226301208568, 0.7386247776548337, 1.2742812158590118, 2.1983454544380177, 3.7925394597124371, 6.5422567994081913, 11.289493092477111, 19.477669108199954, 33.591855923884246, 57.903730814902723, 100.05460166522498],
 siglist 
[0.3024, 1.0, 1.0, 1.0, 1.0, 0.6579999999999999, 0.9921, 1.0, 0.9473, 1.0, 0.988, 1.0, 0.9448, 1.0, 1.0, 1.0, 1.0, 1.0, 1.0, 1.0],
 powerlist 
[0.087606604314567682, 0.16710186496987989, 0.18371362890702103, 0.14739717418217591, 0.20535569559164138, 0.086164251406310413, 0.10259887073832261, 0.14432315501844664, 0.094591298195359552, 0.12606942174233454, 0.089640499450903813, 0.21487144660899082, 0.083941080751403413, 0.14136596000717319, 0.1688586363050896, 0.12232145642755335, 0.11595567020394884, 0.20994599339574821, 0.23712902247142664, 0.26912565405354671],
 listnumberlist 
[0, 0, 0, 0, 0, 0, 0, 0, 0, 0, 0, 0, 0, 0, 0, 0, 0, 0, 0, 0],
 end of file
