fullmaglist 
[21.421052631578945, 21.421052631578945, 21.421052631578945, 21.421052631578945, 21.421052631578945, 21.421052631578945, 21.421052631578945, 21.421052631578945, 21.421052631578945, 21.421052631578945, 21.421052631578945, 21.421052631578945, 21.421052631578945, 21.421052631578945, 21.421052631578945, 21.421052631578945, 21.421052631578945, 21.421052631578945, 21.421052631578945, 21.421052631578945],
 periodlist 
[0.0031622776601683798, 0.0054555947811685199, 0.0094120496726806703, 0.016237767391887217, 0.028013567611988671, 0.048329302385717518, 0.083378222347178912, 0.14384498882876623, 0.24816289228368255, 0.42813323987193919, 0.73861998220793579, 1.2742749857031335, 2.1983926488622894, 3.7926901907322494, 6.5431891297129621, 11.288378916846883, 19.474830399087551, 33.59818286283781, 57.963939533849604, 100.0],
 measuredperiodlist 
[0.0031522819318570319, 0.0054555943867485883, 0.0094120498992333046, 0.01623776192388663, 0.028823210179177439, 0.046095424936332827, 0.083378354235135482, 0.12571232532777779, 0.24816219616613142, 0.42813211551057107, 0.73860695250317943, 1.274271252620367, 2.198394934561084, 3.7923872354887949, 6.5426759349830377, 11.290295918204565, 19.467703564603614, 33.573181417662397, 57.864818581978767, 99.754696963410709],
 siglist 
[0.9017, 1.0, 1.0, 1.0, 1.0, 1.0, 1.0, 1.0, 0.9999, 1.0, 1.0, 1.0, 1.0, 1.0, 1.0, 1.0, 1.0, 1.0, 1.0, 1.0],
 powerlist 
[0.094491578063382708, 0.17365405308711546, 0.16826425040784976, 0.18769416555046101, 0.19995572103786907, 0.14417397043520608, 0.17912213087222112, 0.15692143950274939, 0.11794032080152181, 0.20308934066302076, 0.16845377313794213, 0.21250212911769856, 0.14025800303537489, 0.17437536711523449, 0.13254788381072335, 0.15984427860115308, 0.1351326643587803, 0.21669687090822554, 0.23271946688933443, 0.26641482842651287],
 listnumberlist 
[0, 0, 0, 0, 0, 0, 0, 0, 0, 0, 0, 0, 0, 0, 0, 0, 0, 0, 0, 0],
 end of file
