fullmaglist 
[18.842105263157894, 18.842105263157894, 18.842105263157894, 18.842105263157894, 18.842105263157894, 18.842105263157894, 18.842105263157894, 18.842105263157894, 18.842105263157894, 18.842105263157894, 18.842105263157894, 18.842105263157894, 18.842105263157894, 18.842105263157894, 18.842105263157894, 18.842105263157894, 18.842105263157894, 18.842105263157894, 18.842105263157894, 18.842105263157894],
 periodlist 
[0.0031622776601683798, 0.0054555947811685199, 0.0094120496726806703, 0.016237767391887217, 0.028013567611988671, 0.048329302385717518, 0.083378222347178912, 0.14384498882876623, 0.24816289228368255, 0.42813323987193919, 0.73861998220793579, 1.2742749857031335, 2.1983926488622894, 3.7926901907322494, 6.5431891297129621, 11.288378916846883, 19.474830399087551, 33.59818286283781, 57.963939533849604, 100.0],
 measuredperiodlist 
[0.0031622776673792172, 0.0054555950108916154, 0.0094120510886737899, 0.016237772385935836, 0.028013534152077454, 0.048329361278992893, 0.083378320440890608, 0.14384561192889078, 0.24816516755106305, 0.42813596056137676, 0.73862150344521393, 1.2743060854482466, 2.1983657656869107, 3.7932185302434771, 6.5423113198635914, 11.287895446691673, 19.497032164696094, 33.613069466984811, 57.930984414777967, 99.720829978433173],
 siglist 
[0.753, 1.0, 1.0, 1.0, 1.0, 1.0, 1.0, 1.0, 0.9916, 1.0, 1.0, 1.0, 1.0, 1.0, 1.0, 1.0, 1.0, 1.0, 1.0, 1.0],
 powerlist 
[0.090691178502950054, 0.17977923333401497, 0.16251717390016607, 0.13707463357300587, 0.19912448394822496, 0.14747432429470583, 0.14281510612150441, 0.15956002872590802, 0.10393000700258842, 0.16033061220373246, 0.18490054057573224, 0.13964468258598478, 0.16496338782710135, 0.12832106008565639, 0.19579821243842174, 0.14380410948981032, 0.23994346131785949, 0.21635453688824499, 0.15536781506012307, 0.2157003648214473],
 listnumberlist 
[0, 0, 0, 0, 0, 0, 0, 0, 0, 0, 0, 0, 0, 0, 0, 0, 0, 0, 0, 0],
 end of file
