fullmaglist 
[23.263157894736842, 23.263157894736842, 23.263157894736842, 23.263157894736842, 23.263157894736842, 23.263157894736842, 23.263157894736842, 23.263157894736842, 23.263157894736842, 23.263157894736842, 23.263157894736842, 23.263157894736842, 23.263157894736842, 23.263157894736842, 23.263157894736842, 23.263157894736842, 23.263157894736842, 23.263157894736842, 23.263157894736842, 23.263157894736842],
 periodlist 
[0.0031622776601683798, 0.0054555947811685199, 0.0094120496726806703, 0.016237767391887217, 0.028013567611988671, 0.048329302385717518, 0.083378222347178912, 0.14384498882876623, 0.24816289228368255, 0.42813323987193919, 0.73861998220793579, 1.2742749857031335, 2.1983926488622894, 3.7926901907322494, 6.5431891297129621, 11.288378916846883, 19.474830399087551, 33.59818286283781, 57.963939533849604, 100.0],
 measuredperiodlist 
[0.0031723370153822401, 0.0054856036424752617, 0.009501727726699315, 0.01623775962886775, 0.028013552803626916, 0.048329298281074642, 0.083378229177444682, 0.1257123620102471, 0.24816262500680536, 0.42813488101585467, 0.738623731084744, 4.5875920135345147, 2.1985407778028483, 3.7927878763061691, 6.5428995036280195, 11.288373035685897, 19.483330686533357, 33.571219306571301, 57.95238571973664, 99.93982177443992],
 siglist 
[0.7562, 1.0, 1.0, 1.0, 1.0, 1.0, 1.0, 1.0, 1.0, 1.0, 1.0, 1.0, 1.0, 1.0, 1.0, 1.0, 1.0, 1.0, 1.0, 1.0],
 powerlist 
[0.086047786240845997, 0.17947119666394662, 0.17474115882075356, 0.12095859400783773, 0.23180195636427256, 0.14103568095720573, 0.14953323761104162, 0.15206769858820512, 0.1640167835222916, 0.18873036894670314, 0.15788980632089475, 0.23373373217356536, 0.17188421385400451, 0.12380010060452482, 0.16299874728889677, 0.14090565768874141, 0.1266141522640436, 0.15092786581673931, 0.25594010941969081, 0.20861710351324431],
 listnumberlist 
[0, 0, 0, 0, 0, 0, 0, 0, 0, 0, 0, 0, 0, 0, 0, 0, 0, 0, 0, 0],
 end of file
