fullmaglist 
[19.94736842105263, 19.94736842105263, 19.94736842105263, 19.94736842105263, 19.94736842105263, 19.94736842105263, 19.94736842105263, 19.94736842105263, 19.94736842105263, 19.94736842105263, 19.94736842105263, 19.94736842105263, 19.94736842105263, 19.94736842105263, 19.94736842105263, 19.94736842105263, 19.94736842105263, 19.94736842105263, 19.94736842105263, 19.94736842105263],
 periodlist 
[0.0031622776601683798, 0.0054555947811685199, 0.0094120496726806703, 0.016237767391887217, 0.028013567611988671, 0.048329302385717518, 0.083378222347178912, 0.14384498882876623, 0.24816289228368255, 0.42813323987193919, 0.73861998220793579, 1.2742749857031335, 2.1983926488622894, 3.7926901907322494, 6.5431891297129621, 11.288378916846883, 19.474830399087551, 33.59818286283781, 57.963939533849604, 100.0],
 measuredperiodlist 
[0.0031622775082066311, 0.0054555952790967576, 0.0094120503525197009, 0.016237773287566527, 0.028013546078237906, 0.048329286951643735, 0.08337829172640715, 0.1438444263518551, 0.24816262910032488, 0.42813368148602876, 0.73860821504236851, 1.2742270880061723, 2.198431762396245, 3.7925737084673523, 6.5430722167386142, 11.288279304504856, 19.475636789478244, 33.582454467676548, 57.989680913588572, 99.757521688556338],
 siglist 
[0.7498, 1.0, 1.0, 1.0, 1.0, 0.9807, 1.0, 1.0, 0.9953, 1.0, 1.0, 0.9999, 1.0, 1.0, 1.0, 0.9617, 1.0, 1.0, 1.0, 1.0],
 powerlist 
[0.090871077302555392, 0.20613532045539235, 0.1838170942142002, 0.22046854948839351, 0.26453545086695818, 0.099602813483524427, 0.14410430228290844, 0.17640843315181584, 0.10314456811130246, 0.18032729842644893, 0.15095247151675578, 0.10905394501141689, 0.11931784325716586, 0.12683443487077045, 0.16564366022177709, 0.085207396278248165, 0.13562996283275575, 0.14461918332535292, 0.15332508609722956, 0.18911010001191733],
 listnumberlist 
[0, 0, 0, 0, 0, 0, 0, 0, 0, 0, 0, 0, 0, 0, 0, 0, 0, 0, 0, 0],
 end of file
