fullmaglist 
[17.736842105263158, 17.736842105263158, 17.736842105263158, 17.736842105263158, 17.736842105263158, 17.736842105263158, 17.736842105263158, 17.736842105263158, 17.736842105263158, 17.736842105263158, 17.736842105263158, 17.736842105263158, 17.736842105263158, 17.736842105263158, 17.736842105263158, 17.736842105263158, 17.736842105263158, 17.736842105263158, 17.736842105263158, 17.736842105263158],
 periodlist 
[0.0031622776601683798, 0.0054555947811685199, 0.0094120496726806703, 0.016237767391887217, 0.028013567611988671, 0.048329302385717518, 0.083378222347178912, 0.14384498882876623, 0.24816289228368255, 0.42813323987193919, 0.73861998220793579, 1.2742749857031335, 2.1983926488622894, 3.7926901907322494, 6.5431891297129621, 11.288378916846883, 19.474830399087551, 33.59818286283781, 57.963939533849604, 100.0],
 measuredperiodlist 
[0.0031622778653268833, 0.0054259122596037636, 0.0094120508759414599, 0.016506530180321947, 0.028823214517981095, 0.048329311834960573, 0.090985106698316512, 0.12571228864532985, 0.19871438044793607, 0.29953781746069846, 2.8479561866680907, 1.2742458123577376, 2.1983837166516307, 3.7930717147719197, 6.5429491876240764, 11.283642575700869, 19.480907940971864, 33.604606416729631, 57.985535651563396, 99.864532013235959],
 siglist 
[0.7322, 1.0, 1.0, 1.0, 1.0, 0.9999, 1.0, 1.0, 1.0, 1.0, 1.0, 1.0, 1.0, 1.0, 1.0, 1.0, 1.0, 1.0, 1.0, 1.0],
 powerlist 
[0.083588004020481152, 0.14165583370154061, 0.19702078775799936, 0.16034466092596009, 0.19744433070676834, 0.11606910831162193, 0.15465329266885958, 0.17447490090305745, 0.16895779944921493, 0.18863234060098705, 0.12949032048731732, 0.18179941889258139, 0.12136567321582378, 0.1466540581188332, 0.12976821342661771, 0.13261553129125017, 0.11730450557289561, 0.16794634220675009, 0.18265300151941519, 0.17050326105275493],
 listnumberlist 
[0, 0, 0, 0, 0, 0, 0, 0, 0, 0, 0, 0, 0, 0, 0, 0, 0, 0, 0, 0],
 end of file
