fullmaglist 
[22.526315789473685, 22.526315789473685, 22.526315789473685, 22.526315789473685, 22.526315789473685, 22.526315789473685, 22.526315789473685, 22.526315789473685, 22.526315789473685, 22.526315789473685, 22.526315789473685, 22.526315789473685, 22.526315789473685, 22.526315789473685, 22.526315789473685, 22.526315789473685, 22.526315789473685, 22.526315789473685, 22.526315789473685, 22.526315789473685],
 periodlist 
[0.0031622776601683798, 0.0054555947811685199, 0.0094120496726806703, 0.016237767391887217, 0.028013567611988671, 0.048329302385717518, 0.083378222347178912, 0.14384498882876623, 0.24816289228368255, 0.42813323987193919, 0.73861998220793579, 1.2742749857031335, 2.1983926488622894, 3.7926901907322494, 6.5431891297129621, 11.288378916846883, 19.474830399087551, 33.59818286283781, 57.963939533849604, 100.0],
 measuredperiodlist 
[0.0031622774458663129, 0.0054555946396732885, 0.0094120477544387404, 0.016237762423763628, 0.028013564045941131, 0.048329302187089945, 0.083378209694865854, 0.14384462212224566, 0.24816432699287636, 0.42813768124087404, 0.73860848039392357, 1.2742865260245486, 2.1983893542200281, 3.7922811846984414, 6.5436072535051792, 11.292820309793395, 19.468573954043485, 33.626687838153444, 58.026340616350659, 100.18916797124422],
 siglist 
[0.6944, 0.762, 1.0, 0.565, 1.0, 0.8954, 0.6632, 0.9998, 0.40700000000000003, 0.6707000000000001, 0.9019, 0.9969, 0.8613, 1.0, 0.9997, 0.6139, 0.8944, 1.0, 0.9999, 1.0],
 powerlist 
[0.10536526656064271, 0.10571681647711498, 0.16694153214498478, 0.099751626153063142, 0.19711762089340015, 0.10431852963368946, 0.097491853720106575, 0.14108681835551903, 0.097500694663987017, 0.097992898676177942, 0.10514439293830694, 0.11571377267085575, 0.097746064319039136, 0.13184224268248204, 0.12634581884572182, 0.084614242585789118, 0.10138848392980968, 0.16949173575327589, 0.12762305188849671, 0.16391560276668538],
 listnumberlist 
[0, 0, 0, 0, 0, 0, 0, 0, 0, 0, 0, 0, 0, 0, 0, 0, 0, 0, 0, 0],
 end of file
