fullmaglist 
[21.05263157894737, 21.05263157894737, 21.05263157894737, 21.05263157894737, 21.05263157894737, 21.05263157894737, 21.05263157894737, 21.05263157894737, 21.05263157894737, 21.05263157894737, 21.05263157894737, 21.05263157894737, 21.05263157894737, 21.05263157894737, 21.05263157894737, 21.05263157894737, 21.05263157894737, 21.05263157894737, 21.05263157894737, 21.05263157894737],
 periodlist 
[0.0031622776601683798, 0.0054555947811685199, 0.0094120496726806703, 0.016237767391887217, 0.028013567611988671, 0.048329302385717518, 0.083378222347178912, 0.14384498882876623, 0.24816289228368255, 0.42813323987193919, 0.73861998220793579, 1.2742749857031335, 2.1983926488622894, 3.7926901907322494, 6.5431891297129621, 11.288378916846883, 19.474830399087551, 33.59818286283781, 57.963939533849604, 100.0],
 measuredperiodlist 
[0.0031622775784405557, 0.0054555951965268622, 0.0094120484732417315, 0.016237769654980316, 0.028013576599195993, 0.048329243867339618, 0.083378205779760559, 0.14384510926874963, 0.24816247342959832, 0.42813300389812847, 0.7386249729738712, 1.2743118822668054, 2.1982770328628511, 3.7923731312475528, 6.5427272796984548, 11.287941765429508, 19.479188302963241, 33.602124270108767, 58.019124337980678, 100.01971845389365],
 siglist 
[0.789, 1.0, 1.0, 0.9999, 1.0, 0.9998, 1.0, 1.0, 0.9355, 1.0, 1.0, 1.0, 1.0, 1.0, 1.0, 1.0, 1.0, 1.0, 1.0, 1.0],
 powerlist 
[0.085031641439773015, 0.20170037385676548, 0.17176147474066703, 0.12200755498013249, 0.19678862337052225, 0.10785026801199636, 0.12074845676410137, 0.2228897578340161, 0.088209196680775037, 0.2186859918525858, 0.1239786219987152, 0.20458761819489107, 0.19412247547463757, 0.17549297205780592, 0.15279761998104044, 0.10805049412532478, 0.18296842174722489, 0.20050088404242727, 0.17887132218117899, 0.25949004684133048],
 listnumberlist 
[0, 0, 0, 0, 0, 0, 0, 0, 0, 0, 0, 0, 0, 0, 0, 0, 0, 0, 0, 0],
 end of file
