fullmaglist 
[23.263157894736842, 23.263157894736842, 23.263157894736842, 23.263157894736842, 23.263157894736842, 23.263157894736842, 23.263157894736842, 23.263157894736842, 23.263157894736842, 23.263157894736842, 23.263157894736842, 23.263157894736842, 23.263157894736842, 23.263157894736842, 23.263157894736842, 23.263157894736842, 23.263157894736842, 23.263157894736842, 23.263157894736842, 23.263157894736842],
 periodlist 
[0.0031622776601683798, 0.0054555947811685199, 0.0094120496726806703, 0.016237767391887217, 0.028013567611988671, 0.048329302385717518, 0.083378222347178912, 0.14384498882876623, 0.24816289228368255, 0.42813323987193919, 0.73861998220793579, 1.2742749857031335, 2.1983926488622894, 3.7926901907322494, 6.5431891297129621, 11.288378916846883, 19.474830399087551, 33.59818286283781, 57.963939533849604, 100.0],
 measuredperiodlist 
[0.0031622775142740801, 0.0054555947576781982, 0.0094120523597081441, 0.016237762694789208, 0.028013551616912959, 0.048329298936510792, 0.083378211885933695, 0.12571223172539098, 0.24816305141521744, 0.42813244127576766, 0.73861951928077818, 1.2743006399816288, 2.1984663787644334, 3.7927786295768393, 6.5430603687636335, 11.287966936882672, 19.47405634767718, 33.606196673397214, 57.91251484388377, 100.21618705192574],
 siglist 
[0.7177, 1.0, 0.9953, 0.9863, 1.0, 0.8942, 0.3577, 1.0, 0.982, 1.0, 0.9988, 1.0, 0.962, 1.0, 0.9996, 1.0, 1.0, 1.0, 1.0, 1.0],
 powerlist 
[0.093416806998969731, 0.20192507722720687, 0.11320098873174339, 0.10390308668913768, 0.19803284704652852, 0.096743049582396295, 0.083607959715773644, 0.14907924187972527, 0.10727495106555077, 0.15167250579857905, 0.10467351603100916, 0.14908667842418677, 0.089546514705336352, 0.1593640931258738, 0.10848953508247886, 0.11416595412752065, 0.11923238880629128, 0.17210284790736924, 0.17386543957554457, 0.22778571781543827],
 listnumberlist 
[0, 0, 0, 0, 0, 0, 0, 0, 0, 0, 0, 0, 0, 0, 0, 0, 0, 0, 0, 0],
 end of file
