fullmaglist 
[22.894736842105264, 22.894736842105264, 22.894736842105264, 22.894736842105264, 22.894736842105264, 22.894736842105264, 22.894736842105264, 22.894736842105264, 22.894736842105264, 22.894736842105264, 22.894736842105264, 22.894736842105264, 22.894736842105264, 22.894736842105264, 22.894736842105264, 22.894736842105264, 22.894736842105264, 22.894736842105264, 22.894736842105264, 22.894736842105264],
 periodlist 
[0.0031622776601683798, 0.0054555947811685199, 0.0094120496726806703, 0.016237767391887217, 0.028013567611988671, 0.048329302385717518, 0.083378222347178912, 0.14384498882876623, 0.24816289228368255, 0.42813323987193919, 0.73861998220793579, 1.2742749857031335, 2.1983926488622894, 3.7926901907322494, 6.5431891297129621, 11.288378916846883, 19.474830399087551, 33.59818286283781, 57.963939533849604, 100.0],
 measuredperiodlist 
[0.0031622777245616006, 0.0077803660923749353, 0.0095017273060472706, 0.016237767805683114, 0.028013570636356164, 0.048329370830245431, 0.16074478537613907, 0.14384516973780037, 0.24816254542008392, 0.42814018204372978, 0.73862975613277271, 4.6456776150288359, 2.1983984919628656, 3.7931886989267554, 6.5422769474883982, 11.287941765429508, 19.502280345750901, 33.561915936267198, 57.84454359458104, 100.17197570280494],
 siglist 
[0.9537, 0.8947, 0.8278, 0.9985, 0.9996, 0.8694, 0.7726, 1.0, 0.5281, 0.9999, 0.9907, 1.0, 0.9978, 0.9987, 0.6473, 0.9839, 0.9989, 0.777, 1.0, 1.0],
 powerlist 
[0.13359071607174883, 0.14670811690162922, 0.14289099817225559, 0.14002333570109665, 0.16769929162176039, 0.13271879184820559, 0.12328851260582863, 0.17967638407917558, 0.10863108881545491, 0.12869630729771614, 0.1327686824609205, 0.1514207341608379, 0.12468061776534048, 0.11034989943479723, 0.089534118160209841, 0.10468574677963335, 0.13010676889814751, 0.10724878072697458, 0.16403934351242677, 0.19069133807045069],
 listnumberlist 
[0, 0, 0, 0, 0, 0, 0, 0, 0, 0, 0, 0, 0, 0, 0, 0, 0, 0, 0, 0],
 end of file
