fullmaglist 
[19.210526315789473, 19.210526315789473, 19.210526315789473, 19.210526315789473, 19.210526315789473, 19.210526315789473, 19.210526315789473, 19.210526315789473, 19.210526315789473, 19.210526315789473, 19.210526315789473, 19.210526315789473, 19.210526315789473, 19.210526315789473, 19.210526315789473, 19.210526315789473, 19.210526315789473, 19.210526315789473, 19.210526315789473, 19.210526315789473],
 periodlist 
[0.0031622776601683798, 0.0054555947811685199, 0.0094120496726806703, 0.016237767391887217, 0.028013567611988671, 0.048329302385717518, 0.083378222347178912, 0.14384498882876623, 0.24816289228368255, 0.42813323987193919, 0.73861998220793579, 1.2742749857031335, 2.1983926488622894, 3.7926901907322494, 6.5431891297129621, 11.288378916846883, 19.474830399087551, 33.59818286283781, 57.963939533849604, 100.0],
 measuredperiodlist 
[0.0031622775170022368, 0.0054555947282128089, 0.0094120507381105951, 0.016237776350855417, 0.02801357266051242, 0.048329254058717436, 0.083378221401935043, 0.14384461296950279, 0.24816253547413158, 0.42814074807461772, 0.73862841213538233, 1.2742958038228986, 2.198472869978191, 3.7918752343490856, 6.5414306663452546, 11.291930682794181, 19.470292327155242, 33.611281123188533, 57.859357530990962, 99.862699619308415],
 siglist 
[0.34199999999999997, 1.0, 1.0, 1.0, 1.0, 0.9998, 0.9236, 1.0, 0.5941000000000001, 0.9652000000000001, 1.0, 1.0, 1.0, 1.0, 1.0, 1.0, 1.0, 1.0, 1.0, 1.0],
 powerlist 
[0.089188548129377432, 0.19909724080075006, 0.14169216713467309, 0.15797553428857564, 0.21643989816888165, 0.11575134544791779, 0.094792148599470077, 0.18683461072271529, 0.089282622277344847, 0.098547813616549615, 0.14103326573147623, 0.14718991506414411, 0.14824956429284447, 0.14287386313500425, 0.22399200263626612, 0.14085843160205008, 0.15301044861551766, 0.15294234129980144, 0.22183625529393297, 0.17321140233917293],
 listnumberlist 
[0, 0, 0, 0, 0, 0, 0, 0, 0, 0, 0, 0, 0, 0, 0, 0, 0, 0, 0, 0],
 end of file
