fullmaglist 
[21.421052631578945, 21.421052631578945, 21.421052631578945, 21.421052631578945, 21.421052631578945, 21.421052631578945, 21.421052631578945, 21.421052631578945, 21.421052631578945, 21.421052631578945, 21.421052631578945, 21.421052631578945, 21.421052631578945, 21.421052631578945, 21.421052631578945, 21.421052631578945, 21.421052631578945, 21.421052631578945, 21.421052631578945, 21.421052631578945],
 periodlist 
[0.0031622776601683798, 0.0054555947811685199, 0.0094120496726806703, 0.016237767391887217, 0.028013567611988671, 0.048329302385717518, 0.083378222347178912, 0.14384498882876623, 0.24816289228368255, 0.42813323987193919, 0.73861998220793579, 1.2742749857031335, 2.1983926488622894, 3.7926901907322494, 6.5431891297129621, 11.288378916846883, 19.474830399087551, 33.59818286283781, 57.963939533849604, 100.0],
 measuredperiodlist 
[0.0031622774695147723, 0.0054555947988825081, 0.009412048003718575, 0.016237769881777098, 0.028013575144931212, 0.048329281788053416, 0.083378435986636135, 0.14384487499029497, 0.2481621455415568, 0.42812827174902335, 0.73861200420725348, 1.2742713856276318, 2.1983772406475302, 3.792387395962499, 6.544073338450568, 11.290618914642558, 19.468792264963454, 33.61396371024869, 57.885865344983124, 99.74444691935588],
 siglist 
[0.8230999999999999, 1.0, 0.9999, 1.0, 1.0, 0.9958, 0.7628, 1.0, 0.9999, 1.0, 1.0, 1.0, 1.0, 1.0, 1.0, 0.9995, 1.0, 1.0, 1.0, 1.0],
 powerlist 
[0.097567159647992646, 0.20869260519968558, 0.11860316307105664, 0.16218147438368033, 0.16165762999208153, 0.11594879913065471, 0.096083682257358902, 0.18910509311057538, 0.1202291658658237, 0.16416045283159098, 0.18984086993761198, 0.13673324640860396, 0.18083482991719557, 0.14442650791287232, 0.14141063591441316, 0.10320411906334093, 0.13968884070733853, 0.18919893318380943, 0.18657927912905292, 0.21732063388877312],
 listnumberlist 
[0, 0, 0, 0, 0, 0, 0, 0, 0, 0, 0, 0, 0, 0, 0, 0, 0, 0, 0, 0],
 end of file
