fullmaglist 
[17.0, 17.0, 17.0, 17.0, 17.0, 17.0, 17.0, 17.0, 17.0, 17.0, 17.0, 17.0, 17.0, 17.0, 17.0, 17.0, 17.0, 17.0, 17.0, 17.0],
 periodlist 
[0.0031622776601683798, 0.0054555947811685199, 0.0094120496726806703, 0.016237767391887217, 0.028013567611988671, 0.048329302385717518, 0.083378222347178912, 0.14384498882876623, 0.24816289228368255, 0.42813323987193919, 0.73861998220793579, 1.2742749857031335, 2.1983926488622894, 3.7926901907322494, 6.5431891297129621, 11.288378916846883, 19.474830399087551, 33.59818286283781, 57.963939533849604, 100.0],
 measuredperiodlist 
[0.0031622776778028648, 0.0054555945180710099, 0.0094120511138949502, 0.01623776688103467, 0.028013578892596605, 0.048329269805943577, 0.08337839675484314, 0.1438441417708517, 0.24816492112954086, 0.42813450378925694, 0.7386339015872645, 1.2742739183265435, 2.1983787186366222, 3.7922722606532577, 6.542802341094303, 11.290250918971076, 19.462569296589859, 33.585633799346361, 57.946418003164212, 100.39534123606924],
 siglist 
[0.9384, 1.0, 1.0, 1.0, 1.0, 1.0, 0.9998, 1.0, 0.9998, 1.0, 0.9999, 1.0, 1.0, 1.0, 0.9995, 1.0, 1.0, 1.0, 1.0, 1.0],
 powerlist 
[0.089676094183241128, 0.17539273985065523, 0.16146572551836313, 0.13339700331993073, 0.17494436557116119, 0.108191666575498, 0.11320788054123496, 0.19801942594405164, 0.10563653269535439, 0.20499894961990581, 0.10884903378996566, 0.19217200338073959, 0.13437752747501877, 0.14922221756139531, 0.094739812022422001, 0.15721517012226582, 0.12219319474343521, 0.18666097159386658, 0.21266152719562378, 0.17866362886329346],
 listnumberlist 
[0, 0, 0, 0, 0, 0, 0, 0, 0, 0, 0, 0, 0, 0, 0, 0, 0, 0, 0, 0],
 end of file
