fullmaglist 
[20.684210526315788, 20.684210526315788, 20.684210526315788, 20.684210526315788, 20.684210526315788, 20.684210526315788, 20.684210526315788, 20.684210526315788, 20.684210526315788, 20.684210526315788, 20.684210526315788, 20.684210526315788, 20.684210526315788, 20.684210526315788, 20.684210526315788, 20.684210526315788, 20.684210526315788, 20.684210526315788, 20.684210526315788, 20.684210526315788],
 periodlist 
[0.0031622776601683798, 0.0054555947811685199, 0.0094120496726806703, 0.016237767391887217, 0.028013567611988671, 0.048329302385717518, 0.083378222347178912, 0.14384498882876623, 0.24816289228368255, 0.42813323987193919, 0.73861998220793579, 1.2742749857031335, 2.1983926488622894, 3.7926901907322494, 6.5431891297129621, 11.288378916846883, 19.474830399087551, 33.59818286283781, 57.963939533849604, 100.0],
 measuredperiodlist 
[0.0031622775407459699, 0.0054555949637784791, 0.009412048985295015, 0.016237767794978739, 0.02801358880924246, 0.048329254058717436, 0.083378182886849186, 0.14384510425927119, 0.2481621455415568, 0.42813596056137676, 0.73862323060563984, 1.2742598194407067, 2.1985685076289587, 3.7925809152465733, 6.5432260956811179, 11.291426120511673, 19.466392646169581, 33.590728838510024, 57.885865344983124, 100.02080673957008],
 siglist 
[0.9347, 1.0, 1.0, 1.0, 1.0, 1.0, 0.9996, 1.0, 1.0, 0.9999, 1.0, 1.0, 1.0, 1.0, 1.0, 1.0, 1.0, 1.0, 1.0, 1.0],
 powerlist 
[0.097705940040836145, 0.17066753183353361, 0.13405021064835357, 0.14077301144052901, 0.22475643579453305, 0.14985952290864837, 0.11797612357388002, 0.21312592301729166, 0.1249108438802107, 0.12187667837251259, 0.14537359150319562, 0.13844225666805984, 0.12419772101342354, 0.17351951347983557, 0.14742508600600429, 0.14277008229624816, 0.13633729126383975, 0.22528460759006569, 0.18328769196190203, 0.22003225010940936],
 listnumberlist 
[0, 0, 0, 0, 0, 0, 0, 0, 0, 0, 0, 0, 0, 0, 0, 0, 0, 0, 0, 0],
 end of file
