fullmaglist 
[20.684210526315788, 20.684210526315788, 20.684210526315788, 20.684210526315788, 20.684210526315788, 20.684210526315788, 20.684210526315788, 20.684210526315788, 20.684210526315788, 20.684210526315788, 20.684210526315788, 20.684210526315788, 20.684210526315788, 20.684210526315788, 20.684210526315788, 20.684210526315788, 20.684210526315788, 20.684210526315788, 20.684210526315788, 20.684210526315788],
 periodlist 
[0.0031622776601683798, 0.0054555947811685199, 0.0094120496726806703, 0.016237767391887217, 0.028013567611988671, 0.048329302385717518, 0.083378222347178912, 0.14384498882876623, 0.24816289228368255, 0.42813323987193919, 0.73861998220793579, 1.2742749857031335, 2.1983926488622894, 3.7926901907322494, 6.5431891297129621, 11.288378916846883, 19.474830399087551, 33.59818286283781, 57.963939533849604, 100.0],
 measuredperiodlist 
[0.0031622775084274479, 0.0054555953841370734, 0.009412049770038516, 0.016237772714883632, 0.028013587404903423, 0.048329342636081532, 0.083378203756862695, 0.14384440275863525, 0.24816128711274424, 0.29954039551783412, 0.73860676077367682, 1.2742218445844424, 2.1984550755172663, 3.7922908844485144, 6.5432856500545382, 11.286477198723631, 19.47405634767718, 33.580464499350889, 57.914475788660937, 99.859274414590914],
 siglist 
[0.8308, 0.9493, 0.8204, 0.9982, 1.0, 0.8838, 0.3889, 1.0, 0.8466, 1.0, 0.9929, 0.9975, 0.938, 0.9961, 1.0, 0.9624, 0.9997, 0.9977, 0.7677, 1.0],
 powerlist 
[0.13980098267554855, 0.14913180397443651, 0.13821702059998986, 0.16726619255756275, 0.19825508721131785, 0.13655697902171426, 0.11969312320868689, 0.23610682280113465, 0.13398265821544994, 0.19608652442817492, 0.14212884239202098, 0.14463999735022209, 0.12159242172231774, 0.14406416006553524, 0.1769646378032477, 0.12929911316858195, 0.16505949574567391, 0.14910831931840302, 0.10939014208685616, 0.25473864707954075],
 listnumberlist 
[0, 0, 0, 0, 0, 0, 0, 0, 0, 0, 0, 0, 0, 0, 0, 0, 0, 0, 0, 0],
 end of file
