fullmaglist 
[23.63157894736842, 23.63157894736842, 23.63157894736842, 23.63157894736842, 23.63157894736842, 23.63157894736842, 23.63157894736842, 23.63157894736842, 23.63157894736842, 23.63157894736842, 23.63157894736842, 23.63157894736842, 23.63157894736842, 23.63157894736842, 23.63157894736842, 23.63157894736842, 23.63157894736842, 23.63157894736842, 23.63157894736842, 23.63157894736842],
 periodlist 
[0.0031622776601683798, 0.0054555947811685199, 0.0094120496726806703, 0.016237767391887217, 0.028013567611988671, 0.048329302385717518, 0.083378222347178912, 0.14384498882876623, 0.24816289228368255, 0.42813323987193919, 0.73861998220793579, 1.2742749857031335, 2.1983926488622894, 3.7926901907322494, 6.5431891297129621, 11.288378916846883, 19.474830399087551, 33.59818286283781, 57.963939533849604, 100.0],
 measuredperiodlist 
[0.0031622777598326489, 0.005455594688071665, 0.0094120500290054143, 0.016237764390496626, 0.028013563546232953, 0.048329298936510771, 0.083378175305126673, 0.14384481407113034, 0.24816283537683206, 0.42813651366997918, 0.7386176054766137, 1.2742949436020514, 2.1983844328557129, 3.7928375038530819, 6.5436110837523573, 11.288115932328745, 19.480932312763215, 33.585080192594425, 57.885075553610925, 100.04618966918029],
 siglist 
[0.6773, 1.0, 1.0, 0.9947, 1.0, 0.9851, 0.5135000000000001, 0.9972, 0.9983, 1.0, 0.9986, 1.0, 0.9994, 0.9982, 1.0, 0.9937, 1.0, 1.0, 1.0, 1.0],
 powerlist 
[0.093669675077459533, 0.14407599786424807, 0.1360853754979425, 0.10863759125952122, 0.14728523405729149, 0.10348381250508616, 0.085665210177947926, 0.11788955755810088, 0.11650672989319791, 0.20114703458000258, 0.10494295065784018, 0.14163463290378991, 0.11053267372928322, 0.1028855510864117, 0.18852410907891454, 0.098094164679013829, 0.17857509982034347, 0.17338093244187458, 0.13498278801336952, 0.21573805081297315],
 listnumberlist 
[0, 0, 0, 0, 0, 0, 0, 0, 0, 0, 0, 0, 0, 0, 0, 0, 0, 0, 0, 0],
 end of file
