fullmaglist 
[20.31578947368421, 20.31578947368421, 20.31578947368421, 20.31578947368421, 20.31578947368421, 20.31578947368421, 20.31578947368421, 20.31578947368421, 20.31578947368421, 20.31578947368421, 20.31578947368421, 20.31578947368421, 20.31578947368421, 20.31578947368421, 20.31578947368421, 20.31578947368421, 20.31578947368421, 20.31578947368421, 20.31578947368421, 20.31578947368421],
 periodlist 
[0.0031622776601683798, 0.0054555947811685199, 0.0094120496726806703, 0.016237767391887217, 0.028013567611988671, 0.048329302385717518, 0.083378222347178912, 0.14384498882876623, 0.24816289228368255, 0.42813323987193919, 0.73861998220793579, 1.2742749857031335, 2.1983926488622894, 3.7926901907322494, 6.5431891297129621, 11.288378916846883, 19.474830399087551, 33.59818286283781, 57.963939533849604, 100.0],
 measuredperiodlist 
[0.0031622773037953372, 0.0054555952101207044, 0.0094120501325921785, 0.016237760844926973, 0.028013552075732771, 0.048329285280411124, 0.083378081820987895, 0.14384553992244806, 0.24816143113649558, 0.42813340578318465, 0.73861537271762301, 1.2742987411827777, 2.1984579013181618, 3.7925347413308619, 6.5428601317497916, 11.289308037512114, 19.479157405360745, 33.593655561582104, 57.991056353605366, 100.00524219024777],
 siglist 
[0.9627, 0.997, 0.9953, 0.9941, 1.0, 0.9972, 0.9895, 0.9097, 0.9941, 0.9964, 0.7197, 1.0, 0.9904, 0.9923, 0.9435, 0.8354, 0.9575, 1.0, 0.9348, 1.0],
 powerlist 
[0.15376460553436427, 0.17301358165231406, 0.16906144962015449, 0.16398928475781019, 0.22858176928436691, 0.16867987732090517, 0.15926283234676469, 0.14377252002790095, 0.17089509148705706, 0.16416229266453905, 0.10852651516004355, 0.21296800009809669, 0.1383064463614401, 0.13953690289130208, 0.12567356135809077, 0.11363946750390284, 0.12653799547342609, 0.19719517334819658, 0.12157291141710644, 0.23357712868786007],
 listnumberlist 
[0, 0, 0, 0, 0, 0, 0, 0, 0, 0, 0, 0, 0, 0, 0, 0, 0, 0, 0, 0],
 end of file
