fullmaglist 
[17.36842105263158, 17.36842105263158, 17.36842105263158, 17.36842105263158, 17.36842105263158, 17.36842105263158, 17.36842105263158, 17.36842105263158, 17.36842105263158, 17.36842105263158, 17.36842105263158, 17.36842105263158, 17.36842105263158, 17.36842105263158, 17.36842105263158, 17.36842105263158, 17.36842105263158, 17.36842105263158, 17.36842105263158, 17.36842105263158],
 periodlist 
[0.0031622776601683798, 0.0054555947811685199, 0.0094120496726806703, 0.016237767391887217, 0.028013567611988671, 0.048329302385717518, 0.083378222347178912, 0.14384498882876623, 0.24816289228368255, 0.42813323987193919, 0.73861998220793579, 1.2742749857031335, 2.1983926488622894, 3.7926901907322494, 6.5431891297129621, 11.288378916846883, 19.474830399087551, 33.59818286283781, 57.963939533849604, 100.0],
 measuredperiodlist 
[0.0031622775867674109, 0.0055159457617860175, 0.009412046029643838, 0.016237764027062371, 0.027248142555780588, 0.048329278149675213, 0.076945085060284982, 0.14384472422109507, 0.33037278035764495, 0.4281371771055561, 0.7386167360203334, 0.8191761850298539, 2.1983778613193836, 3.7928356129470995, 6.5425536362981269, 11.294219563513435, 19.480969258395923, 33.57439061406221, 57.967975290236431, 99.832977881168347],
 siglist 
[0.48260000000000003, 1.0, 1.0, 1.0, 1.0, 0.9984, 1.0, 1.0, 1.0, 1.0, 1.0, 1.0, 1.0, 0.9941, 1.0, 1.0, 1.0, 1.0, 1.0, 1.0],
 powerlist 
[0.091489088154476678, 0.16476126775846089, 0.19201553481920713, 0.21669626666736794, 0.21060283265030358, 0.12098404085605102, 0.20892512505687455, 0.14436218622666278, 0.12945792017497981, 0.16022173697176517, 0.16771356407104715, 0.20840663405196996, 0.16200694377482439, 0.099491166182007276, 0.13014046860868494, 0.241233324118756, 0.20914145378123564, 0.19109771090578279, 0.2442141811234253, 0.20070968148196877],
 listnumberlist 
[0, 0, 0, 0, 0, 0, 0, 0, 0, 0, 0, 0, 0, 0, 0, 0, 0, 0, 0, 0],
 end of file
