fullmaglist 
[20.31578947368421, 20.31578947368421, 20.31578947368421, 20.31578947368421, 20.31578947368421, 20.31578947368421, 20.31578947368421, 20.31578947368421, 20.31578947368421, 20.31578947368421, 20.31578947368421, 20.31578947368421, 20.31578947368421, 20.31578947368421, 20.31578947368421, 20.31578947368421, 20.31578947368421, 20.31578947368421, 20.31578947368421, 20.31578947368421],
 periodlist 
[0.0031622776601683798, 0.0054555947811685199, 0.0094120496726806703, 0.016237767391887217, 0.028013567611988671, 0.048329302385717518, 0.083378222347178912, 0.14384498882876623, 0.24816289228368255, 0.42813323987193919, 0.73861998220793579, 1.2742749857031335, 2.1983926488622894, 3.7926901907322494, 6.5431891297129621, 11.288378916846883, 19.474830399087551, 33.59818286283781, 57.963939533849604, 100.0],
 measuredperiodlist 
[0.0031622775974984949, 0.0054555952259439508, 0.0094120495615126337, 0.016237767951117327, 0.028013563829968752, 0.048329291122860177, 0.083378353801621299, 0.14384454952246939, 0.24816369224723109, 0.42813389971362337, 0.73861958146115614, 1.2742425526377539, 2.1984202542769249, 3.7927107096729467, 6.5424606346864991, 11.285018542233336, 19.472476247643684, 33.603279056982956, 57.965669182152588, 100.1201968720266],
 siglist 
[0.356, 1.0, 1.0, 1.0, 1.0, 0.9933, 0.9987, 1.0, 0.9711, 1.0, 1.0, 1.0, 0.9976, 1.0, 0.9996, 0.9971, 0.9986, 1.0, 1.0, 1.0],
 powerlist 
[0.083490735982579861, 0.20519347482127254, 0.20660686124605987, 0.16561464730222764, 0.2965179971377464, 0.10468722041830768, 0.11566206255283286, 0.18351349196290445, 0.09562384475513562, 0.17945357631222447, 0.11605514039624884, 0.16473958651234158, 0.098514187198611131, 0.11628154703475242, 0.10385492682070616, 0.097377993715129951, 0.09825862756546172, 0.18406611748074869, 0.20347545291455588, 0.2483395541939008],
 listnumberlist 
[0, 0, 0, 0, 0, 0, 0, 0, 0, 0, 0, 0, 0, 0, 0, 0, 0, 0, 0, 0],
 end of file
