fullmaglist 
[20.684210526315788, 20.684210526315788, 20.684210526315788, 20.684210526315788, 20.684210526315788, 20.684210526315788, 20.684210526315788, 20.684210526315788, 20.684210526315788, 20.684210526315788, 20.684210526315788, 20.684210526315788, 20.684210526315788, 20.684210526315788, 20.684210526315788, 20.684210526315788, 20.684210526315788, 20.684210526315788, 20.684210526315788, 20.684210526315788],
 periodlist 
[0.0031622776601683798, 0.0054555947811685199, 0.0094120496726806703, 0.016237767391887217, 0.028013567611988671, 0.048329302385717518, 0.083378222347178912, 0.14384498882876623, 0.24816289228368255, 0.42813323987193919, 0.73861998220793579, 1.2742749857031335, 2.1983926488622894, 3.7926901907322494, 6.5431891297129621, 11.288378916846883, 19.474830399087551, 33.59818286283781, 57.963939533849604, 100.0],
 measuredperiodlist 
[0.0031622776158035273, 0.0054259132163050599, 0.0095017258406619037, 0.016237779060048096, 0.027248168751322837, 0.050790705443559583, 0.083378035540470019, 0.14384526362359099, 0.19871403673820534, 0.42813413645322523, 2.847744404421817, 1.274259003478224, 2.1985015104111318, 1.3530381756279823, 6.5428995036280195, 11.290961684022434, 19.485533705483601, 33.591505520604144, 57.936798863576485, 99.876107668946915],
 siglist 
[0.5783, 1.0, 1.0, 1.0, 1.0, 1.0, 1.0, 1.0, 1.0, 1.0, 1.0, 1.0, 1.0, 1.0, 1.0, 1.0, 1.0, 1.0, 1.0, 1.0],
 powerlist 
[0.082262883103384199, 0.23847156939625472, 0.19269170384696971, 0.18021498912129344, 0.23145414602019729, 0.17186402071595647, 0.1752365661786589, 0.15914410521927128, 0.16616619890148623, 0.18053471959375034, 0.12171880048663859, 0.1921710779967411, 0.14071953356861519, 0.21370219292562892, 0.1407930418812241, 0.1643805757544114, 0.17017658927847604, 0.15850666397143776, 0.20489532115013576, 0.21068929678003268],
 listnumberlist 
[0, 0, 0, 0, 0, 0, 0, 0, 0, 0, 0, 0, 0, 0, 0, 0, 0, 0, 0, 0],
 end of file
