fullmaglist 
[18.842105263157894, 18.842105263157894, 18.842105263157894, 18.842105263157894, 18.842105263157894, 18.842105263157894, 18.842105263157894, 18.842105263157894, 18.842105263157894, 18.842105263157894, 18.842105263157894, 18.842105263157894, 18.842105263157894, 18.842105263157894, 18.842105263157894, 18.842105263157894, 18.842105263157894, 18.842105263157894, 18.842105263157894, 18.842105263157894],
 periodlist 
[0.0031622776601683798, 0.0054555947811685199, 0.0094120496726806703, 0.016237767391887217, 0.028013567611988671, 0.048329302385717518, 0.083378222347178912, 0.14384498882876623, 0.24816289228368255, 0.42813323987193919, 0.73861998220793579, 1.2742749857031335, 2.1983926488622894, 3.7926901907322494, 6.5431891297129621, 11.288378916846883, 19.474830399087551, 33.59818286283781, 57.963939533849604, 100.0],
 measuredperiodlist 
[0.0031622774707318257, 0.0054555952848601525, 0.0094120490767423855, 0.015977615231507241, 0.028013581948323239, 0.050790665025576859, 0.076945263691449772, 0.14384502348435244, 0.24816094538929789, 0.42813392372152104, 0.73859650584689962, 0.55944320247812263, 2.1983360418136475, 3.7924289649580398, 6.5447631700240922, 11.2891125283675, 19.484872747489359, 33.579723444748673, 57.901759074402413, 100.11400140729251],
 siglist 
[0.21850000000000003, 1.0, 1.0, 1.0, 1.0, 1.0, 1.0, 1.0, 1.0, 1.0, 1.0, 1.0, 1.0, 1.0, 1.0, 1.0, 1.0, 1.0, 1.0, 1.0],
 powerlist 
[0.078420855091701436, 0.13860163221441829, 0.12446696835513861, 0.1474484913362335, 0.15369016502892627, 0.13525444976230497, 0.13901618722756648, 0.1935861006456982, 0.14361223479190921, 0.15355817091022411, 0.15958370624938603, 0.16817909309629869, 0.13114385976447768, 0.16841640470802141, 0.1719562886780453, 0.18451123341334966, 0.16037955056301673, 0.18643859638527452, 0.20762208641925037, 0.22535870348071196],
 listnumberlist 
[0, 0, 0, 0, 0, 0, 0, 0, 0, 0, 0, 0, 0, 0, 0, 0, 0, 0, 0, 0],
 end of file
