fullmaglist 
[20.684210526315788, 20.684210526315788, 20.684210526315788, 20.684210526315788, 20.684210526315788, 20.684210526315788, 20.684210526315788, 20.684210526315788, 20.684210526315788, 20.684210526315788, 20.684210526315788, 20.684210526315788, 20.684210526315788, 20.684210526315788, 20.684210526315788, 20.684210526315788, 20.684210526315788, 20.684210526315788, 20.684210526315788, 20.684210526315788],
 periodlist 
[0.0031622776601683798, 0.0054555947811685199, 0.0094120496726806703, 0.016237767391887217, 0.028013567611988671, 0.048329302385717518, 0.083378222347178912, 0.14384498882876623, 0.24816289228368255, 0.42813323987193919, 0.73861998220793579, 1.2742749857031335, 2.1983926488622894, 3.7926901907322494, 6.5431891297129621, 11.288378916846883, 19.474830399087551, 33.59818286283781, 57.963939533849604, 100.0],
 measuredperiodlist 
[0.0031622777830100225, 0.0054555948312044597, 0.0094120496123468612, 0.01623777751449812, 0.028013552747851903, 0.048329282092660436, 0.083378140767166098, 0.14384530276989096, 0.24816290537313843, 0.42813182541961436, 0.73861572570898493, 1.2742511410481374, 2.19838436812211, 3.7927514437728509, 6.5440536179652264, 11.28868655045758, 19.492281880184802, 33.579701191412049, 58.013222433484998, 100.148521345576],
 siglist 
[0.23150000000000004, 1.0, 1.0, 1.0, 1.0, 1.0, 1.0, 1.0, 1.0, 1.0, 1.0, 1.0, 1.0, 1.0, 1.0, 0.9989, 1.0, 1.0, 1.0, 1.0],
 powerlist 
[0.078166107821846881, 0.22330172176706364, 0.17195844294199436, 0.15370357595837711, 0.21465432096248038, 0.12381643236004684, 0.1561207849024823, 0.20355466844715733, 0.14673945370557076, 0.18927891253934481, 0.16225509526259213, 0.18711382635719348, 0.14281117675878319, 0.1591681246185267, 0.12367821063532319, 0.09546317706181319, 0.20013925020145715, 0.19888072083451946, 0.20423299832108324, 0.1653793919737121],
 listnumberlist 
[0, 0, 0, 0, 0, 0, 0, 0, 0, 0, 0, 0, 0, 0, 0, 0, 0, 0, 0, 0],
 end of file
