fullmaglist 
[22.894736842105264, 22.894736842105264, 22.894736842105264, 22.894736842105264, 22.894736842105264, 22.894736842105264, 22.894736842105264, 22.894736842105264, 22.894736842105264, 22.894736842105264, 22.894736842105264, 22.894736842105264, 22.894736842105264, 22.894736842105264, 22.894736842105264, 22.894736842105264, 22.894736842105264, 22.894736842105264, 22.894736842105264, 22.894736842105264],
 periodlist 
[0.0031622776601683798, 0.0054555947811685199, 0.0094120496726806703, 0.016237767391887217, 0.028013567611988671, 0.048329302385717518, 0.083378222347178912, 0.14384498882876623, 0.24816289228368255, 0.42813323987193919, 0.73861998220793579, 1.2742749857031335, 2.1983926488622894, 3.7926901907322494, 6.5431891297129621, 11.288378916846883, 19.474830399087551, 33.59818286283781, 57.963939533849604, 100.0],
 measuredperiodlist 
[0.0031622777412473866, 0.0054555952552135098, 0.0094120488664396103, 0.016237773424730106, 0.028013585239119107, 0.048329301515424652, 0.083378446209307414, 0.14384424037758575, 0.24816461619801475, 0.42812707218718815, 0.73861597323221195, 1.2743219684906895, 2.1983600272111214, 3.7928063043966977, 6.544248363748391, 11.292989381535824, 19.467564797537687, 33.573827196325766, 57.887674987219192, 99.970254302637599],
 siglist 
[0.8519, 1.0, 1.0, 1.0, 1.0, 0.9924, 0.9406, 1.0, 0.995, 1.0, 1.0, 1.0, 0.9943, 1.0, 0.9987, 0.9998, 1.0, 1.0, 0.9518, 1.0],
 powerlist 
[0.1073553430811908, 0.19845750510175003, 0.19949967063382112, 0.16933355944075568, 0.19372543165425371, 0.11808796103464163, 0.10826569659720012, 0.21967829674470868, 0.12092935492546091, 0.16380218609644481, 0.2077364050230246, 0.13628421667789614, 0.10760674522101091, 0.15531102210359243, 0.11544409287285444, 0.12901011044837374, 0.13928799163106353, 0.14811533996646487, 0.10560958349048169, 0.19199695210803544],
 listnumberlist 
[0, 0, 0, 0, 0, 0, 0, 0, 0, 0, 0, 0, 0, 0, 0, 0, 0, 0, 0, 0],
 end of file
