fullmaglist 
[21.789473684210527, 21.789473684210527, 21.789473684210527, 21.789473684210527, 21.789473684210527, 21.789473684210527, 21.789473684210527, 21.789473684210527, 21.789473684210527, 21.789473684210527, 21.789473684210527, 21.789473684210527, 21.789473684210527, 21.789473684210527, 21.789473684210527, 21.789473684210527, 21.789473684210527, 21.789473684210527, 21.789473684210527, 21.789473684210527],
 periodlist 
[0.0031622776601683798, 0.0054555947811685199, 0.0094120496726806703, 0.016237767391887217, 0.028013567611988671, 0.048329302385717518, 0.083378222347178912, 0.14384498882876623, 0.24816289228368255, 0.42813323987193919, 0.73861998220793579, 1.2742749857031335, 2.1983926488622894, 3.7926901907322494, 6.5431891297129621, 11.288378916846883, 19.474830399087551, 33.59818286283781, 57.963939533849604, 100.0],
 measuredperiodlist 
[0.0031622775318139768, 0.0054555951231125251, 0.0094120497182451374, 0.016237772252417466, 0.028013565840334115, 0.048329268893101733, 0.083378313499454945, 0.14384524958104192, 0.2481621152515974, 0.42813233410854512, 0.73860931243983563, 1.2742835509956791, 2.1983590026089095, 3.7927281673662092, 6.5428351029847853, 11.288637447366392, 19.474721551510438, 33.589697154882522, 57.998922223229435, 100.00524219024778],
 siglist 
[0.21430000000000005, 1.0, 1.0, 1.0, 1.0, 0.5650999999999999, 0.9868, 1.0, 0.9496, 1.0, 1.0, 1.0, 1.0, 1.0, 0.9999, 0.9991, 1.0, 1.0, 1.0, 1.0],
 powerlist 
[0.085416195522502347, 0.19603964089391757, 0.1378142409787437, 0.17372421000883503, 0.21601798834360231, 0.0875461458426985, 0.10509313315388646, 0.14946813910009893, 0.10046294676604252, 0.16021166579899287, 0.14239854130073845, 0.21442528696580782, 0.14600214493855587, 0.15218669326717421, 0.12945376004195486, 0.1047086863707589, 0.13372069863520514, 0.12196245333040973, 0.17743449286524579, 0.29664497100313614],
 listnumberlist 
[0, 0, 0, 0, 0, 0, 0, 0, 0, 0, 0, 0, 0, 0, 0, 0, 0, 0, 0, 0],
 end of file
