fullmaglist 
[22.157894736842106, 22.157894736842106, 22.157894736842106, 22.157894736842106, 22.157894736842106, 22.157894736842106, 22.157894736842106, 22.157894736842106, 22.157894736842106, 22.157894736842106, 22.157894736842106, 22.157894736842106, 22.157894736842106, 22.157894736842106, 22.157894736842106, 22.157894736842106, 22.157894736842106, 22.157894736842106, 22.157894736842106, 22.157894736842106],
 periodlist 
[0.0031622776601683798, 0.0054555947811685199, 0.0094120496726806703, 0.016237767391887217, 0.028013567611988671, 0.048329302385717518, 0.083378222347178912, 0.14384498882876623, 0.24816289228368255, 0.42813323987193919, 0.73861998220793579, 1.2742749857031335, 2.1983926488622894, 3.7926901907322494, 6.5431891297129621, 11.288378916846883, 19.474830399087551, 33.59818286283781, 57.963939533849604, 100.0],
 measuredperiodlist 
[0.0031522818207881205, 0.0054555947054732981, 0.0094120476465104855, 0.016237777493702255, 0.028013589699008495, 0.048329352195373168, 0.083378272854016736, 0.14384504392325506, 0.24816596797023557, 0.42813458463148485, 0.73862079515573098, 1.2742294388971676, 2.1983561770622484, 3.7927870400758277, 6.5423345678940503, 11.288711953448399, 19.474278077238974, 33.619407963551815, 57.951758987102295, 100.16923354639597],
 siglist 
[0.9333, 1.0, 0.853, 1.0, 1.0, 0.9994, 0.9977, 1.0, 0.8737, 1.0, 0.9869, 0.9657, 0.9886, 0.9997, 0.9621999999999999, 1.0, 0.9999, 1.0, 1.0, 1.0],
 powerlist 
[0.098529143949257866, 0.13739480187441933, 0.096020936880445745, 0.13419190826756314, 0.16192868628259446, 0.11710185341921502, 0.11199033074625837, 0.13097269710003606, 0.092436517230222226, 0.1555919483362834, 0.091837650808360982, 0.087719748326402044, 0.092911983424088351, 0.11278492048548105, 0.086164722908643937, 0.11686396056834554, 0.1173696478086465, 0.21608873259720063, 0.13662083262516223, 0.22900250246220108],
 listnumberlist 
[0, 0, 0, 0, 0, 0, 0, 0, 0, 0, 0, 0, 0, 0, 0, 0, 0, 0, 0, 0],
 end of file
