fullmaglist 
[17.36842105263158, 17.36842105263158, 17.36842105263158, 17.36842105263158, 17.36842105263158, 17.36842105263158, 17.36842105263158, 17.36842105263158, 17.36842105263158, 17.36842105263158, 17.36842105263158, 17.36842105263158, 17.36842105263158, 17.36842105263158, 17.36842105263158, 17.36842105263158, 17.36842105263158, 17.36842105263158, 17.36842105263158, 17.36842105263158],
 periodlist 
[0.0031622776601683798, 0.0054555947811685199, 0.0094120496726806703, 0.016237767391887217, 0.028013567611988671, 0.048329302385717518, 0.083378222347178912, 0.14384498882876623, 0.24816289228368255, 0.42813323987193919, 0.73861998220793579, 1.2742749857031335, 2.1983926488622894, 3.7926901907322494, 6.5431891297129621, 11.288378916846883, 19.474830399087551, 33.59818286283781, 57.963939533849604, 100.0],
 measuredperiodlist 
[0.0031622774932585046, 0.00545559435130778, 0.0094120485646193731, 0.016237757778354088, 0.028013564586154383, 0.048329278090806775, 0.083378386466991694, 0.1438441544354134, 0.24816195057572893, 0.42813044779997167, 0.73859171119925171, 1.2742559640917239, 2.1984269668611911, 3.7930704933689658, 6.5430227900592213, 11.286685438186382, 19.473293145120635, 33.621119369638841, 57.978834274644001, 99.949596624789919],
 siglist 
[0.35129999999999995, 1.0, 1.0, 1.0, 1.0, 1.0, 1.0, 1.0, 0.9681, 1.0, 1.0, 1.0, 1.0, 1.0, 1.0, 1.0, 1.0, 1.0, 1.0, 1.0],
 powerlist 
[0.085468827307000159, 0.25295167340240687, 0.1676703377500694, 0.14585846358570742, 0.31019310498554487, 0.13360970778900538, 0.13513662003764504, 0.19220312032553269, 0.098472845326553024, 0.18608392457446815, 0.19740481019024497, 0.17668187901603608, 0.19299616222741597, 0.17004844170124139, 0.20291102792937044, 0.17248735102277596, 0.18502219256993366, 0.14841082871728131, 0.15986316772352516, 0.20552031771800339],
 listnumberlist 
[0, 0, 0, 0, 0, 0, 0, 0, 0, 0, 0, 0, 0, 0, 0, 0, 0, 0, 0, 0],
 end of file
