fullmaglist 
[18.105263157894736, 18.105263157894736, 18.105263157894736, 18.105263157894736, 18.105263157894736, 18.105263157894736, 18.105263157894736, 18.105263157894736, 18.105263157894736, 18.105263157894736, 18.105263157894736, 18.105263157894736, 18.105263157894736, 18.105263157894736, 18.105263157894736, 18.105263157894736, 18.105263157894736, 18.105263157894736, 18.105263157894736, 18.105263157894736],
 periodlist 
[0.0031622776601683798, 0.0054555947811685199, 0.0094120496726806703, 0.016237767391887217, 0.028013567611988671, 0.048329302385717518, 0.083378222347178912, 0.14384498882876623, 0.24816289228368255, 0.42813323987193919, 0.73861998220793579, 1.2742749857031335, 2.1983926488622894, 3.7926901907322494, 6.5431891297129621, 11.288378916846883, 19.474830399087551, 33.59818286283781, 57.963939533849604, 100.0],
 measuredperiodlist 
[0.0031622779407641847, 0.0054555944558340825, 0.0095017248976434782, 0.016237765136914148, 0.027248163581227756, 0.046095427402306238, 0.090985197970277099, 0.14384516756779936, 0.24816262500680542, 0.42812892458733048, 0.73861961551304756, 1.2742552345587881, 2.198406152585024, 3.7928379623603834, 6.5429491876240764, 11.289260438530436, 19.476724617528053, 33.584304380893514, 57.979682908086644, 100.18384337717947],
 siglist 
[0.5569999999999999, 1.0, 1.0, 1.0, 1.0, 1.0, 1.0, 1.0, 1.0, 1.0, 1.0, 1.0, 1.0, 1.0, 1.0, 1.0, 1.0, 1.0, 1.0, 1.0],
 powerlist 
[0.081531812147736402, 0.2245955364983945, 0.22052217974759208, 0.17134164696877596, 0.2364071766907552, 0.16075567535261304, 0.15272727157432198, 0.14269442727584181, 0.12993782176202945, 0.3034102217049775, 0.14316836960526191, 0.17535830697225974, 0.13802837808743645, 0.16304793254721947, 0.17117247131650754, 0.14052028907911274, 0.15927553413553078, 0.18276406898492337, 0.20432296656671661, 0.22094513932164772],
 listnumberlist 
[0, 0, 0, 0, 0, 0, 0, 0, 0, 0, 0, 0, 0, 0, 0, 0, 0, 0, 0, 0],
 end of file
