fullmaglist 
[20.31578947368421, 20.31578947368421, 20.31578947368421, 20.31578947368421, 20.31578947368421, 20.31578947368421, 20.31578947368421, 20.31578947368421, 20.31578947368421, 20.31578947368421, 20.31578947368421, 20.31578947368421, 20.31578947368421, 20.31578947368421, 20.31578947368421, 20.31578947368421, 20.31578947368421, 20.31578947368421, 20.31578947368421, 20.31578947368421],
 periodlist 
[0.0031622776601683798, 0.0054555947811685199, 0.0094120496726806703, 0.016237767391887217, 0.028013567611988671, 0.048329302385717518, 0.083378222347178912, 0.14384498882876623, 0.24816289228368255, 0.42813323987193919, 0.73861998220793579, 1.2742749857031335, 2.1983926488622894, 3.7926901907322494, 6.5431891297129621, 11.288378916846883, 19.474830399087551, 33.59818286283781, 57.963939533849604, 100.0],
 measuredperiodlist 
[0.0031622775229576366, 0.005455595371217049, 0.009324052191493756, 0.016237764065904835, 0.027248151517680206, 0.046095454528031224, 0.090985164343743999, 0.16809037101062008, 0.24816283942769821, 0.29953958768187333, 0.73860885192697967, 1.274279732933651, 2.1983416505107916, 3.7927544863382519, 1.1766081429407598, 11.286968266464388, 19.481348395347183, 33.58626802187387, 57.958232953218165, 100.00361722228118],
 siglist 
[0.3368, 1.0, 1.0, 0.9999, 1.0, 1.0, 1.0, 1.0, 1.0, 1.0, 1.0, 1.0, 1.0, 1.0, 1.0, 1.0, 1.0, 1.0, 1.0, 1.0],
 powerlist 
[0.078811614805870178, 0.21268481754541202, 0.23324115988973185, 0.11256323152653211, 0.16278342390183556, 0.12269078695833141, 0.16078957141450215, 0.12319390884405169, 0.13456765100388127, 0.21102772595820318, 0.11621701395461494, 0.17214028886551808, 0.11689285622262185, 0.13274993377277794, 0.11666992788336764, 0.11464087346160562, 0.14668608912989684, 0.18319221637699903, 0.19100806090486711, 0.23622927611914876],
 listnumberlist 
[0, 0, 0, 0, 0, 0, 0, 0, 0, 0, 0, 0, 0, 0, 0, 0, 0, 0, 0, 0],
 end of file
