fullmaglist 
[18.105263157894736, 18.105263157894736, 18.105263157894736, 18.105263157894736, 18.105263157894736, 18.105263157894736, 18.105263157894736, 18.105263157894736, 18.105263157894736, 18.105263157894736, 18.105263157894736, 18.105263157894736, 18.105263157894736, 18.105263157894736, 18.105263157894736, 18.105263157894736, 18.105263157894736, 18.105263157894736, 18.105263157894736, 18.105263157894736],
 periodlist 
[0.0031622776601683798, 0.0054555947811685199, 0.0094120496726806703, 0.016237767391887217, 0.028013567611988671, 0.048329302385717518, 0.083378222347178912, 0.14384498882876623, 0.24816289228368255, 0.42813323987193919, 0.73861998220793579, 1.2742749857031335, 2.1983926488622894, 3.7926901907322494, 6.5431891297129621, 11.288378916846883, 19.474830399087551, 33.59818286283781, 57.963939533849604, 100.0],
 measuredperiodlist 
[0.0031622774556988886, 0.0054555945180710099, 0.0093240525645947817, 0.016237767343358876, 0.028013576599195993, 0.048329271171134038, 0.083378112324187903, 0.14384521811307757, 0.24816373326912664, 0.42813996776724145, 0.73863740931587107, 1.2743023910696705, 2.1984154408113294, 3.7925748885353316, 6.5417766510674795, 11.28935694101955, 19.466333785502279, 33.617970364134123, 57.899354492298912, 99.897078924609858],
 siglist 
[0.9686, 1.0, 1.0, 1.0, 1.0, 1.0, 1.0, 1.0, 1.0, 1.0, 1.0, 1.0, 1.0, 1.0, 1.0, 1.0, 1.0, 1.0, 1.0, 1.0],
 powerlist 
[0.092360146042113275, 0.18215251251304024, 0.13511862982907835, 0.14206524806387577, 0.19722528468224165, 0.11390250178708489, 0.12463817286954082, 0.19067543456080735, 0.15541505260565971, 0.20913257629629683, 0.15027882361603448, 0.14664970673372446, 0.12667894383219899, 0.17320157655892665, 0.10211043354402616, 0.13371636321910602, 0.15927856990369058, 0.21560231423320642, 0.24356398482887198, 0.19892974397974575],
 listnumberlist 
[0, 0, 0, 0, 0, 0, 0, 0, 0, 0, 0, 0, 0, 0, 0, 0, 0, 0, 0, 0],
 end of file
