fullmaglist 
[18.842105263157894, 18.842105263157894, 18.842105263157894, 18.842105263157894, 18.842105263157894, 18.842105263157894, 18.842105263157894, 18.842105263157894, 18.842105263157894, 18.842105263157894, 18.842105263157894, 18.842105263157894, 18.842105263157894, 18.842105263157894, 18.842105263157894, 18.842105263157894, 18.842105263157894, 18.842105263157894, 18.842105263157894, 18.842105263157894],
 periodlist 
[0.0031622776601683798, 0.0054555947811685199, 0.0094120496726806703, 0.016237767391887217, 0.028013567611988671, 0.048329302385717518, 0.083378222347178912, 0.14384498882876623, 0.24816289228368255, 0.42813323987193919, 0.73861998220793579, 1.2742749857031335, 2.1983926488622894, 3.7926901907322494, 6.5431891297129621, 11.288378916846883, 19.474830399087551, 33.59818286283781, 57.963939533849604, 100.0],
 measuredperiodlist 
[0.0031622774784426776, 0.0054555952082263499, 0.0094120499833830543, 0.016237767951117327, 0.028013575975902816, 0.048329323102210144, 0.083378349663270818, 0.14384484513280424, 0.24816376556804315, 0.42813466351195684, 0.73862153002521769, 1.2742831490816637, 2.1983253168895147, 1.3530044979499394, 6.5418491669530496, 11.287369134793385, 19.475862581725689, 33.574400264100774, 57.879790194574397, 100.01885867598595],
 siglist 
[0.015900000000000025, 1.0, 1.0, 1.0, 1.0, 0.9997, 1.0, 1.0, 0.013800000000000034, 0.9998, 0.9999, 1.0, 0.9392, 1.0, 0.9995, 0.9833, 1.0, 1.0, 1.0, 1.0],
 powerlist 
[0.077915278650027495, 0.22321476796844431, 0.18388975996541668, 0.15028123820718056, 0.18273064414500503, 0.11689150627760979, 0.12330009888785132, 0.19967659455980255, 0.075592520498296262, 0.12558336718022883, 0.10600839151815576, 0.17335233008975276, 0.082486119714059766, 0.1077585894798459, 0.10203816929980881, 0.088599598295350718, 0.12814962673613495, 0.16322250425980489, 0.189653420582444, 0.22016872845827354],
 listnumberlist 
[0, 0, 0, 0, 0, 0, 0, 0, 0, 0, 0, 0, 0, 0, 0, 0, 0, 0, 0, 0],
 end of file
