fullmaglist 
[18.473684210526315, 18.473684210526315, 18.473684210526315, 18.473684210526315, 18.473684210526315, 18.473684210526315, 18.473684210526315, 18.473684210526315, 18.473684210526315, 18.473684210526315, 18.473684210526315, 18.473684210526315, 18.473684210526315, 18.473684210526315, 18.473684210526315, 18.473684210526315, 18.473684210526315, 18.473684210526315, 18.473684210526315, 18.473684210526315],
 periodlist 
[0.0031622776601683798, 0.0054555947811685199, 0.0094120496726806703, 0.016237767391887217, 0.028013567611988671, 0.048329302385717518, 0.083378222347178912, 0.14384498882876623, 0.24816289228368255, 0.42813323987193919, 0.73861998220793579, 1.2742749857031335, 2.1983926488622894, 3.7926901907322494, 6.5431891297129621, 11.288378916846883, 19.474830399087551, 33.59818286283781, 57.963939533849604, 100.0],
 measuredperiodlist 
[0.0031622776310441299, 0.0054555950921490277, 0.0094120486803517343, 0.016237772891251431, 0.028823242825679999, 0.048329324413621866, 0.083378096071066207, 0.14384493995567799, 0.19871510960822225, 0.42813493233150957, 0.73862178423568592, 1.2742596824321162, 2.1983815433757368, 3.792675775229672, 6.5433778690189, 11.290548943085543, 19.476970795796145, 33.621273515056778, 58.025027443444664, 99.827134129559767],
 siglist 
[0.6820999999999999, 1.0, 0.9993, 1.0, 1.0, 0.9999, 0.9156, 1.0, 1.0, 1.0, 1.0, 1.0, 1.0, 1.0, 1.0, 1.0, 1.0, 1.0, 1.0, 1.0],
 powerlist 
[0.084798080974017115, 0.17550010175539668, 0.11109327917053173, 0.16516699006587501, 0.18618122854761665, 0.1132903628733497, 0.088348741498530087, 0.1660299601408709, 0.12853392717465836, 0.19546109621862548, 0.11994989179031434, 0.16578204210365788, 0.15182259420269029, 0.10788206430404994, 0.18378994066591997, 0.11194488832454645, 0.11816562226203793, 0.15877755445746772, 0.17217949348132311, 0.22133477619696784],
 listnumberlist 
[0, 0, 0, 0, 0, 0, 0, 0, 0, 0, 0, 0, 0, 0, 0, 0, 0, 0, 0, 0],
 end of file
