fullmaglist 
[19.210526315789473, 19.210526315789473, 19.210526315789473, 19.210526315789473, 19.210526315789473, 19.210526315789473, 19.210526315789473, 19.210526315789473, 19.210526315789473, 19.210526315789473, 19.210526315789473, 19.210526315789473, 19.210526315789473, 19.210526315789473, 19.210526315789473, 19.210526315789473, 19.210526315789473, 19.210526315789473, 19.210526315789473, 19.210526315789473],
 periodlist 
[0.0031622776601683798, 0.0054555947811685199, 0.0094120496726806703, 0.016237767391887217, 0.028013567611988671, 0.048329302385717518, 0.083378222347178912, 0.14384498882876623, 0.24816289228368255, 0.42813323987193919, 0.73861998220793579, 1.2742749857031335, 2.1983926488622894, 3.7926901907322494, 6.5431891297129621, 11.288378916846883, 19.474830399087551, 33.59818286283781, 57.963939533849604, 100.0],
 measuredperiodlist 
[0.0031622777130595856, 0.0054555941660227245, 0.009412049355691508, 0.01597762276373425, 0.028013591993113943, 0.048329286646020743, 0.06664655803664167, 0.20216582647084444, 0.24816157516041412, 0.42812708298036278, 0.7386029333074956, 1.2742446277941917, 2.1983731304511656, 3.7926524765679268, 6.5411085805205236, 11.281861508313424, 19.486925013974254, 33.616104167303035, 57.934092542742214, 99.970171019747909],
 siglist 
[0.10009999999999997, 0.07789999999999997, 0.19710000000000005, 0.7718, 0.7864, 0.644, 0.6002000000000001, 0.9799, 0.7623, 0.9998, 0.9009, 0.9998, 0.7033, 0.5169, 0.7618, 0.5381, 1.0, 1.0, 0.9364, 0.9974],
 powerlist 
[0.18917812623957522, 0.18688609805230319, 0.19378836061428759, 0.20874473940285071, 0.21057753255231679, 0.20419218759088184, 0.19796153645795017, 0.2488553766537597, 0.20798857384013913, 0.31024685667613566, 0.18698774006382149, 0.28328646515221889, 0.16707819253184253, 0.15562639551949625, 0.1709405397414899, 0.15611170591700343, 0.30640482095177796, 0.30794426478000131, 0.19514405787584438, 0.23958265871683695],
 listnumberlist 
[0, 0, 0, 0, 0, 0, 0, 0, 0, 0, 0, 0, 0, 0, 0, 0, 0, 0, 0, 0],
 end of file
