fullmaglist 
[17.736842105263158, 17.736842105263158, 17.736842105263158, 17.736842105263158, 17.736842105263158, 17.736842105263158, 17.736842105263158, 17.736842105263158, 17.736842105263158, 17.736842105263158, 17.736842105263158, 17.736842105263158, 17.736842105263158, 17.736842105263158, 17.736842105263158, 17.736842105263158, 17.736842105263158, 17.736842105263158, 17.736842105263158, 17.736842105263158],
 periodlist 
[0.0031622776601683798, 0.0054555947811685199, 0.0094120496726806703, 0.016237767391887217, 0.028013567611988671, 0.048329302385717518, 0.083378222347178912, 0.14384498882876623, 0.24816289228368255, 0.42813323987193919, 0.73861998220793579, 1.2742749857031335, 2.1983926488622894, 3.7926901907322494, 6.5431891297129621, 11.288378916846883, 19.474830399087551, 33.59818286283781, 57.963939533849604, 100.0],
 measuredperiodlist 
[0.0031622777522710708, 0.005455595066485539, 0.0094120504579873216, 0.01623776716634568, 0.028013561961364442, 0.048329257753148801, 0.083378295864751872, 0.14384451257126293, 0.24816281240086571, 0.42813302680457938, 0.73861048829813947, 1.2742425526377539, 2.1984001153580244, 3.7925308976203582, 6.5436329340728774, 11.287975898292014, 19.474282145929706, 33.591184216733282, 58.043780111929472, 100.07248274145951],
 siglist 
[0.7791, 1.0, 1.0, 1.0, 1.0, 0.8766, 1.0, 1.0, 0.9817, 1.0, 1.0, 1.0, 1.0, 1.0, 1.0, 0.9975, 0.9998, 1.0, 1.0, 1.0],
 powerlist 
[0.091023075890606125, 0.2278058831027735, 0.16164522571986711, 0.15882177211508811, 0.26753440501393944, 0.089745260692173187, 0.15065548516651053, 0.15923292131399561, 0.097354658371584663, 0.1718049771718945, 0.13193479145075765, 0.13792533839723106, 0.12447561000392275, 0.13178962653470389, 0.1231923139865263, 0.094793245373920421, 0.10528228618083607, 0.15948875641879415, 0.15195364608765383, 0.26426628279649694],
 listnumberlist 
[0, 0, 0, 0, 0, 0, 0, 0, 0, 0, 0, 0, 0, 0, 0, 0, 0, 0, 0, 0],
 end of file
