fullmaglist 
[19.57894736842105, 19.57894736842105, 19.57894736842105, 19.57894736842105, 19.57894736842105, 19.57894736842105, 19.57894736842105, 19.57894736842105, 19.57894736842105, 19.57894736842105, 19.57894736842105, 19.57894736842105, 19.57894736842105, 19.57894736842105, 19.57894736842105, 19.57894736842105, 19.57894736842105, 19.57894736842105, 19.57894736842105, 19.57894736842105],
 periodlist 
[0.0031622776601683798, 0.0054555947811685199, 0.0094120496726806703, 0.016237767391887217, 0.028013567611988671, 0.048329302385717518, 0.083378222347178912, 0.14384498882876623, 0.24816289228368255, 0.42813323987193919, 0.73861998220793579, 1.2742749857031335, 2.1983926488622894, 3.7926901907322494, 6.5431891297129621, 11.288378916846883, 19.474830399087551, 33.59818286283781, 57.963939533849604, 100.0],
 measuredperiodlist 
[0.0031622775902802997, 0.0054555941486210948, 0.0094120488377577999, 0.016237766548670218, 0.02801354519343717, 0.048329334442406002, 0.083378224079543165, 0.14384478987621258, 0.248160963059915, 0.42813383445454273, 0.73862494177976934, 1.2743044375963073, 2.1985031151204546, 3.7930898428836088, 6.5421093520876026, 11.287966936882672, 19.477604626670825, 33.628000873745336, 58.059955139565673, 100.01108977782599],
 siglist 
[0.823, 0.8155, 0.41369999999999996, 0.6588, 1.0, 0.29100000000000004, 0.5952, 1.0, 0.9696, 1.0, 0.9501, 0.9997, 0.9612, 0.9998, 0.9482, 0.8825000000000001, 0.999, 1.0, 0.9966, 1.0],
 powerlist 
[0.13878703474730159, 0.13620203621133642, 0.12627460048489469, 0.1324649881975877, 0.20696818994055244, 0.11710087737723542, 0.12409393365156859, 0.22680820077059693, 0.14866489966792545, 0.21644096967557525, 0.12309215720324382, 0.1607752971191867, 0.12477675855770698, 0.18711974439277593, 0.12275125641655329, 0.11592085157045204, 0.16152200306636441, 0.22544743533536066, 0.14617082318061292, 0.2140055582178379],
 listnumberlist 
[0, 0, 0, 0, 0, 0, 0, 0, 0, 0, 0, 0, 0, 0, 0, 0, 0, 0, 0, 0],
 end of file
