fullmaglist 
[24.0, 24.0, 24.0, 24.0, 24.0, 24.0, 24.0, 24.0, 24.0, 24.0, 24.0, 24.0, 24.0, 24.0, 24.0, 24.0, 24.0, 24.0, 24.0, 24.0],
 periodlist 
[0.0031622776601683798, 0.0054555947811685199, 0.0094120496726806703, 0.016237767391887217, 0.028013567611988671, 0.048329302385717518, 0.083378222347178912, 0.14384498882876623, 0.24816289228368255, 0.42813323987193919, 0.73861998220793579, 1.2742749857031335, 2.1983926488622894, 3.7926901907322494, 6.5431891297129621, 11.288378916846883, 19.474830399087551, 33.59818286283781, 57.963939533849604, 100.0],
 measuredperiodlist 
[0.0093318440654670872, 0.0090537760077407207, 0.0032799307768788489, 0.033166996342178512, 0.020038529428599999, 0.03022978453180513, 0.011171216805528669, 0.44333227290243937, 0.24816422408537606, 0.019305231139338731, 0.85347566534966679, 1.2741733587238344, 2.198667771667365, 3.7925201038977576, 6.5402628651508952, 11.27282723951512, 19.448280020421059, 33.58818702367126, 57.879675258323239, 100.11363092219817],
 siglist 
[0.8223, 0.5606, 0.4908, 0.33030000000000004, 0.17720000000000002, 0.9633, 0.4828, 0.5021, 0.17120000000000002, 0.024499999999999966, 0.6611, 0.9637, 0.9673, 0.6627000000000001, 0.9751, 0.15000000000000002, 0.9855, 0.9749, 0.9979, 0.8606],
 powerlist 
[0.13751204431560876, 0.14020038390801887, 0.12418720771326297, 0.12744177516689498, 0.12856786458957908, 0.15902895566672873, 0.13540806981914319, 0.11521288242122861, 0.11485339896316379, 0.10568584595172859, 0.11415925799276529, 0.13119806880307172, 0.1330952185560712, 0.10846770539834467, 0.13668959112138929, 0.090871924342941696, 0.12270197226968657, 0.12166095525801157, 0.15996728690275391, 0.1147822919898599],
 listnumberlist 
[0, 0, 0, 0, 0, 0, 0, 0, 0, 0, 0, 0, 0, 0, 0, 0, 0, 0, 0, 0],
 end of file
