fullmaglist 
[22.526315789473685, 22.526315789473685, 22.526315789473685, 22.526315789473685, 22.526315789473685, 22.526315789473685, 22.526315789473685, 22.526315789473685, 22.526315789473685, 22.526315789473685, 22.526315789473685, 22.526315789473685, 22.526315789473685, 22.526315789473685, 22.526315789473685, 22.526315789473685, 22.526315789473685, 22.526315789473685, 22.526315789473685, 22.526315789473685],
 periodlist 
[0.0031622776601683798, 0.0054555947811685199, 0.0094120496726806703, 0.016237767391887217, 0.028013567611988671, 0.048329302385717518, 0.083378222347178912, 0.14384498882876623, 0.24816289228368255, 0.42813323987193919, 0.73861998220793579, 1.2742749857031335, 2.1983926488622894, 3.7926901907322494, 6.5431891297129621, 11.288378916846883, 19.474830399087551, 33.59818286283781, 57.963939533849604, 100.0],
 measuredperiodlist 
[0.0031622779465670541, 0.0054259127721222739, 0.0094120475345722959, 0.015977615379645298, 0.02724815410272521, 0.050790635086371869, 0.090985169147532935, 0.1438449874635358, 0.33037293716205413, 0.42813860386784786, 2.8479044147657375, 1.2743136553155523, 1.8251518266841904, 3.7923621982480431, 1.1765663700673707, 11.289186482964492, 19.483991539911624, 33.58692261989593, 57.977732256138445, 99.997814270763797],
 siglist 
[0.6999, 1.0, 1.0, 1.0, 1.0, 1.0, 1.0, 1.0, 1.0, 1.0, 1.0, 1.0, 1.0, 1.0, 1.0, 1.0, 1.0, 1.0, 1.0, 1.0],
 powerlist 
[0.086350775312543621, 0.22732416483316109, 0.18752962764357756, 0.15255440977547335, 0.18346449651656793, 0.1486369779174698, 0.17851033028251448, 0.12912325629469368, 0.12957980678545292, 0.13415337089847995, 0.12015709516774353, 0.21278402961439788, 0.17538277160020635, 0.12685681854457079, 0.11866835213831198, 0.15497232381374085, 0.18850853967896869, 0.17787322418818677, 0.20936967097981315, 0.1862077530524382],
 listnumberlist 
[0, 0, 0, 0, 0, 0, 0, 0, 0, 0, 0, 0, 0, 0, 0, 0, 0, 0, 0, 0],
 end of file
