fullmaglist 
[23.63157894736842, 23.63157894736842, 23.63157894736842, 23.63157894736842, 23.63157894736842, 23.63157894736842, 23.63157894736842, 23.63157894736842, 23.63157894736842, 23.63157894736842, 23.63157894736842, 23.63157894736842, 23.63157894736842, 23.63157894736842, 23.63157894736842, 23.63157894736842, 23.63157894736842, 23.63157894736842, 23.63157894736842, 23.63157894736842],
 periodlist 
[0.0031622776601683798, 0.0054555947811685199, 0.0094120496726806703, 0.016237767391887217, 0.028013567611988671, 0.048329302385717518, 0.083378222347178912, 0.14384498882876623, 0.24816289228368255, 0.42813323987193919, 0.73861998220793579, 1.2742749857031335, 2.1983926488622894, 3.7926901907322494, 6.5431891297129621, 11.288378916846883, 19.474830399087551, 33.59818286283781, 57.963939533849604, 100.0],
 measuredperiodlist 
[0.0031622779720495492, 0.0029447469585862276, 0.0094120484434191236, 0.016506509200486692, 0.028013567751246908, 0.048329346129767629, 0.083378197231502235, 0.14384491554686213, 0.24816231255400678, 0.42812853096343656, 0.73864289395593452, 1.2742276295772024, 2.1986716190183078, 0.78962356748854778, 6.5437030516150925, 11.304470373297237, 19.470883220868878, 33.644848451030676, 57.962445896783123, 100.03392651231727],
 siglist 
[0.4333, 0.9048, 0.9757, 0.7195, 1.0, 0.6205, 0.8889, 0.9999, 0.3974, 0.9999, 0.9995, 0.9946, 0.9998, 0.9177, 0.7069, 0.24660000000000004, 0.9628, 1.0, 0.9986, 1.0],
 powerlist 
[0.10072824737767934, 0.10786042143668426, 0.11429305251859637, 0.10095364525692758, 0.17379090395738139, 0.096649745425661931, 0.1051778524505397, 0.1459760242566695, 0.093976940979251494, 0.14105057324382081, 0.11901475578176401, 0.1072545761925425, 0.1230022278577072, 0.094790975589647414, 0.088639256635169625, 0.074486804399519282, 0.11653518692867568, 0.1819524568100723, 0.11627575090440645, 0.23739458182662995],
 listnumberlist 
[0, 0, 0, 0, 0, 0, 0, 0, 0, 0, 0, 0, 0, 0, 0, 0, 0, 0, 0, 0],
 end of file
