fullmaglist 
[23.263157894736842, 23.263157894736842, 23.263157894736842, 23.263157894736842, 23.263157894736842, 23.263157894736842, 23.263157894736842, 23.263157894736842, 23.263157894736842, 23.263157894736842, 23.263157894736842, 23.263157894736842, 23.263157894736842, 23.263157894736842, 23.263157894736842, 23.263157894736842, 23.263157894736842, 23.263157894736842, 23.263157894736842, 23.263157894736842],
 periodlist 
[0.0031622776601683798, 0.0054555947811685199, 0.0094120496726806703, 0.016237767391887217, 0.028013567611988671, 0.048329302385717518, 0.083378222347178912, 0.14384498882876623, 0.24816289228368255, 0.42813323987193919, 0.73861998220793579, 1.2742749857031335, 2.1983926488622894, 3.7926901907322494, 6.5431891297129621, 11.288378916846883, 19.474830399087551, 33.59818286283781, 57.963939533849604, 100.0],
 measuredperiodlist 
[0.0031622776369240758, 0.0054555959013769945, 0.0030513984718234669, 0.016237769822629651, 0.028013553737950999, 0.04832928963609405, 0.010080131220536311, 0.14384543748036122, 0.2481638489839979, 0.29953563007675094, 0.73863030422321019, 5.4369424660764611, 2.1985451833009364, 3.7929768181853478, 6.5435049943038823, 11.288101529513078, 19.466084981057683, 33.579495549283358, 57.994193322559504, 99.801121009213318],
 siglist 
[0.7061, 0.9995, 0.6117, 0.9972, 0.9445, 0.04679999999999995, 0.6486000000000001, 0.5359, 0.7666, 0.2913, 0.869, 0.9741, 0.21020000000000005, 0.15000000000000002, 0.6803, 0.35960000000000003, 0.21020000000000005, 0.9997, 1.0, 1.0],
 powerlist 
[0.11333216975791677, 0.18915969664477733, 0.15764688567432653, 0.14081697743897284, 0.14387959898260394, 0.11813249160083437, 0.15956140488368026, 0.10979545486342925, 0.11030215467966339, 0.10204725021712208, 0.10986799160532845, 0.1541753571748144, 0.088940723548463135, 0.095222252056992834, 0.098181018645053061, 0.097581316449229794, 0.094720937110674808, 0.13493857851022711, 0.1609381845614293, 0.17718794429640741],
 listnumberlist 
[0, 0, 0, 0, 0, 0, 0, 0, 0, 0, 0, 0, 0, 0, 0, 0, 0, 0, 0, 0],
 end of file
