fullmaglist 
[18.105263157894736, 18.105263157894736, 18.105263157894736, 18.105263157894736, 18.105263157894736, 18.105263157894736, 18.105263157894736, 18.105263157894736, 18.105263157894736, 18.105263157894736, 18.105263157894736, 18.105263157894736, 18.105263157894736, 18.105263157894736, 18.105263157894736, 18.105263157894736, 18.105263157894736, 18.105263157894736, 18.105263157894736, 18.105263157894736],
 periodlist 
[0.0031622776601683798, 0.0054555947811685199, 0.0094120496726806703, 0.016237767391887217, 0.028013567611988671, 0.048329302385717518, 0.083378222347178912, 0.14384498882876623, 0.24816289228368255, 0.42813323987193919, 0.73861998220793579, 1.2742749857031335, 2.1983926488622894, 3.7926901907322494, 6.5431891297129621, 11.288378916846883, 19.474830399087551, 33.59818286283781, 57.963939533849604, 100.0],
 measuredperiodlist 
[0.0031622775201122122, 0.0054555945703927593, 0.0094120500361168594, 0.01623777422929322, 0.028013549348291894, 0.048329341177513634, 0.083378250342982393, 0.14384501757272736, 0.24816325232326852, 0.42813728226978992, 0.7386163338772338, 4.587310461853674, 2.1983713461139232, 3.792582270752733, 6.5427918941054175, 11.290175962928227, 19.479250093804055, 33.586483018737773, 57.955670161887291, 100.102298742011],
 siglist 
[0.8475, 1.0, 1.0, 0.9999, 1.0, 0.9993, 0.9969, 1.0, 0.9966, 1.0, 1.0, 1.0, 0.9954, 1.0, 1.0, 0.9997, 1.0, 1.0, 1.0, 1.0],
 powerlist 
[0.091648963740787667, 0.18877507893420922, 0.13160049615205482, 0.12425020825885924, 0.22804198567312811, 0.111734981487386, 0.10408873764241977, 0.16263966463843391, 0.10594349385090907, 0.19547474279767746, 0.1330375636741753, 0.22980130030451415, 0.093653813451395146, 0.14705007995147729, 0.14775387950290952, 0.10728246281866465, 0.13869354143387824, 0.1988880438933332, 0.1635523237291473, 0.22771214787811506],
 listnumberlist 
[0, 0, 0, 0, 0, 0, 0, 0, 0, 0, 0, 0, 0, 0, 0, 0, 0, 0, 0, 0],
 end of file
