fullmaglist 
[22.894736842105264, 22.894736842105264, 22.894736842105264, 22.894736842105264, 22.894736842105264, 22.894736842105264, 22.894736842105264, 22.894736842105264, 22.894736842105264, 22.894736842105264, 22.894736842105264, 22.894736842105264, 22.894736842105264, 22.894736842105264, 22.894736842105264, 22.894736842105264, 22.894736842105264, 22.894736842105264, 22.894736842105264, 22.894736842105264],
 periodlist 
[0.0031622776601683798, 0.0054555947811685199, 0.0094120496726806703, 0.016237767391887217, 0.028013567611988671, 0.048329302385717518, 0.083378222347178912, 0.14384498882876623, 0.24816289228368255, 0.42813323987193919, 0.73861998220793579, 1.2742749857031335, 2.1983926488622894, 3.7926901907322494, 6.5431891297129621, 11.288378916846883, 19.474830399087551, 33.59818286283781, 57.963939533849604, 100.0],
 measuredperiodlist 
[0.0031622777921585248, 0.0054555938577726931, 0.0094120502932144856, 0.016237765257371094, 0.028013560297580203, 0.048329279874212872, 0.083378338366328283, 0.14384510392365127, 0.2481633709769609, 0.42813089598150333, 0.73863160717918752, 1.2742719836533338, 1.8252489305515833, 3.7926590280191661, 6.5433516114944439, 11.286884419853951, 19.470158177366251, 33.628038138443209, 57.974119345949255, 100.14723337095626],
 siglist 
[0.3953, 0.9984, 0.9799, 0.9999, 1.0, 0.9542, 0.603, 0.9995, 0.8288, 0.9999, 0.9975, 0.9969, 0.8378, 0.9154, 0.9478, 0.9454, 0.7407, 1.0, 1.0, 0.9766],
 powerlist 
[0.10876098021111257, 0.14811897107556782, 0.12989285298612577, 0.15285814566136899, 0.20670834384580666, 0.11553072482329915, 0.11264136608955438, 0.1366815338079134, 0.11741383870055259, 0.16367588502296276, 0.1208781900847494, 0.13311404687100969, 0.10656472593240636, 0.11437639392021429, 0.10268404324746588, 0.096417092501512217, 0.094949239747750616, 0.19330387848259709, 0.17517065198106474, 0.13005979992604277],
 listnumberlist 
[0, 0, 0, 0, 0, 0, 0, 0, 0, 0, 0, 0, 0, 0, 0, 0, 0, 0, 0, 0],
 end of file
