fullmaglist 
[17.0, 17.0, 17.0, 17.0, 17.0, 17.0, 17.0, 17.0, 17.0, 17.0, 17.0, 17.0, 17.0, 17.0, 17.0, 17.0, 17.0, 17.0, 17.0, 17.0],
 periodlist 
[0.0031622776601683798, 0.0054555947811685199, 0.0094120496726806703, 0.016237767391887217, 0.028013567611988671, 0.048329302385717518, 0.083378222347178912, 0.14384498882876623, 0.24816289228368255, 0.42813323987193919, 0.73861998220793579, 1.2742749857031335, 2.1983926488622894, 3.7926901907322494, 6.5431891297129621, 11.288378916846883, 19.474830399087551, 33.59818286283781, 57.963939533849604, 100.0],
 measuredperiodlist 
[0.0031622775610471378, 0.0065161129077000801, 0.0094120494074848831, 0.016237770248397704, 0.021619679457668812, 0.046101117350990199, 0.011964425020694539, 0.14384509231326964, 0.08523003514437083, 0.42812515402685036, 0.73862047618657956, 1.2742816522477551, 1.8252226221517485, 3.7924338312311519, 6.5435109468591044, 11.285732477091388, 19.459654748517128, 33.598274882056181, 58.07572642685885, 99.23931714003939],
 siglist 
[0.8813, 0.43679999999999997, 0.9359999999999999, 0.4262, 0.5786, 0.15300000000000002, 0.6800999999999999, 0.9967, 0.9266, 0.9998, 0.9567, 0.9978, 0.22599999999999998, 0.9959, 0.9954, 0.41290000000000004, 0.6204000000000001, 1.0, 0.46740000000000004, 0.9992],
 powerlist 
[0.19459692199392195, 0.17354309324484474, 0.20204809667758139, 0.16576939829702769, 0.16854177030783513, 0.15600485985998433, 0.17417523961592093, 0.22578165142875548, 0.19271998924600148, 0.2522819850717774, 0.17743840899536761, 0.20011260988456131, 0.13381154036380988, 0.19983005043274271, 0.19652778790982769, 0.13500254992530719, 0.14166897376657767, 0.2374622388344349, 0.13890743808466541, 0.20762128263675003],
 listnumberlist 
[0, 0, 0, 0, 0, 0, 0, 0, 0, 0, 0, 0, 0, 0, 0, 0, 0, 0, 0, 0],
 end of file
