fullmaglist 
[17.0, 17.0, 17.0, 17.0, 17.0, 17.0, 17.0, 17.0, 17.0, 17.0, 17.0, 17.0, 17.0, 17.0, 17.0, 17.0, 17.0, 17.0, 17.0, 17.0],
 periodlist 
[0.0031622776601683798, 0.0054555947811685199, 0.0094120496726806703, 0.016237767391887217, 0.028013567611988671, 0.048329302385717518, 0.083378222347178912, 0.14384498882876623, 0.24816289228368255, 0.42813323987193919, 0.73861998220793579, 1.2742749857031335, 2.1983926488622894, 3.7926901907322494, 6.5431891297129621, 11.288378916846883, 19.474830399087551, 33.59818286283781, 57.963939533849604, 100.0],
 measuredperiodlist 
[0.0031622774784426776, 0.0054555948184391379, 0.009501725307515264, 0.016237769049797759, 0.028013557757005664, 0.048329300855701342, 0.083378171714588528, 0.14384521464743144, 0.2481627024205087, 0.42813269946460553, 0.73861925670147877, 1.2742725164296667, 1.8252103178985239, 3.7926935839809568, 6.5429447943821897, 11.287293293942568, 19.468865455677776, 33.595886730993833, 57.933684455437422, 100.01885867598595],
 siglist 
[0.0017000000000000348, 1.0, 1.0, 1.0, 1.0, 1.0, 0.9996, 1.0, 0.9865, 1.0, 1.0, 1.0, 1.0, 1.0, 1.0, 0.9845, 1.0, 1.0, 1.0, 1.0],
 powerlist 
[0.075884642236183228, 0.23697267823727769, 0.16443072370152109, 0.17173437690593621, 0.2425129475946553, 0.12235215793084953, 0.11341670578320306, 0.15085863222911125, 0.099282377635994443, 0.18422008523704092, 0.1462024977768436, 0.2043996474370974, 0.13370069380005206, 0.15174394773131317, 0.13652287555752174, 0.088639005597299161, 0.11873430365416264, 0.19358227140929452, 0.18968932392350449, 0.23168416255173924],
 listnumberlist 
[0, 0, 0, 0, 0, 0, 0, 0, 0, 0, 0, 0, 0, 0, 0, 0, 0, 0, 0, 0],
 end of file
