fullmaglist 
[19.94736842105263, 19.94736842105263, 19.94736842105263, 19.94736842105263, 19.94736842105263, 19.94736842105263, 19.94736842105263, 19.94736842105263, 19.94736842105263, 19.94736842105263, 19.94736842105263, 19.94736842105263, 19.94736842105263, 19.94736842105263, 19.94736842105263, 19.94736842105263, 19.94736842105263, 19.94736842105263, 19.94736842105263, 19.94736842105263],
 periodlist 
[0.0031622776601683798, 0.0054555947811685199, 0.0094120496726806703, 0.016237767391887217, 0.028013567611988671, 0.048329302385717518, 0.083378222347178912, 0.14384498882876623, 0.24816289228368255, 0.42813323987193919, 0.73861998220793579, 1.2742749857031335, 2.1983926488622894, 3.7926901907322494, 6.5431891297129621, 11.288378916846883, 19.474830399087551, 33.59818286283781, 57.963939533849604, 100.0],
 measuredperiodlist 
[0.0031622779992692019, 0.0054555946050525196, 0.0094120472305819075, 0.016237758096879717, 0.028013555041248604, 0.048329249328096041, 0.083378010742281336, 0.14384543580222764, 0.24816204148756185, 0.42813139688358137, 0.73863964152414896, 1.2742862563590107, 2.1984013167527947, 3.7927262205896421, 6.5434028942689597, 11.289207958458142, 19.481849978173894, 33.610705716237753, 57.895435983651382, 99.751471047486419],
 siglist 
[0.8452, 0.9997, 0.9995, 0.991, 1.0, 0.9975, 1.0, 1.0, 1.0, 1.0, 1.0, 1.0, 0.9999, 1.0, 1.0, 1.0, 1.0, 1.0, 1.0, 1.0],
 powerlist 
[0.093116915874897108, 0.12817570216525265, 0.11589002631253659, 0.10310184225443011, 0.23695444848263345, 0.10616625447081425, 0.12586600576380941, 0.17301032509743891, 0.16996632797675193, 0.21820379030078876, 0.11599453324243963, 0.18182724305071363, 0.10833997877622094, 0.12844900479495996, 0.11415292224548924, 0.12410150816858384, 0.13805512196168082, 0.21520820083574407, 0.23251877319142358, 0.14513718102680762],
 listnumberlist 
[0, 0, 0, 0, 0, 0, 0, 0, 0, 0, 0, 0, 0, 0, 0, 0, 0, 0, 0, 0],
 end of file
