fullmaglist 
[17.0, 17.0, 17.0, 17.0, 17.0, 17.0, 17.0, 17.0, 17.0, 17.0, 17.0, 17.0, 17.0, 17.0, 17.0, 17.0, 17.0, 17.0, 17.0, 17.0],
 periodlist 
[0.0031622776601683798, 0.0054555947811685199, 0.0094120496726806703, 0.016237767391887217, 0.028013567611988671, 0.048329302385717518, 0.083378222347178912, 0.14384498882876623, 0.24816289228368255, 0.42813323987193919, 0.73861998220793579, 1.2742749857031335, 2.1983926488622894, 3.7926901907322494, 6.5431891297129621, 11.288378916846883, 19.474830399087551, 33.59818286283781, 57.963939533849604, 100.0],
 measuredperiodlist 
[0.0031622777860978966, 0.0054555952464573109, 0.009412050667997959, 0.016237773011975643, 0.028013577629350448, 0.048329291031172478, 0.083378265419219583, 0.14384441645453508, 0.24816487509531351, 0.42812537038216808, 0.7386193445060405, 1.2742598194407067, 2.1984384424607333, 3.7924443113488979, 1.1766090710393802, 11.289408322212614, 19.479597874663742, 33.598768042847659, 58.040090915373263, 100.28278088909511],
 siglist 
[0.05700000000000005, 1.0, 1.0, 1.0, 1.0, 1.0, 0.1785, 1.0, 0.9931, 1.0, 1.0, 1.0, 1.0, 0.9979, 1.0, 1.0, 1.0, 1.0, 1.0, 1.0],
 powerlist 
[0.081029144456690141, 0.20578063271392213, 0.15103572020409078, 0.16958812698990214, 0.15356484619475941, 0.14390221051374436, 0.0800142300290268, 0.20538764176975852, 0.10394502698979972, 0.15510631018941562, 0.15521362656707999, 0.1668614201390605, 0.18653618558918006, 0.098947642397672009, 0.13525368381997174, 0.12808789278925581, 0.15279542468680746, 0.1275848384381906, 0.17071155785382808, 0.21996139718702112],
 listnumberlist 
[0, 0, 0, 0, 0, 0, 0, 0, 0, 0, 0, 0, 0, 0, 0, 0, 0, 0, 0, 0],
 end of file
