fullmaglist 
[20.31578947368421, 20.31578947368421, 20.31578947368421, 20.31578947368421, 20.31578947368421, 20.31578947368421, 20.31578947368421, 20.31578947368421, 20.31578947368421, 20.31578947368421, 20.31578947368421, 20.31578947368421, 20.31578947368421, 20.31578947368421, 20.31578947368421, 20.31578947368421, 20.31578947368421, 20.31578947368421, 20.31578947368421, 20.31578947368421],
 periodlist 
[0.0031622776601683798, 0.0054555947811685199, 0.0094120496726806703, 0.016237767391887217, 0.028013567611988671, 0.048329302385717518, 0.083378222347178912, 0.14384498882876623, 0.24816289228368255, 0.42813323987193919, 0.73861998220793579, 1.2742749857031335, 2.1983926488622894, 3.7926901907322494, 6.5431891297129621, 11.288378916846883, 19.474830399087551, 33.59818286283781, 57.963939533849604, 100.0],
 measuredperiodlist 
[0.0031622779174414004, 0.0054555946920340328, 0.0094120494052368168, 0.016237763952981963, 0.028013565132198569, 0.048329299840151364, 0.083378193589891375, 0.14384545998995166, 0.24816398523856728, 0.42812732583405461, 0.73860615981655009, 1.2742843581846184, 2.1983448223334521, 3.7926253312115863, 6.5430525581863153, 11.28868655045758, 19.4720940567654, 33.599484706664477, 57.899354492298912, 99.93792533739871],
 siglist 
[0.25839999999999996, 1.0, 1.0, 1.0, 1.0, 1.0, 1.0, 1.0, 1.0, 1.0, 1.0, 1.0, 1.0, 1.0, 1.0, 1.0, 1.0, 1.0, 1.0, 1.0],
 powerlist 
[0.078112568862563639, 0.20074407114112189, 0.14846130616406455, 0.12588093990791863, 0.19078670572898065, 0.12732453267837662, 0.15150757973604073, 0.19414051977027466, 0.11297876154724809, 0.21264618538616492, 0.15186347676943879, 0.18187046214470035, 0.15156788884816141, 0.16139643787794775, 0.16943114711774174, 0.13261892729794378, 0.12631186856032911, 0.19170284163217532, 0.22951283331744021, 0.18026967461020027],
 listnumberlist 
[0, 0, 0, 0, 0, 0, 0, 0, 0, 0, 0, 0, 0, 0, 0, 0, 0, 0, 0, 0],
 end of file
