fullmaglist 
[21.05263157894737, 21.05263157894737, 21.05263157894737, 21.05263157894737, 21.05263157894737, 21.05263157894737, 21.05263157894737, 21.05263157894737, 21.05263157894737, 21.05263157894737, 21.05263157894737, 21.05263157894737, 21.05263157894737, 21.05263157894737, 21.05263157894737, 21.05263157894737, 21.05263157894737, 21.05263157894737, 21.05263157894737, 21.05263157894737],
 periodlist 
[0.0031622776601683798, 0.0054555947811685199, 0.0094120496726806703, 0.016237767391887217, 0.028013567611988671, 0.048329302385717518, 0.083378222347178912, 0.14384498882876623, 0.24816289228368255, 0.42813323987193919, 0.73861998220793579, 1.2742749857031335, 2.1983926488622894, 3.7926901907322494, 6.5431891297129621, 11.288378916846883, 19.474830399087551, 33.59818286283781, 57.963939533849604, 100.0],
 measuredperiodlist 
[0.0031622774675010242, 0.0054555947924814652, 0.0094120510130797589, 0.016237768090223131, 0.02801353097003698, 0.048329267527493114, 0.08337789891784439, 0.14384454792748258, 0.33037654493019369, 0.42812161765722223, 0.73863801989902045, 1.2743224765751431, 2.1984974632934637, 3.7923161095682909, 6.5419592168307892, 11.293407820164381, 19.474499811850002, 33.611479943281537, 57.985158351389472, 100.15750204382039],
 siglist 
[0.6371, 0.9963, 1.0, 1.0, 0.9994, 0.9299, 0.3489, 1.0, 0.5449999999999999, 1.0, 0.9995, 1.0, 0.9976, 0.9931, 0.9903, 0.9557, 0.9996, 0.9999, 0.9999, 1.0],
 powerlist 
[0.13381961269307999, 0.17104315305929341, 0.1934812901355536, 0.22117649762233707, 0.1754460303316453, 0.14472262804441713, 0.11984180957625123, 0.21491144051959779, 0.12398858849094277, 0.21417364260438176, 0.16048212794994982, 0.17387697172950095, 0.15138191775971649, 0.14040674674483933, 0.13786290226786363, 0.12636816388379993, 0.15959297435146461, 0.17516843856882969, 0.16994511651049354, 0.29730824824950774],
 listnumberlist 
[0, 0, 0, 0, 0, 0, 0, 0, 0, 0, 0, 0, 0, 0, 0, 0, 0, 0, 0, 0],
 end of file
