fullmaglist 
[18.105263157894736, 18.105263157894736, 18.105263157894736, 18.105263157894736, 18.105263157894736, 18.105263157894736, 18.105263157894736, 18.105263157894736, 18.105263157894736, 18.105263157894736, 18.105263157894736, 18.105263157894736, 18.105263157894736, 18.105263157894736, 18.105263157894736, 18.105263157894736, 18.105263157894736, 18.105263157894736, 18.105263157894736, 18.105263157894736],
 periodlist 
[0.0031622776601683798, 0.0054555947811685199, 0.0094120496726806703, 0.016237767391887217, 0.028013567611988671, 0.048329302385717518, 0.083378222347178912, 0.14384498882876623, 0.24816289228368255, 0.42813323987193919, 0.73861998220793579, 1.2742749857031335, 2.1983926488622894, 3.7926901907322494, 6.5431891297129621, 11.288378916846883, 19.474830399087551, 33.59818286283781, 57.963939533849604, 100.0],
 measuredperiodlist 
[0.0097094505895062005, 0.005455594079014579, 0.0055060590230914365, 0.016505781821321001, 0.029678632146330257, 0.048329327614345177, 0.017402453695297533, 0.010407156404236043, 0.10241065747923231, 0.17245266066100629, 1.5346728979126318, 0.55943282993812082, 2.1984635529417451, 1.353080201727209, 6.5429101898542719, 11.293556959279824, 19.47960110188971, 11.32811396787991, 58.107294719898512, 100.31022624132079],
 siglist 
[0.8407, 0.1199, 0.5656, 0.25539999999999996, 0.9774, 0.3154, 0.4807, 0.8992, 0.04949999999999999, 0.7484999999999999, 0.9858, 0.9845, 0.8953, 0.9599, 0.9994, 0.9299999999999999, 0.9467, 0.5207999999999999, 0.9631, 0.9992],
 powerlist 
[0.18932416611274402, 0.16019043447773854, 0.18822246913798757, 0.16535315925958594, 0.20624356104184477, 0.16359603617453572, 0.16443494269862741, 0.18750906182173538, 0.14851416013530361, 0.18587744139252063, 0.18259691650721779, 0.1911675189582005, 0.16117810674673039, 0.17169847548159603, 0.21069733832043636, 0.1678432118743895, 0.17345362179688972, 0.14074506350521843, 0.17831010973092237, 0.21588729150581962],
 listnumberlist 
[0, 0, 0, 0, 0, 0, 0, 0, 0, 0, 0, 0, 0, 0, 0, 0, 0, 0, 0, 0],
 end of file
