fullmaglist 
[19.94736842105263, 19.94736842105263, 19.94736842105263, 19.94736842105263, 19.94736842105263, 19.94736842105263, 19.94736842105263, 19.94736842105263, 19.94736842105263, 19.94736842105263, 19.94736842105263, 19.94736842105263, 19.94736842105263, 19.94736842105263, 19.94736842105263, 19.94736842105263, 19.94736842105263, 19.94736842105263, 19.94736842105263, 19.94736842105263],
 periodlist 
[0.0031622776601683798, 0.0054555947811685199, 0.0094120496726806703, 0.016237767391887217, 0.028013567611988671, 0.048329302385717518, 0.083378222347178912, 0.14384498882876623, 0.24816289228368255, 0.42813323987193919, 0.73861998220793579, 1.2742749857031335, 2.1983926488622894, 3.7926901907322494, 6.5431891297129621, 11.288378916846883, 19.474830399087551, 33.59818286283781, 57.963939533849604, 100.0],
 measuredperiodlist 
[0.0031622776312067273, 0.0054555945314569724, 0.0094120482162374248, 0.016237763311410046, 0.028013542440519876, 0.048329293474069987, 0.083378171240594545, 0.14384561250798275, 0.2481603869680859, 0.42813897857779681, 0.73861441582504517, 2.4830972222791408, 2.1984042123433216, 3.7921059104900574, 6.542584825866161, 11.287370994429075, 19.479822957734175, 33.592995762344309, 58.095452589043433, 100.15163732293949],
 siglist 
[0.7939, 1.0, 0.9542, 0.9584, 0.9975, 0.9908, 0.825, 0.9925, 1.0, 0.9999, 0.9993, 1.0, 0.9998, 1.0, 0.9997, 0.9993, 0.9964, 1.0, 1.0, 1.0],
 powerlist 
[0.13790465971845131, 0.24564587783904754, 0.14831837181899732, 0.14456655074040159, 0.16903467298904956, 0.15880663533285588, 0.13558076755877888, 0.1583693712597479, 0.22835220555870223, 0.20300886800790549, 0.16132294359903918, 0.18813871072333571, 0.16700319880925343, 0.1893673801952826, 0.17128768611557227, 0.15924561288770139, 0.14350200072133418, 0.22697243185124624, 0.20611130875835626, 0.18656573386813602],
 listnumberlist 
[0, 0, 0, 0, 0, 0, 0, 0, 0, 0, 0, 0, 0, 0, 0, 0, 0, 0, 0, 0],
 end of file
