fullmaglist 
[21.789473684210527, 21.789473684210527, 21.789473684210527, 21.789473684210527, 21.789473684210527, 21.789473684210527, 21.789473684210527, 21.789473684210527, 21.789473684210527, 21.789473684210527, 21.789473684210527, 21.789473684210527, 21.789473684210527, 21.789473684210527, 21.789473684210527, 21.789473684210527, 21.789473684210527, 21.789473684210527, 21.789473684210527, 21.789473684210527],
 periodlist 
[0.0031622776601683798, 0.0054555947811685199, 0.0094120496726806703, 0.016237767391887217, 0.028013567611988671, 0.048329302385717518, 0.083378222347178912, 0.14384498882876623, 0.24816289228368255, 0.42813323987193919, 0.73861998220793579, 1.2742749857031335, 2.1983926488622894, 3.7926901907322494, 6.5431891297129621, 11.288378916846883, 19.474830399087551, 33.59818286283781, 57.963939533849604, 100.0],
 measuredperiodlist 
[0.003162277911596558, 0.0054555950747527228, 0.0094120493534593074, 0.016237766418710491, 0.027248149225640748, 0.048329336700366488, 0.083378291108944666, 0.14384553255317251, 0.24816117760799977, 0.4281333253024856, 0.73864665712371425, 1.2742682239306027, 2.1983617703543761, 3.7922386383142532, 6.5435530497892058, 11.292039299693633, 19.478301239506518, 33.592887611982619, 58.046682444356556, 99.955441170070017],
 siglist 
[0.9517, 1.0, 1.0, 0.9989, 1.0, 0.9997, 1.0, 1.0, 1.0, 1.0, 1.0, 1.0, 1.0, 1.0, 1.0, 1.0, 1.0, 1.0, 1.0, 1.0],
 powerlist 
[0.090414033039472083, 0.18076657357618928, 0.11979348484428454, 0.10493371810088223, 0.14207483256101192, 0.11138532993281512, 0.1145247923412762, 0.11753682031400728, 0.11390066565321764, 0.16368922682771031, 0.13064850321475033, 0.12874888712262073, 0.1414884722082877, 0.17225527326721302, 0.1194247604240401, 0.10413190381849405, 0.13057262932540747, 0.16071761293261835, 0.17684805459770961, 0.1745623486461878],
 listnumberlist 
[0, 0, 0, 0, 0, 0, 0, 0, 0, 0, 0, 0, 0, 0, 0, 0, 0, 0, 0, 0],
 end of file
