fullmaglist 
[23.63157894736842, 23.63157894736842, 23.63157894736842, 23.63157894736842, 23.63157894736842, 23.63157894736842, 23.63157894736842, 23.63157894736842, 23.63157894736842, 23.63157894736842, 23.63157894736842, 23.63157894736842, 23.63157894736842, 23.63157894736842, 23.63157894736842, 23.63157894736842, 23.63157894736842, 23.63157894736842, 23.63157894736842, 23.63157894736842],
 periodlist 
[0.0031622776601683798, 0.0054555947811685199, 0.0094120496726806703, 0.016237767391887217, 0.028013567611988671, 0.048329302385717518, 0.083378222347178912, 0.14384498882876623, 0.24816289228368255, 0.42813323987193919, 0.73861998220793579, 1.2742749857031335, 2.1983926488622894, 3.7926901907322494, 6.5431891297129621, 11.288378916846883, 19.474830399087551, 33.59818286283781, 57.963939533849604, 100.0],
 measuredperiodlist 
[0.0031622776041977901, 0.0054555946630905757, 0.0094120501562617465, 0.016237769267951403, 0.027248175644785988, 0.048329269817938926, 0.083378289689183704, 0.14384516756779936, 0.24816280369085703, 0.42813520011491712, 0.73861138450724351, 4.5870791367551398, 1.8252852161551352, 0.78960569503543476, 0.86538190074673216, 11.284972616800028, 19.472103034038373, 33.571873318118655, 57.888143933236911, 100.05006509166894],
 siglist 
[0.47230000000000005, 1.0, 1.0, 1.0, 1.0, 0.9955, 0.9998, 1.0, 1.0, 1.0, 0.9969, 1.0, 1.0, 1.0, 1.0, 1.0, 1.0, 0.9999, 1.0, 1.0],
 powerlist 
[0.082560153768431344, 0.16703144525131383, 0.17819732398667995, 0.13581377744723955, 0.17562270251657486, 0.10517747292966602, 0.11094107509021608, 0.1442907422710962, 0.16444868913140082, 0.14500297253390912, 0.093125710291082853, 0.18133893580317811, 0.12528651877766328, 0.13209355835624539, 0.11858020641202702, 0.13183580305294293, 0.13392310659500248, 0.11128061012020037, 0.18774670607903488, 0.18883718678058301],
 listnumberlist 
[0, 0, 0, 0, 0, 0, 0, 0, 0, 0, 0, 0, 0, 0, 0, 0, 0, 0, 0, 0],
 end of file
