fullmaglist 
[24.0, 24.0, 24.0, 24.0, 24.0, 24.0, 24.0, 24.0, 24.0, 24.0, 24.0, 24.0, 24.0, 24.0, 24.0, 24.0, 24.0, 24.0, 24.0, 24.0],
 periodlist 
[0.0031622776601683798, 0.0054555947811685199, 0.0094120496726806703, 0.016237767391887217, 0.028013567611988671, 0.048329302385717518, 0.083378222347178912, 0.14384498882876623, 0.24816289228368255, 0.42813323987193919, 0.73861998220793579, 1.2742749857031335, 2.1983926488622894, 3.7926901907322494, 6.5431891297129621, 11.288378916846883, 19.474830399087551, 33.59818286283781, 57.963939533849604, 100.0],
 measuredperiodlist 
[0.0031622776896730541, 0.0054555941660227245, 0.0094120505469392542, 0.016237763928030929, 0.028013576393204308, 0.048329285280411124, 0.076944922091069401, 0.1438443664664692, 0.24816315943455119, 0.42812954777959078, 0.73861537271762301, 1.2743006399816288, 2.1982996676542896, 3.7925683792241283, 6.5430103083611755, 11.287966936882672, 19.484705065166608, 33.582442498238464, 57.910554031894613, 99.806830272175944],
 siglist 
[0.2025, 0.9977, 0.9986, 0.6238, 1.0, 0.855, 0.8397, 1.0, 0.9957, 1.0, 0.9933, 1.0, 1.0, 1.0, 0.9995, 0.9669, 0.9998, 1.0, 1.0, 1.0],
 powerlist 
[0.088716198882141384, 0.1182221171384339, 0.12061574231827597, 0.087508325195972292, 0.19454248073881514, 0.093135415940110503, 0.095621731687888789, 0.15714194893610822, 0.11125205264823225, 0.13046257529551336, 0.09663864124663693, 0.14349809462102489, 0.13680428456385244, 0.14122807041406893, 0.10767776982497543, 0.090310584128057592, 0.11616291278649193, 0.15689645966681448, 0.13833756908298164, 0.18629382850372839],
 listnumberlist 
[0, 0, 0, 0, 0, 0, 0, 0, 0, 0, 0, 0, 0, 0, 0, 0, 0, 0, 0, 0],
 end of file
