fullmaglist 
[19.94736842105263, 19.94736842105263, 19.94736842105263, 19.94736842105263, 19.94736842105263, 19.94736842105263, 19.94736842105263, 19.94736842105263, 19.94736842105263, 19.94736842105263, 19.94736842105263, 19.94736842105263, 19.94736842105263, 19.94736842105263, 19.94736842105263, 19.94736842105263, 19.94736842105263, 19.94736842105263, 19.94736842105263, 19.94736842105263],
 periodlist 
[0.0031622776601683798, 0.0054555947811685199, 0.0094120496726806703, 0.016237767391887217, 0.028013567611988671, 0.048329302385717518, 0.083378222347178912, 0.14384498882876623, 0.24816289228368255, 0.42813323987193919, 0.73861998220793579, 1.2742749857031335, 2.1983926488622894, 3.7926901907322494, 6.5431891297129621, 11.288378916846883, 19.474830399087551, 33.59818286283781, 57.963939533849604, 100.0],
 measuredperiodlist 
[0.003162277509087659, 0.0054555961416071332, 0.0094120507381105951, 0.016237761743266535, 0.028013579492665166, 0.048329339095448599, 0.083378303934381684, 0.1438455300464517, 0.24816443641298155, 0.42813697608554147, 0.73862452598126016, 1.2742289773020479, 2.1984078411281804, 3.7920573204065913, 6.5425823378834309, 11.283157727973368, 19.467592381620928, 33.596087880545383, 58.032093579152765, 100.16353180976192],
 siglist 
[0.3077, 1.0, 1.0, 1.0, 1.0, 0.9999, 1.0, 1.0, 0.987, 1.0, 0.9999, 1.0, 1.0, 1.0, 1.0, 1.0, 1.0, 1.0, 1.0, 1.0],
 powerlist 
[0.084445743998929318, 0.20259886029637403, 0.16398330397403513, 0.15494488546584687, 0.23542101625974726, 0.12335137911494654, 0.13369005569044998, 0.18108155897581033, 0.10208475899485471, 0.1648831922925359, 0.11268504077490815, 0.2102015163584332, 0.20899700869981563, 0.24139679436938533, 0.1646065668263953, 0.12053288485417522, 0.2000300949610655, 0.15641753310955525, 0.19587122253295333, 0.21076754536936709],
 listnumberlist 
[0, 0, 0, 0, 0, 0, 0, 0, 0, 0, 0, 0, 0, 0, 0, 0, 0, 0, 0, 0],
 end of file
