fullmaglist 
[22.526315789473685, 22.526315789473685, 22.526315789473685, 22.526315789473685, 22.526315789473685, 22.526315789473685, 22.526315789473685, 22.526315789473685, 22.526315789473685, 22.526315789473685, 22.526315789473685, 22.526315789473685, 22.526315789473685, 22.526315789473685, 22.526315789473685, 22.526315789473685, 22.526315789473685, 22.526315789473685, 22.526315789473685, 22.526315789473685],
 periodlist 
[0.0031622776601683798, 0.0054555947811685199, 0.0094120496726806703, 0.016237767391887217, 0.028013567611988671, 0.048329302385717518, 0.083378222347178912, 0.14384498882876623, 0.24816289228368255, 0.42813323987193919, 0.73861998220793579, 1.2742749857031335, 2.1983926488622894, 3.7926901907322494, 6.5431891297129621, 11.288378916846883, 19.474830399087551, 33.59818286283781, 57.963939533849604, 100.0],
 measuredperiodlist 
[0.0031622777465250022, 0.0054555953642401655, 0.0094120484945067698, 0.016237772385935836, 0.028013573281617077, 0.048329255907338844, 0.083378226904093064, 0.1438458739533223, 0.24816170686887493, 0.42813552533820948, 0.7386193445060405, 1.2742174118849625, 2.1984613940192315, 3.7925467633495744, 6.5433277532299927, 11.286584615853842, 19.485606175659345, 33.621119369638841, 58.026763245950946, 100.16353180976192],
 siglist 
[0.9115, 1.0, 1.0, 1.0, 1.0, 0.6492, 0.981, 1.0, 0.9997, 1.0, 1.0, 1.0, 1.0, 1.0, 1.0, 0.9998, 1.0, 0.9979, 1.0, 1.0],
 powerlist 
[0.095550070415310384, 0.17558071063923139, 0.17906060658257322, 0.16092112749256907, 0.22482165547975158, 0.085166450587385506, 0.1015359962252247, 0.12212929778863535, 0.11654013598579077, 0.16716200912474349, 0.17618027488181415, 0.14343183371275561, 0.14292654203412439, 0.18582050341119416, 0.11936212064724713, 0.11696838331636125, 0.14616004855610984, 0.1018780931089633, 0.18174656401581735, 0.25137510221250303],
 listnumberlist 
[0, 0, 0, 0, 0, 0, 0, 0, 0, 0, 0, 0, 0, 0, 0, 0, 0, 0, 0, 0],
 end of file
