fullmaglist 
[22.526315789473685, 22.526315789473685, 22.526315789473685, 22.526315789473685, 22.526315789473685, 22.526315789473685, 22.526315789473685, 22.526315789473685, 22.526315789473685, 22.526315789473685, 22.526315789473685, 22.526315789473685, 22.526315789473685, 22.526315789473685, 22.526315789473685, 22.526315789473685, 22.526315789473685, 22.526315789473685, 22.526315789473685, 22.526315789473685],
 periodlist 
[0.0031622776601683798, 0.0054555947811685199, 0.0094120496726806703, 0.016237767391887217, 0.028013567611988671, 0.048329302385717518, 0.083378222347178912, 0.14384498882876623, 0.24816289228368255, 0.42813323987193919, 0.73861998220793579, 1.2742749857031335, 2.1983926488622894, 3.7926901907322494, 6.5431891297129621, 11.288378916846883, 19.474830399087551, 33.59818286283781, 57.963939533849604, 100.0],
 measuredperiodlist 
[0.0031622777305994839, 0.0054555955581534529, 0.0094120495628650068, 0.016237763311410046, 0.028013564005053157, 0.048329285280411124, 0.083378142788880713, 0.14384512860580195, 0.24816287138320353, 0.42813597782420931, 0.73861313997213118, 1.2742939942104066, 1.8253726127051777, 3.7924842856097545, 6.5430603687636335, 11.289159010594634, 19.479822957734175, 33.553455181628607, 58.004823025924424, 99.964328216040826],
 siglist 
[0.023499999999999965, 1.0, 0.9999, 1.0, 1.0, 0.9213, 0.39339999999999997, 1.0, 0.9682, 0.9972, 0.9999, 1.0, 1.0, 1.0, 0.9997, 0.946, 1.0, 1.0, 1.0, 1.0],
 powerlist 
[0.079986251417930448, 0.23610201201956144, 0.13034323614045651, 0.13119647742688373, 0.16803697002653928, 0.096780451899241823, 0.08470268062217419, 0.17174000935716116, 0.10004494877836728, 0.11161052278735428, 0.11774550451559615, 0.18100668794366476, 0.13711479127984458, 0.11967452690998751, 0.11166235229207064, 0.085535301680102718, 0.16063411117443616, 0.17602790192242118, 0.17431641895783392, 0.19069082573508742],
 listnumberlist 
[0, 0, 0, 0, 0, 0, 0, 0, 0, 0, 0, 0, 0, 0, 0, 0, 0, 0, 0, 0],
 end of file
