fullmaglist 
[24.0, 24.0, 24.0, 24.0, 24.0, 24.0, 24.0, 24.0, 24.0, 24.0, 24.0, 24.0, 24.0, 24.0, 24.0, 24.0, 24.0, 24.0, 24.0, 24.0],
 periodlist 
[0.0031622776601683798, 0.0054555947811685199, 0.0094120496726806703, 0.016237767391887217, 0.028013567611988671, 0.048329302385717518, 0.083378222347178912, 0.14384498882876623, 0.24816289228368255, 0.42813323987193919, 0.73861998220793579, 1.2742749857031335, 2.1983926488622894, 3.7926901907322494, 6.5431891297129621, 11.288378916846883, 19.474830399087551, 33.59818286283781, 57.963939533849604, 100.0],
 measuredperiodlist 
[0.0031622775809863179, 0.0054856033106991222, 0.0094120470719213679, 0.015977613453850761, 0.028013547794388347, 0.048329287437971373, 0.08337826951859427, 0.12571238952211314, 0.24816280369085703, 0.42812807368249939, 0.73861043478760924, 1.2742175465906127, 2.1984398073437763, 0.78965200758724152, 1.1765776163184194, 11.283347053587288, 19.474963755636889, 33.556184070730502, 57.942642951982087, 99.679685767102512],
 siglist 
[0.16669999999999996, 1.0, 1.0, 0.9975, 1.0, 0.9993, 1.0, 1.0, 0.9998, 1.0, 1.0, 1.0, 1.0, 1.0, 1.0, 1.0, 1.0, 1.0, 1.0, 1.0],
 powerlist 
[0.077948258509003304, 0.19761975220318481, 0.15559303163261301, 0.11522857823267556, 0.15008984905134784, 0.11116681413903202, 0.16643442188467888, 0.14203157045197873, 0.11956801446495333, 0.16664400678021146, 0.11505063378033781, 0.14588513044836449, 0.11632327802863979, 0.12318148676052085, 0.14927227498511711, 0.13580806699920589, 0.1698485989824553, 0.12273916436768871, 0.13729747969344594, 0.22099369969841681],
 listnumberlist 
[0, 0, 0, 0, 0, 0, 0, 0, 0, 0, 0, 0, 0, 0, 0, 0, 0, 0, 0, 0],
 end of file
