fullmaglist 
[21.421052631578945, 21.421052631578945, 21.421052631578945, 21.421052631578945, 21.421052631578945, 21.421052631578945, 21.421052631578945, 21.421052631578945, 21.421052631578945, 21.421052631578945, 21.421052631578945, 21.421052631578945, 21.421052631578945, 21.421052631578945, 21.421052631578945, 21.421052631578945, 21.421052631578945, 21.421052631578945, 21.421052631578945, 21.421052631578945],
 periodlist 
[0.0031622776601683798, 0.0054555947811685199, 0.0094120496726806703, 0.016237767391887217, 0.028013567611988671, 0.048329302385717518, 0.083378222347178912, 0.14384498882876623, 0.24816289228368255, 0.42813323987193919, 0.73861998220793579, 1.2742749857031335, 2.1983926488622894, 3.7926901907322494, 6.5431891297129621, 11.288378916846883, 19.474830399087551, 33.59818286283781, 57.963939533849604, 100.0],
 measuredperiodlist 
[0.0031622775558289577, 0.0054555952436615525, 0.0094120478212975506, 0.016237770462387103, 0.028013564764270998, 0.048329274437998726, 0.083378250342982393, 0.14384511611001188, 0.24816435213609939, 0.42813433616948027, 0.7386137358306577, 1.2742560844983137, 2.1983857306418515, 3.7925993954394785, 6.543199644058177, 11.288962028122022, 19.476539989881989, 33.579098079951336, 57.931686581965906, 100.02481406733118],
 siglist 
[0.38029999999999997, 1.0, 1.0, 1.0, 1.0, 0.29969999999999997, 1.0, 1.0, 0.9994, 1.0, 0.95, 1.0, 0.9891, 0.9991, 0.9998, 0.9998, 0.9709, 1.0, 1.0, 1.0],
 powerlist 
[0.08542068010013773, 0.17817343881345793, 0.15761133100469518, 0.15964965789399274, 0.19180787266497787, 0.081765915903114841, 0.1270016724754453, 0.14232009770757434, 0.11577837126278166, 0.14947720182730095, 0.085458177163731552, 0.13911324471960756, 0.093555896409831266, 0.10253440311598629, 0.11385825936061816, 0.10716550213776715, 0.088588502744643985, 0.15800073291663971, 0.12410491141173749, 0.24929280977923562],
 listnumberlist 
[0, 0, 0, 0, 0, 0, 0, 0, 0, 0, 0, 0, 0, 0, 0, 0, 0, 0, 0, 0],
 end of file
