fullmaglist 
[19.210526315789473, 19.210526315789473, 19.210526315789473, 19.210526315789473, 19.210526315789473, 19.210526315789473, 19.210526315789473, 19.210526315789473, 19.210526315789473, 19.210526315789473, 19.210526315789473, 19.210526315789473, 19.210526315789473, 19.210526315789473, 19.210526315789473, 19.210526315789473, 19.210526315789473, 19.210526315789473, 19.210526315789473, 19.210526315789473],
 periodlist 
[0.0031622776601683798, 0.0054555947811685199, 0.0094120496726806703, 0.016237767391887217, 0.028013567611988671, 0.048329302385717518, 0.083378222347178912, 0.14384498882876623, 0.24816289228368255, 0.42813323987193919, 0.73861998220793579, 1.2742749857031335, 2.1983926488622894, 3.7926901907322494, 6.5431891297129621, 11.288378916846883, 19.474830399087551, 33.59818286283781, 57.963939533849604, 100.0],
 measuredperiodlist 
[0.003162277740365487, 0.0054555951019207407, 0.0094120496669802354, 0.016237759632541746, 0.028013562428515496, 0.048329281390022925, 0.083378097224667977, 0.1438449067184436, 0.2481638022284654, 0.4281328085778745, 0.73862412812662581, 1.2742551179273141, 2.1984662874771179, 3.7928648478608515, 6.542740928934518, 11.288962028122022, 19.475862581725689, 33.596558626227782, 57.959669356007794, 99.745675179805303],
 siglist 
[0.19410000000000005, 1.0, 1.0, 0.9996, 1.0, 0.9042, 0.8642, 1.0, 0.5196000000000001, 1.0, 0.9936, 1.0, 1.0, 0.9998, 1.0, 0.9623, 1.0, 1.0, 1.0, 1.0],
 powerlist 
[0.084986975101348256, 0.16807572471125262, 0.15857704887538659, 0.11320507998190546, 0.22346682862117673, 0.092964618700396989, 0.090782906017500206, 0.15445070435243649, 0.083249631281456793, 0.13332649840646629, 0.09326143690132993, 0.15404329850221754, 0.12098479227104095, 0.10404901684129325, 0.11776305098346293, 0.086505994665636285, 0.14692060694455894, 0.2027394502816374, 0.2040838912855914, 0.20496858625315528],
 listnumberlist 
[0, 0, 0, 0, 0, 0, 0, 0, 0, 0, 0, 0, 0, 0, 0, 0, 0, 0, 0, 0],
 end of file
