fullmaglist 
[23.63157894736842, 23.63157894736842, 23.63157894736842, 23.63157894736842, 23.63157894736842, 23.63157894736842, 23.63157894736842, 23.63157894736842, 23.63157894736842, 23.63157894736842, 23.63157894736842, 23.63157894736842, 23.63157894736842, 23.63157894736842, 23.63157894736842, 23.63157894736842, 23.63157894736842, 23.63157894736842, 23.63157894736842, 23.63157894736842],
 periodlist 
[0.0031622776601683798, 0.0054555947811685199, 0.0094120496726806703, 0.016237767391887217, 0.028013567611988671, 0.048329302385717518, 0.083378222347178912, 0.14384498882876623, 0.24816289228368255, 0.42813323987193919, 0.73861998220793579, 1.2742749857031335, 2.1983926488622894, 3.7926901907322494, 6.5431891297129621, 11.288378916846883, 19.474830399087551, 33.59818286283781, 57.963939533849604, 100.0],
 measuredperiodlist 
[0.011879637843098053, 0.0054555938102717966, 0.0094120518065267649, 0.016237773408978272, 0.028013584590534053, 0.048329404835259271, 0.028183127316296686, 0.14384520193154546, 0.042102492210395012, 0.025111052321472222, 0.73862060288345388, 1.2742723921708514, 0.55562283097556275, 3.7937190915211159, 6.5429820445899356, 11.280880555604432, 19.475275082128427, 33.578969668287932, 57.823022502514839, 12.73058668303373],
 siglist 
[0.12860000000000005, 0.9951, 0.6134999999999999, 0.08520000000000005, 0.9954, 0.21389999999999998, 0.4343, 0.9924, 0.771, 0.28959999999999997, 0.24070000000000003, 0.9993, 0.8062, 0.6413, 0.888, 0.6463, 0.7974, 0.9996, 0.27690000000000003, 0.9759],
 powerlist 
[0.1026362664956053, 0.13565132637905172, 0.10852645480694148, 0.097213572021431965, 0.13338052052867902, 0.095585212157197716, 0.10124608063921069, 0.13263329562151041, 0.1107386165323495, 0.098510341686108033, 0.083325864732306174, 0.12926810924922816, 0.095814684344411039, 0.091607952770557638, 0.097660821749612159, 0.088245561637030262, 0.097381113347976098, 0.1314960468607394, 0.081594545916111538, 0.10932532192924814],
 listnumberlist 
[0, 0, 0, 0, 0, 0, 0, 0, 0, 0, 0, 0, 0, 0, 0, 0, 0, 0, 0, 0],
 end of file
