fullmaglist 
[18.473684210526315, 18.473684210526315, 18.473684210526315, 18.473684210526315, 18.473684210526315, 18.473684210526315, 18.473684210526315, 18.473684210526315, 18.473684210526315, 18.473684210526315, 18.473684210526315, 18.473684210526315, 18.473684210526315, 18.473684210526315, 18.473684210526315, 18.473684210526315, 18.473684210526315, 18.473684210526315, 18.473684210526315, 18.473684210526315],
 periodlist 
[0.0031622776601683798, 0.0054555947811685199, 0.0094120496726806703, 0.016237767391887217, 0.028013567611988671, 0.048329302385717518, 0.083378222347178912, 0.14384498882876623, 0.24816289228368255, 0.42813323987193919, 0.73861998220793579, 1.2742749857031335, 2.1983926488622894, 3.7926901907322494, 6.5431891297129621, 11.288378916846883, 19.474830399087551, 33.59818286283781, 57.963939533849604, 100.0],
 measuredperiodlist 
[0.0065081379330026671, 0.0043340923822941021, 0.0094120505469392542, 0.016237764698807104, 0.010411501627188534, 0.020546202825212339, 0.083377976143518218, 0.017979582601571138, 0.2481642036262921, 0.42812890478575177, 2.8479684122565474, 4.5871999424732204, 0.53833442028612877, 3.7923497435833422, 1.1193563973334701, 11.284392225786336, 19.476717435706234, 33.614122201214492, 57.847878079690943, 78.00022356839068],
 siglist 
[0.5836, 0.9458, 0.20679999999999998, 0.24629999999999996, 0.9390000000000001, 0.034399999999999986, 0.16820000000000002, 0.10860000000000003, 0.6905, 0.9933, 0.7938000000000001, 0.9954, 0.9599, 0.9609, 0.46709999999999996, 0.9659, 0.8159, 0.7787, 0.8844, 0.999],
 powerlist 
[0.18255498842821588, 0.23925710133492412, 0.18034214295535067, 0.17765411553232988, 0.21214275911707525, 0.1836401766534933, 0.17096326606913911, 0.18338659870685114, 0.20570004236758402, 0.22727237175172194, 0.16323226084753534, 0.20510736338432201, 0.19068079321860687, 0.18813526427208405, 0.17465894588808645, 0.20546593783048769, 0.15473728938063236, 0.17506030841780162, 0.20111354936227882, 0.23577339212430168],
 listnumberlist 
[0, 0, 0, 0, 0, 0, 0, 0, 0, 0, 0, 0, 0, 0, 0, 0, 0, 0, 0, 0],
 end of file
