fullmaglist 
[22.157894736842106, 22.157894736842106, 22.157894736842106, 22.157894736842106, 22.157894736842106, 22.157894736842106, 22.157894736842106, 22.157894736842106, 22.157894736842106, 22.157894736842106, 22.157894736842106, 22.157894736842106, 22.157894736842106, 22.157894736842106, 22.157894736842106, 22.157894736842106, 22.157894736842106, 22.157894736842106, 22.157894736842106, 22.157894736842106],
 periodlist 
[0.0031622776601683798, 0.0054555947811685199, 0.0094120496726806703, 0.016237767391887217, 0.028013567611988671, 0.048329302385717518, 0.083378222347178912, 0.14384498882876623, 0.24816289228368255, 0.42813323987193919, 0.73861998220793579, 1.2742749857031335, 2.1983926488622894, 3.7926901907322494, 6.5431891297129621, 11.288378916846883, 19.474830399087551, 33.59818286283781, 57.963939533849604, 100.0],
 measuredperiodlist 
[0.0031622775667508726, 0.0054555944136932015, 0.0094120494570143261, 0.016237768576223562, 0.028013553665210543, 0.048329368099853345, 0.083378307362142384, 0.14384466179935415, 0.24816348130019764, 0.42813643223614994, 0.73861636344395731, 1.274296696419253, 2.1985284398134244, 3.7930709664677109, 6.5444290943589296, 11.289431433774844, 19.459470222326839, 33.606744504208663, 57.960159276180391, 100.69076536914892],
 siglist 
[0.2862, 1.0, 1.0, 1.0, 1.0, 0.9915, 0.9998, 1.0, 0.9999, 1.0, 0.9998, 1.0, 0.9999, 0.9995, 1.0, 0.9987, 0.9802, 1.0, 1.0, 1.0],
 powerlist 
[0.082021284263499708, 0.16709208348507329, 0.17877641891450252, 0.16215467575061795, 0.14878285152327139, 0.10003909794406921, 0.11289504162046106, 0.19628260693263228, 0.117794616613779, 0.20435353665250675, 0.098980033357514235, 0.12553169912727685, 0.10166205120677539, 0.10199779121379152, 0.11634292521605633, 0.097642445605276726, 0.083897329235045573, 0.1841209785320454, 0.19547501433998488, 0.17140875044019141],
 listnumberlist 
[0, 0, 0, 0, 0, 0, 0, 0, 0, 0, 0, 0, 0, 0, 0, 0, 0, 0, 0, 0],
 end of file
