fullmaglist 
[19.210526315789473, 19.210526315789473, 19.210526315789473, 19.210526315789473, 19.210526315789473, 19.210526315789473, 19.210526315789473, 19.210526315789473, 19.210526315789473, 19.210526315789473, 19.210526315789473, 19.210526315789473, 19.210526315789473, 19.210526315789473, 19.210526315789473, 19.210526315789473, 19.210526315789473, 19.210526315789473, 19.210526315789473, 19.210526315789473],
 periodlist 
[0.0031622776601683798, 0.0054555947811685199, 0.0094120496726806703, 0.016237767391887217, 0.028013567611988671, 0.048329302385717518, 0.083378222347178912, 0.14384498882876623, 0.24816289228368255, 0.42813323987193919, 0.73861998220793579, 1.2742749857031335, 2.1983926488622894, 3.7926901907322494, 6.5431891297129621, 11.288378916846883, 19.474830399087551, 33.59818286283781, 57.963939533849604, 100.0],
 measuredperiodlist 
[0.0031622778063893917, 0.0054555946050525196, 0.0094120498712344288, 0.016237764261197989, 0.028013559169363624, 0.048329310761690725, 0.083378213906341994, 0.14384438364410604, 0.24816607300504501, 0.4281309683484063, 0.7386303938919736, 1.2743299159308792, 2.198327874573843, 3.7924740072081011, 6.5433778690189, 11.289803912298003, 19.459691552043445, 33.561257584911012, 57.969978461956273, 100.20130910267601],
 siglist 
[0.7073, 1.0, 1.0, 1.0, 1.0, 0.9984, 1.0, 1.0, 1.0, 1.0, 1.0, 1.0, 1.0, 1.0, 1.0, 1.0, 1.0, 1.0, 1.0, 1.0],
 powerlist 
[0.085003462626313891, 0.17512043737481559, 0.20164607930479253, 0.15306114061782455, 0.22778037667593004, 0.10185721582884059, 0.1386444909440461, 0.22469663003152138, 0.15456061288996781, 0.19798471728173331, 0.13493936199013276, 0.18008305050821244, 0.17791810989488344, 0.18944762193492012, 0.16883191476032666, 0.17126529129148171, 0.12545181541702252, 0.21942047738933085, 0.16173701335872892, 0.29319560130371197],
 listnumberlist 
[0, 0, 0, 0, 0, 0, 0, 0, 0, 0, 0, 0, 0, 0, 0, 0, 0, 0, 0, 0],
 end of file
