fullmaglist 
[22.157894736842106, 22.157894736842106, 22.157894736842106, 22.157894736842106, 22.157894736842106, 22.157894736842106, 22.157894736842106, 22.157894736842106, 22.157894736842106, 22.157894736842106, 22.157894736842106, 22.157894736842106, 22.157894736842106, 22.157894736842106, 22.157894736842106, 22.157894736842106, 22.157894736842106, 22.157894736842106, 22.157894736842106, 22.157894736842106],
 periodlist 
[0.0031622776601683798, 0.0054555947811685199, 0.0094120496726806703, 0.016237767391887217, 0.028013567611988671, 0.048329302385717518, 0.083378222347178912, 0.14384498882876623, 0.24816289228368255, 0.42813323987193919, 0.73861998220793579, 1.2742749857031335, 2.1983926488622894, 3.7926901907322494, 6.5431891297129621, 11.288378916846883, 19.474830399087551, 33.59818286283781, 57.963939533849604, 100.0],
 measuredperiodlist 
[0.0031622777802174126, 0.0054555944441981186, 0.0094120492882822544, 0.016237762108918415, 0.028013536870347144, 0.048329307765312426, 0.083378155735983672, 0.14384526452483704, 0.330376079432814, 0.42813483578334038, 0.7386234637797463, 1.2742874955277645, 2.1985740429624649, 3.7924013994066903, 6.5438884827894972, 11.287797227490376, 19.472648192141879, 33.605097771877361, 57.996201484831268, 100.18916797124422],
 siglist 
[0.1028, 1.0, 1.0, 1.0, 1.0, 0.9578, 1.0, 1.0, 1.0, 1.0, 1.0, 1.0, 1.0, 1.0, 1.0, 0.8245, 0.9701, 1.0, 1.0, 1.0],
 powerlist 
[0.096311172020904889, 0.1896530518320958, 0.18576243583065591, 0.15190254136755535, 0.2243610042096667, 0.10957597671706094, 0.16146678093734987, 0.15376355983672066, 0.14104892859367243, 0.18768802578362301, 0.1452869674742846, 0.1495406700842431, 0.1522506237399264, 0.12904641187289176, 0.16317561703884637, 0.094110157186420754, 0.098753330735176642, 0.14830886440251712, 0.15649089628873619, 0.15500654557877003],
 listnumberlist 
[0, 0, 0, 0, 0, 0, 0, 0, 0, 0, 0, 0, 0, 0, 0, 0, 0, 0, 0, 0],
 end of file
