fullmaglist 
[19.57894736842105, 19.57894736842105, 19.57894736842105, 19.57894736842105, 19.57894736842105, 19.57894736842105, 19.57894736842105, 19.57894736842105, 19.57894736842105, 19.57894736842105, 19.57894736842105, 19.57894736842105, 19.57894736842105, 19.57894736842105, 19.57894736842105, 19.57894736842105, 19.57894736842105, 19.57894736842105, 19.57894736842105, 19.57894736842105],
 periodlist 
[0.0031622776601683798, 0.0054555947811685199, 0.0094120496726806703, 0.016237767391887217, 0.028013567611988671, 0.048329302385717518, 0.083378222347178912, 0.14384498882876623, 0.24816289228368255, 0.42813323987193919, 0.73861998220793579, 1.2742749857031335, 2.1983926488622894, 3.7926901907322494, 6.5431891297129621, 11.288378916846883, 19.474830399087551, 33.59818286283781, 57.963939533849604, 100.0],
 measuredperiodlist 
[0.003162277449854047, 0.0054555953704899275, 0.0094120505443421702, 0.016237775665199128, 0.028013574764475774, 0.048329317587655338, 0.083378173273450651, 0.14384434736306606, 0.24816268940118039, 0.42813814642575049, 0.73861221818632217, 1.2742473449142351, 2.1984888888413558, 3.7923815373726315, 6.5427022596158961, 11.292859163550554, 19.476527354947091, 33.605424307680273, 57.938568772129777, 99.885414652971164],
 siglist 
[0.9316, 1.0, 1.0, 1.0, 1.0, 1.0, 1.0, 1.0, 1.0, 1.0, 1.0, 1.0, 1.0, 1.0, 1.0, 1.0, 1.0, 1.0, 1.0, 1.0],
 powerlist 
[0.091795094233818056, 0.25699978777179239, 0.19065956752705659, 0.23266196715256449, 0.19109393554009141, 0.14142129812877369, 0.12743230149565321, 0.26187232308331054, 0.12709834672478534, 0.18896069107038174, 0.19490469042520647, 0.13980353517521418, 0.11423790147488433, 0.16595651761792163, 0.16930232781082027, 0.14532036885221575, 0.22441911733869072, 0.1826075822858475, 0.2018080072979053, 0.23585892074822984],
 listnumberlist 
[0, 0, 0, 0, 0, 0, 0, 0, 0, 0, 0, 0, 0, 0, 0, 0, 0, 0, 0, 0],
 end of file
