fullmaglist 
[17.36842105263158, 17.36842105263158, 17.36842105263158, 17.36842105263158, 17.36842105263158, 17.36842105263158, 17.36842105263158, 17.36842105263158, 17.36842105263158, 17.36842105263158, 17.36842105263158, 17.36842105263158, 17.36842105263158, 17.36842105263158, 17.36842105263158, 17.36842105263158, 17.36842105263158, 17.36842105263158, 17.36842105263158, 17.36842105263158],
 periodlist 
[0.0031622776601683798, 0.0054555947811685199, 0.0094120496726806703, 0.016237767391887217, 0.028013567611988671, 0.048329302385717518, 0.083378222347178912, 0.14384498882876623, 0.24816289228368255, 0.42813323987193919, 0.73861998220793579, 1.2742749857031335, 2.1983926488622894, 3.7926901907322494, 6.5431891297129621, 11.288378916846883, 19.474830399087551, 33.59818286283781, 57.963939533849604, 100.0],
 measuredperiodlist 
[0.0031622775609060311, 0.0054555959793607467, 0.0094120479554667662, 0.016237769809088434, 0.028013577057876087, 0.048329340795949409, 0.083378173273450651, 0.14384541161451175, 0.24816337331367042, 0.4281343966538278, 0.7386249729738712, 1.2742682239306027, 2.198432389921134, 3.7926589604078811, 6.5436531572979968, 11.286973691803366, 19.468327339843544, 33.598824880598031, 58.03093175024356, 99.984647872729454],
 siglist 
[0.9798, 1.0, 1.0, 1.0, 1.0, 1.0, 0.9752, 1.0, 1.0, 1.0, 1.0, 1.0, 1.0, 1.0, 1.0, 1.0, 1.0, 1.0, 1.0, 1.0],
 powerlist 
[0.09413643286606152, 0.178758535498623, 0.12282788543654644, 0.1871717599039896, 0.18140512179890375, 0.17459147970800071, 0.090170795572290061, 0.16234512892923755, 0.11964871087329471, 0.19733427820720401, 0.13737423794457645, 0.16537430098014702, 0.14008225579179151, 0.1294054422356504, 0.11567432542592176, 0.11723679269348106, 0.11982486475565635, 0.17039963377352946, 0.17085566603611599, 0.17025848738581148],
 listnumberlist 
[0, 0, 0, 0, 0, 0, 0, 0, 0, 0, 0, 0, 0, 0, 0, 0, 0, 0, 0, 0],
 end of file
