fullmaglist 
[18.105263157894736, 18.105263157894736, 18.105263157894736, 18.105263157894736, 18.105263157894736, 18.105263157894736, 18.105263157894736, 18.105263157894736, 18.105263157894736, 18.105263157894736, 18.105263157894736, 18.105263157894736, 18.105263157894736, 18.105263157894736, 18.105263157894736, 18.105263157894736, 18.105263157894736, 18.105263157894736, 18.105263157894736, 18.105263157894736],
 periodlist 
[0.0031622776601683798, 0.0054555947811685199, 0.0094120496726806703, 0.016237767391887217, 0.028013567611988671, 0.048329302385717518, 0.083378222347178912, 0.14384498882876623, 0.24816289228368255, 0.42813323987193919, 0.73861998220793579, 1.2742749857031335, 2.1983926488622894, 3.7926901907322494, 6.5431891297129621, 11.288378916846883, 19.474830399087551, 33.59818286283781, 57.963939533849604, 100.0],
 measuredperiodlist 
[0.0031622775486605473, 0.0054555939744028031, 0.0094120499668716596, 0.016237763204024241, 0.028013575766035984, 0.048329257755960392, 0.083378138869651813, 0.14384446558322667, 0.24816336408492162, 0.42813334923564594, 0.73860941354839671, 1.2742328324877314, 2.1984154913814513, 3.7928655383096492, 6.5429889070171932, 11.287189576869473, 19.477195591612148, 33.605917233378214, 57.899128362327517, 99.58721161262865],
 siglist 
[0.8115, 1.0, 1.0, 1.0, 1.0, 0.9953, 0.9187, 1.0, 0.9986, 1.0, 1.0, 1.0, 1.0, 1.0, 1.0, 1.0, 1.0, 1.0, 1.0, 1.0],
 powerlist 
[0.092682955557594787, 0.22696122755051859, 0.18386388937925088, 0.19177800609334422, 0.21912909648181061, 0.10701564110559167, 0.094123726977610886, 0.22313990473272155, 0.10974326201865314, 0.17531997548916883, 0.18527563259244578, 0.14443553771147166, 0.17000504716398512, 0.18841480782691078, 0.14408807357627981, 0.13004848577830769, 0.1696753370691429, 0.16780683930872925, 0.17621293892563464, 0.24869350417501912],
 listnumberlist 
[0, 0, 0, 0, 0, 0, 0, 0, 0, 0, 0, 0, 0, 0, 0, 0, 0, 0, 0, 0],
 end of file
