fullmaglist 
[22.894736842105264, 22.894736842105264, 22.894736842105264, 22.894736842105264, 22.894736842105264, 22.894736842105264, 22.894736842105264, 22.894736842105264, 22.894736842105264, 22.894736842105264, 22.894736842105264, 22.894736842105264, 22.894736842105264, 22.894736842105264, 22.894736842105264, 22.894736842105264, 22.894736842105264, 22.894736842105264, 22.894736842105264, 22.894736842105264],
 periodlist 
[0.0031622776601683798, 0.0054555947811685199, 0.0094120496726806703, 0.016237767391887217, 0.028013567611988671, 0.048329302385717518, 0.083378222347178912, 0.14384498882876623, 0.24816289228368255, 0.42813323987193919, 0.73861998220793579, 1.2742749857031335, 2.1983926488622894, 3.7926901907322494, 6.5431891297129621, 11.288378916846883, 19.474830399087551, 33.59818286283781, 57.963939533849604, 100.0],
 measuredperiodlist 
[0.0031622775751834488, 0.0054259120033445457, 0.0094120481000346048, 0.016237767125931824, 0.028013556902096174, 0.048329325388854101, 0.090984948173767524, 0.14384514355387149, 0.24816294663828356, 0.29953786952572847, 0.73862689694033523, 1.2742806751976503, 1.8253045495801425, 3.7926125855331132, 6.5429243455317287, 11.286968266464388, 19.472323059707655, 33.58626802187387, 57.930955953920183, 99.777800049411738],
 siglist 
[0.1381, 1.0, 1.0, 1.0, 1.0, 1.0, 0.9995, 1.0, 1.0, 1.0, 1.0, 1.0, 1.0, 1.0, 0.9999, 1.0, 1.0, 1.0, 1.0, 1.0],
 powerlist 
[0.077935043556931996, 0.18751870177877428, 0.16370315557745774, 0.17014429534681735, 0.20931761057882847, 0.13210679873263889, 0.11258286831147676, 0.14218992972026293, 0.146113305273532, 0.22617554580165999, 0.10857476002754962, 0.2090536466816405, 0.16091285742688019, 0.15748675573671633, 0.11368272708519671, 0.13810541724197362, 0.13322259869159916, 0.16008373422893463, 0.2169101045690367, 0.2053013686923614],
 listnumberlist 
[0, 0, 0, 0, 0, 0, 0, 0, 0, 0, 0, 0, 0, 0, 0, 0, 0, 0, 0, 0],
 end of file
