fullmaglist 
[18.473684210526315, 18.473684210526315, 18.473684210526315, 18.473684210526315, 18.473684210526315, 18.473684210526315, 18.473684210526315, 18.473684210526315, 18.473684210526315, 18.473684210526315, 18.473684210526315, 18.473684210526315, 18.473684210526315, 18.473684210526315, 18.473684210526315, 18.473684210526315, 18.473684210526315, 18.473684210526315, 18.473684210526315, 18.473684210526315],
 periodlist 
[0.0031622776601683798, 0.0054555947811685199, 0.0094120496726806703, 0.016237767391887217, 0.028013567611988671, 0.048329302385717518, 0.083378222347178912, 0.14384498882876623, 0.24816289228368255, 0.42813323987193919, 0.73861998220793579, 1.2742749857031335, 2.1983926488622894, 3.7926901907322494, 6.5431891297129621, 11.288378916846883, 19.474830399087551, 33.59818286283781, 57.963939533849604, 100.0],
 measuredperiodlist 
[0.0031622776832083738, 0.0054555948931087764, 0.0094120484243941684, 0.016237762995344553, 0.028013575766035984, 0.048329339095448599, 0.08337819939331019, 0.14384556279941615, 0.24816112197437817, 0.42813044779997167, 0.73860466405435887, 1.27416601257122, 2.1982433735603175, 3.7924329281349509, 6.5442767093642624, 11.289206582046262, 19.464293464910636, 33.582693480345931, 57.862007219849303, 100.00497350210249],
 siglist 
[0.16549999999999998, 1.0, 1.0, 1.0, 1.0, 0.9999, 1.0, 1.0, 1.0, 1.0, 1.0, 0.9988, 1.0, 1.0, 1.0, 0.9997, 1.0, 1.0, 1.0, 1.0],
 powerlist 
[0.082465248150659018, 0.2793190176720885, 0.1428987196373841, 0.15002434779185866, 0.19183819232364779, 0.12546512432139922, 0.14103318604513088, 0.15661747091622255, 0.16524814144662986, 0.15679478235102789, 0.17261593723847388, 0.10265524320720026, 0.15090381067955247, 0.18914936673842897, 0.19350058762221872, 0.11101052544004146, 0.21441716650414241, 0.2229789430364312, 0.19735755595515167, 0.30483563435008854],
 listnumberlist 
[0, 0, 0, 0, 0, 0, 0, 0, 0, 0, 0, 0, 0, 0, 0, 0, 0, 0, 0, 0],
 end of file
