fullmaglist 
[21.05263157894737, 21.05263157894737, 21.05263157894737, 21.05263157894737, 21.05263157894737, 21.05263157894737, 21.05263157894737, 21.05263157894737, 21.05263157894737, 21.05263157894737, 21.05263157894737, 21.05263157894737, 21.05263157894737, 21.05263157894737, 21.05263157894737, 21.05263157894737, 21.05263157894737, 21.05263157894737, 21.05263157894737, 21.05263157894737],
 periodlist 
[0.0031622776601683798, 0.0054555947811685199, 0.0094120496726806703, 0.016237767391887217, 0.028013567611988671, 0.048329302385717518, 0.083378222347178912, 0.14384498882876623, 0.24816289228368255, 0.42813323987193919, 0.73861998220793579, 1.2742749857031335, 2.1983926488622894, 3.7926901907322494, 6.5431891297129621, 11.288378916846883, 19.474830399087551, 33.59818286283781, 57.963939533849604, 100.0],
 measuredperiodlist 
[0.0031723368752259529, 0.005455595371217049, 0.0094120509787528565, 0.016237767431934585, 0.028013564188266695, 0.04832931047957164, 0.083378277586828878, 0.16809071531978378, 0.33036958038025777, 0.42813137095756049, 0.73861391710487501, 4.5875920135345147, 0.64492182727401393, 0.78965309310283149, 6.5431479311541105, 11.288003325674227, 19.472983166550769, 33.584304380893514, 57.917327080077698, 100.00361722228119],
 siglist 
[0.28, 1.0, 1.0, 1.0, 1.0, 1.0, 1.0, 1.0, 0.9999, 1.0, 1.0, 1.0, 1.0, 1.0, 1.0, 1.0, 1.0, 1.0, 1.0, 1.0],
 powerlist 
[0.079148297809708751, 0.21533216474214517, 0.23623434366988483, 0.19724465258759086, 0.27034146619148053, 0.13071599374268036, 0.20351131883575019, 0.15492672592178794, 0.13175742336299959, 0.23857363605499482, 0.1284324607081529, 0.2062125300076289, 0.18782513506903289, 0.12140829131615019, 0.14035677052975953, 0.16734109830152577, 0.17963712835242249, 0.19454798574479698, 0.18099557670634975, 0.18471746677103684],
 listnumberlist 
[0, 0, 0, 0, 0, 0, 0, 0, 0, 0, 0, 0, 0, 0, 0, 0, 0, 0, 0, 0],
 end of file
