fullmaglist 
[19.57894736842105, 19.57894736842105, 19.57894736842105, 19.57894736842105, 19.57894736842105, 19.57894736842105, 19.57894736842105, 19.57894736842105, 19.57894736842105, 19.57894736842105, 19.57894736842105, 19.57894736842105, 19.57894736842105, 19.57894736842105, 19.57894736842105, 19.57894736842105, 19.57894736842105, 19.57894736842105, 19.57894736842105, 19.57894736842105],
 periodlist 
[0.0031622776601683798, 0.0054555947811685199, 0.0094120496726806703, 0.016237767391887217, 0.028013567611988671, 0.048329302385717518, 0.083378222347178912, 0.14384498882876623, 0.24816289228368255, 0.42813323987193919, 0.73861998220793579, 1.2742749857031335, 2.1983926488622894, 3.7926901907322494, 6.5431891297129621, 11.288378916846883, 19.474830399087551, 33.59818286283781, 57.963939533849604, 100.0],
 measuredperiodlist 
[0.0031723367876282794, 0.0054259120204284928, 0.0094120487169026528, 0.016237762229889194, 0.028013561000566626, 0.048329272528712316, 0.083378217075107411, 0.14384489140811296, 0.24816405448642304, 0.42812701005621706, 0.73861549998721432, 1.2742439279342483, 0.68604551380583867, 1.3530604850994563, 6.5425517367819781, 11.289038574739443, 19.472103034038373, 33.603295867286228, 58.046083262737667, 100.07330521007019],
 siglist 
[0.42510000000000003, 1.0, 1.0, 1.0, 1.0, 1.0, 1.0, 1.0, 1.0, 1.0, 1.0, 1.0, 1.0, 1.0, 1.0, 1.0, 1.0, 1.0, 1.0, 1.0],
 powerlist 
[0.079957462677309896, 0.25621738814414385, 0.22185694414637663, 0.15255275555613593, 0.26080643620990096, 0.20168162426269656, 0.20052399493600626, 0.1670936198866684, 0.19206592300146855, 0.25554883430036324, 0.13489484551170239, 0.22821979264357933, 0.17714893714280375, 0.22420507289751179, 0.15497219624847153, 0.20217461186914282, 0.17282430844347502, 0.24463265156901318, 0.24684587319566687, 0.25671302778771049],
 listnumberlist 
[0, 0, 0, 0, 0, 0, 0, 0, 0, 0, 0, 0, 0, 0, 0, 0, 0, 0, 0, 0],
 end of file
