fullmaglist 
[17.0, 17.0, 17.0, 17.0, 17.0, 17.0, 17.0, 17.0, 17.0, 17.0, 17.0, 17.0, 17.0, 17.0, 17.0, 17.0, 17.0, 17.0, 17.0, 17.0],
 periodlist 
[0.0031622776601683798, 0.0054555947811685199, 0.0094120496726806703, 0.016237767391887217, 0.028013567611988671, 0.048329302385717518, 0.083378222347178912, 0.14384498882876623, 0.24816289228368255, 0.42813323987193919, 0.73861998220793579, 1.2742749857031335, 2.1983926488622894, 3.7926901907322494, 6.5431891297129621, 11.288378916846883, 19.474830399087551, 33.59818286283781, 57.963939533849604, 100.0],
 measuredperiodlist 
[0.0031622778189482484, 0.0054555947844198514, 0.0093240507207769004, 0.016506527910511642, 0.028013546926164704, 0.048329298486279065, 0.090984956760785149, 0.021613101140218492, 0.33037170334105692, 0.42812972939589811, 1.5346835565114945, 4.5874225190047211, 0.99729811630025411, 0.99729811630025411, 0.99729811630025411, 11.288299299162027, 19.478986883425105, 33.592721258212585, 58.001152514343019, 99.619385391539467],
 siglist 
[0.2601, 1.0, 1.0, 0.9993, 1.0, 0.6438999999999999, 0.7331, 0.7987, 0.9999, 1.0, 1.0, 1.0, 1.0, 0.9997, 0.9902, 1.0, 1.0, 1.0, 1.0, 1.0],
 powerlist 
[0.12019953116862507, 0.19294198304312615, 0.18347317698664664, 0.16826524978714683, 0.19433109917314101, 0.12436573318893585, 0.12490594857393612, 0.12791179132306163, 0.17228533199683166, 0.22707191033533231, 0.16283475068291864, 0.24005711365822496, 0.19955764706882573, 0.14718477198626767, 0.13208676457525409, 0.20757432071468318, 0.23874171687174775, 0.168072393753219, 0.26415519260500897, 0.21644542527760688],
 listnumberlist 
[0, 0, 0, 0, 0, 0, 0, 0, 0, 0, 0, 0, 0, 0, 0, 0, 0, 0, 0, 0],
 end of file
