fullmaglist 
[23.263157894736842, 23.263157894736842, 23.263157894736842, 23.263157894736842, 23.263157894736842, 23.263157894736842, 23.263157894736842, 23.263157894736842, 23.263157894736842, 23.263157894736842, 23.263157894736842, 23.263157894736842, 23.263157894736842, 23.263157894736842, 23.263157894736842, 23.263157894736842, 23.263157894736842, 23.263157894736842, 23.263157894736842, 23.263157894736842],
 periodlist 
[0.0031622776601683798, 0.0054555947811685199, 0.0094120496726806703, 0.016237767391887217, 0.028013567611988671, 0.048329302385717518, 0.083378222347178912, 0.14384498882876623, 0.24816289228368255, 0.42813323987193919, 0.73861998220793579, 1.2742749857031335, 2.1983926488622894, 3.7926901907322494, 6.5431891297129621, 11.288378916846883, 19.474830399087551, 33.59818286283781, 57.963939533849604, 100.0],
 measuredperiodlist 
[0.0031622775258369831, 0.0054555956836234753, 0.009324047584839127, 0.016237762720117982, 0.028013572471075835, 0.04832938175181687, 0.083378120450751117, 0.16809095639715915, 0.24815959384442354, 0.42813268249425396, 0.73862975613277271, 1.2742615805329951, 2.1985679922085679, 3.7925664815530742, 6.5440536179652264, 11.289282449247322, 19.468770407371679, 33.590249499425006, 58.025027443444664, 99.879583538557739],
 siglist 
[0.5586, 1.0, 0.9738, 1.0, 1.0, 1.0, 0.9192, 1.0, 1.0, 1.0, 0.9999, 1.0, 0.9774, 1.0, 0.999, 1.0, 0.9837, 1.0, 1.0, 1.0],
 powerlist 
[0.091444022802122146, 0.1726511809367372, 0.10643332592575719, 0.1403131853836444, 0.14676138606257189, 0.13965732009034149, 0.095884191995711646, 0.15415796245512028, 0.16689751409738263, 0.16627881264329974, 0.12321484421360988, 0.14295569502607924, 0.093853040969307133, 0.12043539526212851, 0.10894920039732918, 0.13900576034900755, 0.093764026038253262, 0.16559876455517389, 0.14399071840939037, 0.15646384430535326],
 listnumberlist 
[0, 0, 0, 0, 0, 0, 0, 0, 0, 0, 0, 0, 0, 0, 0, 0, 0, 0, 0, 0],
 end of file
