fullmaglist 
[19.57894736842105, 19.57894736842105, 19.57894736842105, 19.57894736842105, 19.57894736842105, 19.57894736842105, 19.57894736842105, 19.57894736842105, 19.57894736842105, 19.57894736842105, 19.57894736842105, 19.57894736842105, 19.57894736842105, 19.57894736842105, 19.57894736842105, 19.57894736842105, 19.57894736842105, 19.57894736842105, 19.57894736842105, 19.57894736842105],
 periodlist 
[0.0031622776601683798, 0.0054555947811685199, 0.0094120496726806703, 0.016237767391887217, 0.028013567611988671, 0.048329302385717518, 0.083378222347178912, 0.14384498882876623, 0.24816289228368255, 0.42813323987193919, 0.73861998220793579, 1.2742749857031335, 2.1983926488622894, 3.7926901907322494, 6.5431891297129621, 11.288378916846883, 19.474830399087551, 33.59818286283781, 57.963939533849604, 100.0],
 measuredperiodlist 
[0.0031622776198917484, 0.0054555945397602879, 0.0094120467416920258, 0.016237758195713201, 0.028013555890697078, 0.048329342792704559, 0.083378193891155805, 0.14384546454056754, 0.24816429018588226, 0.42813799161452382, 0.73861718557948774, 1.2742662450741877, 2.1985111240400244, 3.7925809152465733, 6.5448868979545907, 11.289004849089919, 19.477495844590006, 33.631858572846731, 57.899128362327517, 99.981233042642089],
 siglist 
[0.2843, 1.0, 1.0, 1.0, 1.0, 1.0, 0.9959, 1.0, 0.8403, 1.0, 1.0, 1.0, 1.0, 1.0, 1.0, 1.0, 1.0, 1.0, 1.0, 1.0],
 powerlist 
[0.085973144600650961, 0.20628941153818939, 0.15684323634695232, 0.13796345303692639, 0.23225783973314426, 0.1330730644011138, 0.10510311329670265, 0.16925034160007491, 0.088590745431214632, 0.1374696914368892, 0.18061671347993655, 0.14985096788032692, 0.14593372238940056, 0.13806123824079924, 0.19472334777223557, 0.14262048875317332, 0.16191904589154507, 0.19689426713572789, 0.16738267044551614, 0.27270238026535959],
 listnumberlist 
[0, 0, 0, 0, 0, 0, 0, 0, 0, 0, 0, 0, 0, 0, 0, 0, 0, 0, 0, 0],
 end of file
