fullmaglist 
[20.31578947368421, 20.31578947368421, 20.31578947368421, 20.31578947368421, 20.31578947368421, 20.31578947368421, 20.31578947368421, 20.31578947368421, 20.31578947368421, 20.31578947368421, 20.31578947368421, 20.31578947368421, 20.31578947368421, 20.31578947368421, 20.31578947368421, 20.31578947368421, 20.31578947368421, 20.31578947368421, 20.31578947368421, 20.31578947368421],
 periodlist 
[0.0031622776601683798, 0.0054555947811685199, 0.0094120496726806703, 0.016237767391887217, 0.028013567611988671, 0.048329302385717518, 0.083378222347178912, 0.14384498882876623, 0.24816289228368255, 0.42813323987193919, 0.73861998220793579, 1.2742749857031335, 2.1983926488622894, 3.7926901907322494, 6.5431891297129621, 11.288378916846883, 19.474830399087551, 33.59818286283781, 57.963939533849604, 100.0],
 measuredperiodlist 
[0.0031622775407459699, 0.0054555951286744614, 0.0094120497565337909, 0.016237772385935836, 0.028013540984211414, 0.048329193054290301, 0.083378298432213491, 0.14384498962469172, 0.24816346156890778, 0.42813204358472595, 0.73861070887555347, 1.274264959942307, 2.1984078411281804, 3.7931729792052145, 6.5413629335870169, 11.286181344535665, 19.482901981606833, 33.588942871074281, 58.032093579152765, 100.28278088909511],
 siglist 
[0.9197, 1.0, 1.0, 1.0, 1.0, 0.9591, 0.9998, 1.0, 0.9999, 1.0, 1.0, 1.0, 1.0, 1.0, 1.0, 1.0, 1.0, 1.0, 1.0, 1.0],
 powerlist 
[0.097102513538447038, 0.17719360669930506, 0.15510131166973259, 0.19081092789886503, 0.25924667056096207, 0.099486405881695744, 0.11685440560689088, 0.23816976807946241, 0.1219231401616193, 0.18727769469267244, 0.17459225467773409, 0.16284542588447792, 0.13051362942116376, 0.12578560415809162, 0.20268158698099376, 0.12064677229391318, 0.18617574321152366, 0.16670826793984314, 0.18755087727625883, 0.22510719609162982],
 listnumberlist 
[0, 0, 0, 0, 0, 0, 0, 0, 0, 0, 0, 0, 0, 0, 0, 0, 0, 0, 0, 0],
 end of file
