fullmaglist 
[21.05263157894737, 21.05263157894737, 21.05263157894737, 21.05263157894737, 21.05263157894737, 21.05263157894737, 21.05263157894737, 21.05263157894737, 21.05263157894737, 21.05263157894737, 21.05263157894737, 21.05263157894737, 21.05263157894737, 21.05263157894737, 21.05263157894737, 21.05263157894737, 21.05263157894737, 21.05263157894737, 21.05263157894737, 21.05263157894737],
 periodlist 
[0.0031622776601683798, 0.0054555947811685199, 0.0094120496726806703, 0.016237767391887217, 0.028013567611988671, 0.048329302385717518, 0.083378222347178912, 0.14384498882876623, 0.24816289228368255, 0.42813323987193919, 0.73861998220793579, 1.2742749857031335, 2.1983926488622894, 3.7926901907322494, 6.5431891297129621, 11.288378916846883, 19.474830399087551, 33.59818286283781, 57.963939533849604, 100.0],
 measuredperiodlist 
[0.0031622777582238624, 0.0054555942160408287, 0.0094120496142464337, 0.016237763399442842, 0.028013570837237118, 0.04832928834204913, 0.083378130331282899, 0.14384488208418153, 0.24816405885172468, 0.42813215389909481, 0.73862542718418389, 1.2742792826422256, 2.1983224401269887, 3.7927278355195986, 6.5436074448364527, 11.289265487349686, 19.469542377165904, 33.601934755750925, 57.975671653250515, 100.07248274145951],
 siglist 
[0.9019, 1.0, 1.0, 0.9998, 1.0, 0.9977, 0.9982, 1.0, 0.9983, 1.0, 0.9994, 1.0, 0.9918, 0.9982, 1.0, 0.9999, 0.9999, 1.0, 1.0, 1.0],
 powerlist 
[0.094188286362388518, 0.13685520274750973, 0.14305657224731816, 0.12144237082153833, 0.24269224709991075, 0.10638240749199276, 0.11462157068128256, 0.16615339436096591, 0.10898109150732296, 0.1682753505357783, 0.10601600307327556, 0.18840824012775695, 0.090121314533980118, 0.095437607233229596, 0.12750078022753336, 0.11630584381187077, 0.11381127096467812, 0.18617160317699216, 0.18398574486442643, 0.22951447290929622],
 listnumberlist 
[0, 0, 0, 0, 0, 0, 0, 0, 0, 0, 0, 0, 0, 0, 0, 0, 0, 0, 0, 0],
 end of file
