fullmaglist 
[19.94736842105263, 19.94736842105263, 19.94736842105263, 19.94736842105263, 19.94736842105263, 19.94736842105263, 19.94736842105263, 19.94736842105263, 19.94736842105263, 19.94736842105263, 19.94736842105263, 19.94736842105263, 19.94736842105263, 19.94736842105263, 19.94736842105263, 19.94736842105263, 19.94736842105263, 19.94736842105263, 19.94736842105263, 19.94736842105263],
 periodlist 
[0.0031622776601683798, 0.0054555947811685199, 0.0094120496726806703, 0.016237767391887217, 0.028013567611988671, 0.048329302385717518, 0.083378222347178912, 0.14384498882876623, 0.24816289228368255, 0.42813323987193919, 0.73861998220793579, 1.2742749857031335, 2.1983926488622894, 3.7926901907322494, 6.5431891297129621, 11.288378916846883, 19.474830399087551, 33.59818286283781, 57.963939533849604, 100.0],
 measuredperiodlist 
[0.003152281816532205, 0.0054555950948749887, 0.00950172615500142, 0.015977613453850761, 0.028013580126777939, 0.048329271173325583, 0.083378047642754596, 0.14384489140811296, 0.33037192378677654, 0.42813679561736473, 0.73860347025158479, 0.55945591590523602, 2.1983556723788618, 3.7927127497050788, 1.1765559273124737, 11.28512041849975, 19.46814342208479, 33.589541267167036, 57.944591243456564, 100.06749416834211],
 siglist 
[0.26549999999999996, 1.0, 1.0, 1.0, 1.0, 1.0, 1.0, 1.0, 0.9984, 1.0, 0.9999, 1.0, 1.0, 1.0, 1.0, 1.0, 1.0, 1.0, 1.0, 1.0],
 powerlist 
[0.077710641752232537, 0.22453966981633516, 0.27272680754581102, 0.18108764932575877, 0.20390661149528097, 0.13067771930654926, 0.15837459838942569, 0.18214120773385667, 0.10447449343021933, 0.22021175029656953, 0.10431588058809985, 0.22656282647832443, 0.1799855558038993, 0.17767217245191935, 0.14838629827946775, 0.16996391510916936, 0.19307269617709244, 0.18550298103359655, 0.25198608242853254, 0.22979666324642736],
 listnumberlist 
[0, 0, 0, 0, 0, 0, 0, 0, 0, 0, 0, 0, 0, 0, 0, 0, 0, 0, 0, 0],
 end of file
