fullmaglist 
[17.736842105263158, 17.736842105263158, 17.736842105263158, 17.736842105263158, 17.736842105263158, 17.736842105263158, 17.736842105263158, 17.736842105263158, 17.736842105263158, 17.736842105263158, 17.736842105263158, 17.736842105263158, 17.736842105263158, 17.736842105263158, 17.736842105263158, 17.736842105263158, 17.736842105263158, 17.736842105263158, 17.736842105263158, 17.736842105263158],
 periodlist 
[0.0031622776601683798, 0.0054555947811685199, 0.0094120496726806703, 0.016237767391887217, 0.028013567611988671, 0.048329302385717518, 0.083378222347178912, 0.14384498882876623, 0.24816289228368255, 0.42813323987193919, 0.73861998220793579, 1.2742749857031335, 2.1983926488622894, 3.7926901907322494, 6.5431891297129621, 11.288378916846883, 19.474830399087551, 33.59818286283781, 57.963939533849604, 100.0],
 measuredperiodlist 
[0.0031622776368889723, 0.0054259122853593036, 0.0094120483696867336, 0.01623776194957809, 0.028013573847115752, 0.048329268440753206, 0.083378100134346045, 0.14384531486372959, 0.24816301335925842, 0.42813589655471485, 0.73861094273179506, 1.2743061875315584, 0.68603418743258204, 3.7927514437728509, 6.542777320437656, 11.28868655045758, 19.484068596560334, 33.596845557881352, 57.79374059979461, 99.86209427951033],
 siglist 
[0.45699999999999996, 1.0, 1.0, 1.0, 1.0, 0.9992, 0.9942, 1.0, 1.0, 1.0, 1.0, 1.0, 1.0, 1.0, 1.0, 1.0, 1.0, 1.0, 1.0, 1.0],
 powerlist 
[0.083757909734457944, 0.20372395467531146, 0.16901995899700389, 0.12644259627865545, 0.1958146452315401, 0.10888085347427998, 0.097031349132749342, 0.20172997805949142, 0.13229853365824262, 0.18309047384696983, 0.19084004235632654, 0.19139788027072233, 0.16806242196372248, 0.14562622216599941, 0.11868835534102978, 0.13798952827005315, 0.17383514757787838, 0.22304703658096445, 0.22414285200611245, 0.2039405218381318],
 listnumberlist 
[0, 0, 0, 0, 0, 0, 0, 0, 0, 0, 0, 0, 0, 0, 0, 0, 0, 0, 0, 0],
 end of file
