fullmaglist 
[21.05263157894737, 21.05263157894737, 21.05263157894737, 21.05263157894737, 21.05263157894737, 21.05263157894737, 21.05263157894737, 21.05263157894737, 21.05263157894737, 21.05263157894737, 21.05263157894737, 21.05263157894737, 21.05263157894737, 21.05263157894737, 21.05263157894737, 21.05263157894737, 21.05263157894737, 21.05263157894737, 21.05263157894737, 21.05263157894737],
 periodlist 
[0.0031622776601683798, 0.0054555947811685199, 0.0094120496726806703, 0.016237767391887217, 0.028013567611988671, 0.048329302385717518, 0.083378222347178912, 0.14384498882876623, 0.24816289228368255, 0.42813323987193919, 0.73861998220793579, 1.2742749857031335, 2.1983926488622894, 3.7926901907322494, 6.5431891297129621, 11.288378916846883, 19.474830399087551, 33.59818286283781, 57.963939533849604, 100.0],
 measuredperiodlist 
[0.0031622778889874251, 0.0054555955526927437, 0.0094120508082232331, 0.01623775506552037, 0.028013578250455327, 0.048329250361475042, 0.083378276423547976, 0.14384572656446212, 0.24816268169916306, 0.42813552533820948, 0.73859430173392859, 1.2742559640917239, 2.1982510226689658, 3.7928199957487809, 6.5432260956811179, 11.28517329230721, 19.469692274540385, 33.602342257849827, 57.933640668202344, 99.957503852134224],
 siglist 
[0.12139999999999995, 1.0, 0.9872, 1.0, 1.0, 0.8052, 0.9998, 1.0, 0.9997, 1.0, 1.0, 1.0, 1.0, 1.0, 1.0, 0.9888, 1.0, 1.0, 1.0, 1.0],
 powerlist 
[0.08434807992166464, 0.21122611036149536, 0.10782898193398542, 0.1642749008084318, 0.24513361266087488, 0.091811684544138475, 0.12419189289104092, 0.1573215273260124, 0.12298001796307799, 0.15797276388032547, 0.18550469878547599, 0.13675285091556635, 0.18271873920369033, 0.18605345180168642, 0.14441287731322672, 0.093585128361462586, 0.15783208860257322, 0.21191776302247345, 0.19748451896416497, 0.26448562356305616],
 listnumberlist 
[0, 0, 0, 0, 0, 0, 0, 0, 0, 0, 0, 0, 0, 0, 0, 0, 0, 0, 0, 0],
 end of file
