fullmaglist 
[21.789473684210527, 21.789473684210527, 21.789473684210527, 21.789473684210527, 21.789473684210527, 21.789473684210527, 21.789473684210527, 21.789473684210527, 21.789473684210527, 21.789473684210527, 21.789473684210527, 21.789473684210527, 21.789473684210527, 21.789473684210527, 21.789473684210527, 21.789473684210527, 21.789473684210527, 21.789473684210527, 21.789473684210527, 21.789473684210527],
 periodlist 
[0.0031622776601683798, 0.0054555947811685199, 0.0094120496726806703, 0.016237767391887217, 0.028013567611988671, 0.048329302385717518, 0.083378222347178912, 0.14384498882876623, 0.24816289228368255, 0.42813323987193919, 0.73861998220793579, 1.2742749857031335, 2.1983926488622894, 3.7926901907322494, 6.5431891297129621, 11.288378916846883, 19.474830399087551, 33.59818286283781, 57.963939533849604, 100.0],
 measuredperiodlist 
[0.0031622776119771697, 0.0054259115806708875, 0.0094120505277726918, 0.016237759865149873, 0.028013555890697078, 0.048329266999070267, 0.083378248912732433, 0.14384513701204174, 0.24816341282690513, 0.42813204358472595, 0.73859171119925171, 1.2742135567925885, 2.1985723333080629, 3.7929566267125989, 6.5442767093642624, 11.292839008546622, 19.458298298066545, 33.589835831052234, 58.096134046319776, 100.33056006261378],
 siglist 
[0.3449, 0.9796, 0.956, 0.9744, 1.0, 0.9216, 0.8886000000000001, 1.0, 0.47740000000000005, 1.0, 1.0, 0.9994, 1.0, 0.9551, 0.9985, 0.9942, 1.0, 1.0, 1.0, 1.0],
 powerlist 
[0.089986914429094372, 0.10433113821367924, 0.10187498021539332, 0.097748516522134954, 0.16988874933481601, 0.093972919293689519, 0.09349219584504774, 0.17804425300046123, 0.08327955198518279, 0.13922682515766152, 0.18926904529854574, 0.11545650340505789, 0.13517535997428606, 0.090179607921166888, 0.10518836193049774, 0.098903307235097826, 0.11687178204756565, 0.14284860080114564, 0.13077512071190867, 0.14530913313300861],
 listnumberlist 
[0, 0, 0, 0, 0, 0, 0, 0, 0, 0, 0, 0, 0, 0, 0, 0, 0, 0, 0, 0],
 end of file
