fullmaglist 
[18.842105263157894, 18.842105263157894, 18.842105263157894, 18.842105263157894, 18.842105263157894, 18.842105263157894, 18.842105263157894, 18.842105263157894, 18.842105263157894, 18.842105263157894, 18.842105263157894, 18.842105263157894, 18.842105263157894, 18.842105263157894, 18.842105263157894, 18.842105263157894, 18.842105263157894, 18.842105263157894, 18.842105263157894, 18.842105263157894],
 periodlist 
[0.0031622776601683798, 0.0054555947811685199, 0.0094120496726806703, 0.016237767391887217, 0.028013567611988671, 0.048329302385717518, 0.083378222347178912, 0.14384498882876623, 0.24816289228368255, 0.42813323987193919, 0.73861998220793579, 1.2742749857031335, 2.1983926488622894, 3.7926901907322494, 6.5431891297129621, 11.288378916846883, 19.474830399087551, 33.59818286283781, 57.963939533849604, 100.0],
 measuredperiodlist 
[0.0032955936113464759, 0.0054555943400390276, 0.0034924918459097289, 0.011334147403843912, 0.085842813069685192, 0.010358440941719629, 0.064376160981074959, 0.17089684184863335, 0.026763437773609164, 0.42813169110633664, 0.73861537271762301, 1.2735652789304845, 0.64488666521720062, 3.7925599696948709, 6.5427099620320224, 48.175869065496258, 19.474943296220456, 33.602235310832334, 57.941942965840568, 51.497545941824889],
 siglist 
[0.036800000000000055, 0.8693, 0.1765, 0.8169, 0.7774, 0.14849999999999997, 0.2986, 0.41690000000000005, 0.8523000000000001, 0.9992, 0.9904, 0.2681, 0.5381, 0.7085, 0.985, 0.40449999999999997, 0.7954, 0.8768, 0.9695, 0.14170000000000005],
 powerlist 
[0.20233798007439344, 0.22104146590208484, 0.17012682542686922, 0.22381710812571434, 0.18863414976783033, 0.19733718610312181, 0.18592303435292176, 0.16444401884212703, 0.22519161369680044, 0.24800679423020261, 0.21133801066868407, 0.14301764186948293, 0.14769412842284368, 0.15839805709471913, 0.1983239742898818, 0.15820175452382676, 0.16434580968096368, 0.17794993494805256, 0.20776004884596644, 0.14719783717264229],
 listnumberlist 
[0, 0, 0, 0, 0, 0, 0, 0, 0, 0, 0, 0, 0, 0, 0, 0, 0, 0, 0, 0],
 end of file
