fullmaglist 
[22.157894736842106, 22.157894736842106, 22.157894736842106, 22.157894736842106, 22.157894736842106, 22.157894736842106, 22.157894736842106, 22.157894736842106, 22.157894736842106, 22.157894736842106, 22.157894736842106, 22.157894736842106, 22.157894736842106, 22.157894736842106, 22.157894736842106, 22.157894736842106, 22.157894736842106, 22.157894736842106, 22.157894736842106, 22.157894736842106],
 periodlist 
[0.0031622776601683798, 0.0054555947811685199, 0.0094120496726806703, 0.016237767391887217, 0.028013567611988671, 0.048329302385717518, 0.083378222347178912, 0.14384498882876623, 0.24816289228368255, 0.42813323987193919, 0.73861998220793579, 1.2742749857031335, 2.1983926488622894, 3.7926901907322494, 6.5431891297129621, 11.288378916846883, 19.474830399087551, 33.59818286283781, 57.963939533849604, 100.0],
 measuredperiodlist 
[0.0031622775055490326, 0.0054856044806467419, 0.0094120496422048765, 0.016506523381673528, 0.028013568286739288, 0.048329294214910341, 0.083378237245671477, 0.1257122244510975, 0.33037325384310334, 0.29953750507089838, 2.847744404421817, 4.5875431631857797, 2.1983837166516307, 3.792671013990462, 6.5436199954307899, 11.288225148775128, 19.46814342208479, 33.58692261989593, 57.913434293881849, 99.922437139753384],
 siglist 
[0.8828, 1.0, 1.0, 1.0, 1.0, 1.0, 1.0, 1.0, 0.9995, 1.0, 0.9999, 1.0, 1.0, 1.0, 1.0, 1.0, 1.0, 0.9999, 1.0, 1.0],
 powerlist 
[0.093309759395832303, 0.184786038812603, 0.17555087936059527, 0.18255494017249535, 0.19017838877881948, 0.13930659994118794, 0.15498845030923186, 0.16015074881159289, 0.12756901373098326, 0.19995029661326727, 0.14566417408772986, 0.21822344179360165, 0.14855215625594947, 0.13673608929275247, 0.15604337508557972, 0.13548582908831103, 0.15135926141815775, 0.12972071593185408, 0.19851405603965183, 0.2156376867281341],
 listnumberlist 
[0, 0, 0, 0, 0, 0, 0, 0, 0, 0, 0, 0, 0, 0, 0, 0, 0, 0, 0, 0],
 end of file
