fullmaglist 
[19.57894736842105, 19.57894736842105, 19.57894736842105, 19.57894736842105, 19.57894736842105, 19.57894736842105, 19.57894736842105, 19.57894736842105, 19.57894736842105, 19.57894736842105, 19.57894736842105, 19.57894736842105, 19.57894736842105, 19.57894736842105, 19.57894736842105, 19.57894736842105, 19.57894736842105, 19.57894736842105, 19.57894736842105, 19.57894736842105],
 periodlist 
[0.0031622776601683798, 0.0054555947811685199, 0.0094120496726806703, 0.016237767391887217, 0.028013567611988671, 0.048329302385717518, 0.083378222347178912, 0.14384498882876623, 0.24816289228368255, 0.42813323987193919, 0.73861998220793579, 1.2742749857031335, 2.1983926488622894, 3.7926901907322494, 6.5431891297129621, 11.288378916846883, 19.474830399087551, 33.59818286283781, 57.963939533849604, 100.0],
 measuredperiodlist 
[0.0031622773891508203, 0.0054555957220368493, 0.0094120494033112356, 0.016237765753756912, 0.028013570370085783, 0.048329339787105192, 0.083378151022930586, 0.14384485744992789, 0.24816222584008818, 0.4281347726262269, 0.73861860718298089, 1.2742241884295396, 2.1985094453531664, 3.7927620876768917, 6.5430977018054675, 11.288203451422563, 19.476991621499643, 33.595886730993833, 58.033754127722538, 99.870204026075072],
 siglist 
[0.05279999999999996, 1.0, 1.0, 1.0, 1.0, 0.9988, 0.7545999999999999, 1.0, 1.0, 1.0, 1.0, 1.0, 1.0, 1.0, 1.0, 1.0, 1.0, 1.0, 1.0, 1.0],
 powerlist 
[0.080179442816912153, 0.20977180047444549, 0.21443293815225939, 0.16168991609289574, 0.26591523030430148, 0.10940663064557082, 0.087581322557471808, 0.22930540247249398, 0.14024876842495712, 0.16243158260373314, 0.1547535311450404, 0.19106063242019536, 0.14576849801257671, 0.16812608478670321, 0.16728576507635823, 0.12024798985220134, 0.13848786683438832, 0.19217198821684689, 0.19856725564694008, 0.2805341578828966],
 listnumberlist 
[0, 0, 0, 0, 0, 0, 0, 0, 0, 0, 0, 0, 0, 0, 0, 0, 0, 0, 0, 0],
 end of file
