fullmaglist 
[17.736842105263158, 17.736842105263158, 17.736842105263158, 17.736842105263158, 17.736842105263158, 17.736842105263158, 17.736842105263158, 17.736842105263158, 17.736842105263158, 17.736842105263158, 17.736842105263158, 17.736842105263158, 17.736842105263158, 17.736842105263158, 17.736842105263158, 17.736842105263158, 17.736842105263158, 17.736842105263158, 17.736842105263158, 17.736842105263158],
 periodlist 
[0.0031622776601683798, 0.0054555947811685199, 0.0094120496726806703, 0.016237767391887217, 0.028013567611988671, 0.048329302385717518, 0.083378222347178912, 0.14384498882876623, 0.24816289228368255, 0.42813323987193919, 0.73861998220793579, 1.2742749857031335, 2.1983926488622894, 3.7926901907322494, 6.5431891297129621, 11.288378916846883, 19.474830399087551, 33.59818286283781, 57.963939533849604, 100.0],
 measuredperiodlist 
[0.0073121412576888454, 0.0043011071564979155, 0.0076251190180104782, 0.016237762386478807, 0.028013560334491951, 0.04832918422551357, 0.07694516439761459, 0.014449382986453667, 0.013067381930030337, 0.42813372728662275, 2.8478261545815764, 1.2741905190012854, 1.739791092680526, 4.0552233116212033, 6.5430853992521225, 11.284392225786336, 19.465855901928663, 33.583761293624811, 57.996955555782421, 99.935124439075025],
 siglist 
[0.9479, 0.97, 0.6482, 0.13439999999999996, 0.9793, 0.7458, 0.28869999999999996, 0.0393, 0.4567, 0.9976, 0.22019999999999995, 0.3365, 0.8485, 0.05269999999999997, 0.9771, 0.9917, 0.8788, 0.9999, 0.9989, 0.9999],
 powerlist 
[0.21108628166351689, 0.22936751966438773, 0.20902995006357197, 0.16205369843827686, 0.20384237026291074, 0.18396106222311995, 0.16573558941091343, 0.15396734034513043, 0.17018411407290712, 0.24399175357300623, 0.13802190001207271, 0.13662538171376465, 0.16270947381304596, 0.12010086185056165, 0.19163214916154997, 0.19947112603691949, 0.15478884667916451, 0.23344084718952435, 0.20536381322930874, 0.23060481784599968],
 listnumberlist 
[0, 0, 0, 0, 0, 0, 0, 0, 0, 0, 0, 0, 0, 0, 0, 0, 0, 0, 0, 0],
 end of file
