fullmaglist 
[23.263157894736842, 23.263157894736842, 23.263157894736842, 23.263157894736842, 23.263157894736842, 23.263157894736842, 23.263157894736842, 23.263157894736842, 23.263157894736842, 23.263157894736842, 23.263157894736842, 23.263157894736842, 23.263157894736842, 23.263157894736842, 23.263157894736842, 23.263157894736842, 23.263157894736842, 23.263157894736842, 23.263157894736842, 23.263157894736842],
 periodlist 
[0.0031622776601683798, 0.0054555947811685199, 0.0094120496726806703, 0.016237767391887217, 0.028013567611988671, 0.048329302385717518, 0.083378222347178912, 0.14384498882876623, 0.24816289228368255, 0.42813323987193919, 0.73861998220793579, 1.2742749857031335, 2.1983926488622894, 3.7926901907322494, 6.5431891297129621, 11.288378916846883, 19.474830399087551, 33.59818286283781, 57.963939533849604, 100.0],
 measuredperiodlist 
[0.0031622773990235523, 0.0054555945919530823, 0.0094120486549293617, 0.01623777699206427, 0.028013579618014949, 0.048329344270835024, 0.083378324486639108, 0.14384509669091708, 0.24816133229293258, 0.42813246970896368, 0.7386164074218633, 1.2742780280807833, 2.1983484884698736, 3.7926803708556021, 0.86540331767552625, 11.284267251517075, 19.468469709900351, 33.569342267975713, 58.064230196922935, 100.20944403136406],
 siglist 
[0.02949999999999997, 0.9995, 0.9817, 0.9731, 0.9965, 0.9892, 0.8882, 0.9905, 0.9109, 1.0, 1.0, 0.9911, 0.998, 0.9999, 0.978, 0.9551, 0.9999, 0.9998, 0.995, 1.0],
 powerlist 
[0.090290916219201767, 0.13981564341377961, 0.12116355991636188, 0.12330466827661321, 0.12875339650583756, 0.12002931713831828, 0.10752666431379013, 0.1235711807858014, 0.10737310851854098, 0.15649168332425323, 0.15873295972573409, 0.11006677548463807, 0.12040916745302876, 0.14412222253615189, 0.10284682110878618, 0.09762272789245699, 0.12756222450938701, 0.13386845900053884, 0.10853703898852383, 0.18554817991161154],
 listnumberlist 
[0, 0, 0, 0, 0, 0, 0, 0, 0, 0, 0, 0, 0, 0, 0, 0, 0, 0, 0, 0],
 end of file
