fullmaglist 
[19.210526315789473, 19.210526315789473, 19.210526315789473, 19.210526315789473, 19.210526315789473, 19.210526315789473, 19.210526315789473, 19.210526315789473, 19.210526315789473, 19.210526315789473, 19.210526315789473, 19.210526315789473, 19.210526315789473, 19.210526315789473, 19.210526315789473, 19.210526315789473, 19.210526315789473, 19.210526315789473, 19.210526315789473, 19.210526315789473],
 periodlist 
[0.0031622776601683798, 0.0054555947811685199, 0.0094120496726806703, 0.016237767391887217, 0.028013567611988671, 0.048329302385717518, 0.083378222347178912, 0.14384498882876623, 0.24816289228368255, 0.42813323987193919, 0.73861998220793579, 1.2742749857031335, 2.1983926488622894, 3.7926901907322494, 6.5431891297129621, 11.288378916846883, 19.474830399087551, 33.59818286283781, 57.963939533849604, 100.0],
 measuredperiodlist 
[0.0031723368518665725, 0.005425912772122273, 0.00950172615500142, 0.015977613750126816, 0.027248155395247897, 0.048329313190349589, 0.083378071847334256, 0.14384513154691056, 0.3303736338611637, 0.42813541284788975, 0.73861739945497684, 1.2742759638915899, 0.68605425365815398, 3.7925291194311499, 6.542849820386512, 11.288816719668699, 19.487076115200924, 33.605261729786264, 57.934851096069849, 99.824038340197973],
 siglist 
[0.8642, 1.0, 1.0, 1.0, 1.0, 1.0, 1.0, 1.0, 1.0, 1.0, 1.0, 1.0, 1.0, 1.0, 1.0, 1.0, 1.0, 1.0, 1.0, 1.0],
 powerlist 
[0.087083366561351266, 0.26496123061206578, 0.24138459230694215, 0.18535029052366064, 0.26936879666558677, 0.16734819529275918, 0.19900202771590339, 0.18264178775098355, 0.18413173811837191, 0.23919866302915441, 0.17686073777435687, 0.23180108380719516, 0.15413879048525178, 0.21667864474113166, 0.15133878701593803, 0.17634396396720947, 0.18403968150066105, 0.24443838606904944, 0.18124522995844411, 0.20229143858411375],
 listnumberlist 
[0, 0, 0, 0, 0, 0, 0, 0, 0, 0, 0, 0, 0, 0, 0, 0, 0, 0, 0, 0],
 end of file
