fullmaglist 
[18.473684210526315, 18.473684210526315, 18.473684210526315, 18.473684210526315, 18.473684210526315, 18.473684210526315, 18.473684210526315, 18.473684210526315, 18.473684210526315, 18.473684210526315, 18.473684210526315, 18.473684210526315, 18.473684210526315, 18.473684210526315, 18.473684210526315, 18.473684210526315, 18.473684210526315, 18.473684210526315, 18.473684210526315, 18.473684210526315],
 periodlist 
[0.0031622776601683798, 0.0054555947811685199, 0.0094120496726806703, 0.016237767391887217, 0.028013567611988671, 0.048329302385717518, 0.083378222347178912, 0.14384498882876623, 0.24816289228368255, 0.42813323987193919, 0.73861998220793579, 1.2742749857031335, 2.1983926488622894, 3.7926901907322494, 6.5431891297129621, 11.288378916846883, 19.474830399087551, 33.59818286283781, 57.963939533849604, 100.0],
 measuredperiodlist 
[0.003172336916104869, 0.0054555955612022311, 0.0094120517498384008, 0.016237761464882802, 0.028013586502187514, 0.048329315901127837, 0.071433653348592169, 0.14384475933211605, 0.24816201748295469, 0.42813456191726773, 0.73860916849856295, 1.2743070591554013, 2.1983753032946711, 3.7925958920188148, 6.5430485578798958, 11.28563775493887, 19.475183845960924, 33.585613449367102, 57.964081366757718, 100.10818563845935],
 siglist 
[0.1614, 1.0, 1.0, 1.0, 1.0, 0.9948, 1.0, 1.0, 1.0, 1.0, 1.0, 1.0, 1.0, 1.0, 1.0, 1.0, 1.0, 1.0, 1.0, 1.0],
 powerlist 
[0.080121585827839306, 0.20434686785832559, 0.1939480842462368, 0.14995112136277977, 0.1922640149400178, 0.098896541097248727, 0.18088246688880416, 0.19579248687041442, 0.18694483649215379, 0.18693433852199162, 0.11139783256706359, 0.16757156612910606, 0.16056075689012611, 0.1610349717460581, 0.14341477632503152, 0.1625201494442369, 0.15763314326284994, 0.12504544537054232, 0.24241593062130401, 0.26603254096352819],
 listnumberlist 
[0, 0, 0, 0, 0, 0, 0, 0, 0, 0, 0, 0, 0, 0, 0, 0, 0, 0, 0, 0],
 end of file
