fullmaglist 
[18.842105263157894, 18.842105263157894, 18.842105263157894, 18.842105263157894, 18.842105263157894, 18.842105263157894, 18.842105263157894, 18.842105263157894, 18.842105263157894, 18.842105263157894, 18.842105263157894, 18.842105263157894, 18.842105263157894, 18.842105263157894, 18.842105263157894, 18.842105263157894, 18.842105263157894, 18.842105263157894, 18.842105263157894, 18.842105263157894],
 periodlist 
[0.0031622776601683798, 0.0054555947811685199, 0.0094120496726806703, 0.016237767391887217, 0.028013567611988671, 0.048329302385717518, 0.083378222347178912, 0.14384498882876623, 0.24816289228368255, 0.42813323987193919, 0.73861998220793579, 1.2742749857031335, 2.1983926488622894, 3.7926901907322494, 6.5431891297129621, 11.288378916846883, 19.474830399087551, 33.59818286283781, 57.963939533849604, 100.0],
 measuredperiodlist 
[0.0031622776368889723, 0.0054555950051675024, 0.0094120487839067391, 0.016237764107089974, 0.028013556875966242, 0.048329325778815407, 0.08337839675484314, 0.14384469808055278, 0.24816337331367042, 0.42813482519586599, 0.73860966728167299, 1.2743004928472095, 2.1983194007920304, 3.7928271153354514, 6.5435780763792488, 11.28861206753208, 19.46766277636231, 33.571135568041576, 57.960159276180391, 100.12507796902497],
 siglist 
[0.18710000000000004, 1.0, 1.0, 1.0, 1.0, 1.0, 1.0, 1.0, 0.9973, 1.0, 1.0, 1.0, 1.0, 1.0, 1.0, 1.0, 1.0, 1.0, 1.0, 1.0],
 powerlist 
[0.077408473257819355, 0.20695922978069511, 0.1489501238144833, 0.14972751220223054, 0.16426644075010571, 0.13436256850625869, 0.13993539312802994, 0.20584758259124258, 0.10075673057364674, 0.16729527553417992, 0.1420011750817945, 0.16628552757452983, 0.11868807297854159, 0.17776454713046588, 0.13567408357540517, 0.13181067996648588, 0.13503814492448338, 0.1415618362964231, 0.16644555629019545, 0.26628877002519891],
 listnumberlist 
[0, 0, 0, 0, 0, 0, 0, 0, 0, 0, 0, 0, 0, 0, 0, 0, 0, 0, 0, 0],
 end of file
