fullmaglist 
[22.157894736842106, 22.157894736842106, 22.157894736842106, 22.157894736842106, 22.157894736842106, 22.157894736842106, 22.157894736842106, 22.157894736842106, 22.157894736842106, 22.157894736842106, 22.157894736842106, 22.157894736842106, 22.157894736842106, 22.157894736842106, 22.157894736842106, 22.157894736842106, 22.157894736842106, 22.157894736842106, 22.157894736842106, 22.157894736842106],
 periodlist 
[0.0031622776601683798, 0.0054555947811685199, 0.0094120496726806703, 0.016237767391887217, 0.028013567611988671, 0.048329302385717518, 0.083378222347178912, 0.14384498882876623, 0.24816289228368255, 0.42813323987193919, 0.73861998220793579, 1.2742749857031335, 2.1983926488622894, 3.7926901907322494, 6.5431891297129621, 11.288378916846883, 19.474830399087551, 33.59818286283781, 57.963939533849604, 100.0],
 measuredperiodlist 
[0.0031622774299418861, 0.0054555931734799005, 0.0094120519300255629, 0.016237777811615752, 0.028013569554989546, 0.048329246664233216, 0.083378138869651813, 0.14384407255463361, 0.2481610244922301, 0.42814161854307414, 0.73859214295376929, 1.2741326052408892, 2.1983542908460829, 3.7924898448880437, 6.5436666345407302, 11.287492081697373, 19.463393954385708, 33.620224745610813, 57.970853809442985, 99.689358115367781],
 siglist 
[0.16949999999999998, 0.9999, 1.0, 1.0, 1.0, 0.8479, 0.5732999999999999, 1.0, 0.675, 0.9383, 1.0, 0.9909, 0.9995, 1.0, 1.0, 1.0, 1.0, 1.0, 1.0, 1.0],
 powerlist 
[0.1296929283271262, 0.15244050828807065, 0.17114795672027516, 0.17105752804398455, 0.17431104990061805, 0.09688968032571961, 0.092497326238486818, 0.19900704711672459, 0.10908559392978599, 0.11352526265345547, 0.16427102977064617, 0.11078646949361096, 0.13657441221527586, 0.15946910603015976, 0.1879336015124623, 0.14320843722313159, 0.13453767332081051, 0.16134090286468686, 0.14799058896265005, 0.25281616495705889],
 listnumberlist 
[0, 0, 0, 0, 0, 0, 0, 0, 0, 0, 0, 0, 0, 0, 0, 0, 0, 0, 0, 0],
 end of file
