fullmaglist 
[17.736842105263158, 17.736842105263158, 17.736842105263158, 17.736842105263158, 17.736842105263158, 17.736842105263158, 17.736842105263158, 17.736842105263158, 17.736842105263158, 17.736842105263158, 17.736842105263158, 17.736842105263158, 17.736842105263158, 17.736842105263158, 17.736842105263158, 17.736842105263158, 17.736842105263158, 17.736842105263158, 17.736842105263158, 17.736842105263158],
 periodlist 
[0.0031622776601683798, 0.0054555947811685199, 0.0094120496726806703, 0.016237767391887217, 0.028013567611988671, 0.048329302385717518, 0.083378222347178912, 0.14384498882876623, 0.24816289228368255, 0.42813323987193919, 0.73861998220793579, 1.2742749857031335, 2.1983926488622894, 3.7926901907322494, 6.5431891297129621, 11.288378916846883, 19.474830399087551, 33.59818286283781, 57.963939533849604, 100.0],
 measuredperiodlist 
[0.0031622776673792172, 0.0054555947753259426, 0.0094120492657454643, 0.015977610685737019, 0.028013564586154383, 0.048329283636676941, 0.083378100354642215, 0.14384495687198828, 0.24816321785908599, 0.42813494504202959, 0.73862236702441719, 1.2743048002360049, 2.1984001909281532, 3.792296334897487, 6.5437005246024, 11.29152702936085, 19.483803296223702, 33.577338710303451, 57.907089090450619, 99.957503852134224],
 siglist 
[0.4596, 1.0, 1.0, 1.0, 1.0, 0.9938, 0.9976, 1.0, 1.0, 1.0, 1.0, 1.0, 1.0, 1.0, 1.0, 1.0, 1.0, 1.0, 1.0, 1.0],
 powerlist 
[0.086986947640624673, 0.2286603178409643, 0.13556762705424516, 0.14748542322574698, 0.23521510997105527, 0.10572292539906553, 0.10726380725313925, 0.20068791934405072, 0.14286068952943237, 0.17104354808708466, 0.13069966701726099, 0.14964001643668898, 0.14762932751682764, 0.1815532191771998, 0.13389093438943206, 0.13378390166196091, 0.14639998970213647, 0.18719607741599426, 0.1752846760315997, 0.18918234419101748],
 listnumberlist 
[0, 0, 0, 0, 0, 0, 0, 0, 0, 0, 0, 0, 0, 0, 0, 0, 0, 0, 0, 0],
 end of file
