fullmaglist 
[22.526315789473685, 22.526315789473685, 22.526315789473685, 22.526315789473685, 22.526315789473685, 22.526315789473685, 22.526315789473685, 22.526315789473685, 22.526315789473685, 22.526315789473685, 22.526315789473685, 22.526315789473685, 22.526315789473685, 22.526315789473685, 22.526315789473685, 22.526315789473685, 22.526315789473685, 22.526315789473685, 22.526315789473685, 22.526315789473685],
 periodlist 
[0.0031622776601683798, 0.0054555947811685199, 0.0094120496726806703, 0.016237767391887217, 0.028013567611988671, 0.048329302385717518, 0.083378222347178912, 0.14384498882876623, 0.24816289228368255, 0.42813323987193919, 0.73861998220793579, 1.2742749857031335, 2.1983926488622894, 3.7926901907322494, 6.5431891297129621, 11.288378916846883, 19.474830399087551, 33.59818286283781, 57.963939533849604, 100.0],
 measuredperiodlist 
[0.0030332371709533412, 0.0054555947964118516, 0.0095017244565285333, 0.016237770579629072, 0.028013562838800216, 0.048329331239590323, 0.083378173273450651, 0.14384479483050525, 0.24816214947292997, 0.42813161115149062, 0.73859021721309748, 1.2743536452138924, 0.68603253693654465, 3.7920117031191913, 6.5418266772662967, 11.286824772137084, 19.472758922825594, 33.604764248311945, 58.042743969313307, 100.48378629459813],
 siglist 
[0.03480000000000005, 0.9995, 0.9411, 1.0, 1.0, 0.8257, 0.7943, 1.0, 0.9996, 1.0, 0.9943, 1.0, 1.0, 1.0, 0.9993, 0.9997, 1.0, 1.0, 1.0, 1.0],
 powerlist 
[0.12287713033253836, 0.15714163852619947, 0.12543153987115024, 0.19350922467247761, 0.18435475502158477, 0.1165316166878911, 0.12008008104762885, 0.25950486824080288, 0.13386872865272414, 0.22659095556582051, 0.1352677202870339, 0.19933934521711591, 0.14461682696937689, 0.17083143333325618, 0.11396207345848502, 0.12489289256888123, 0.15796443533656274, 0.21106273695917965, 0.20080458133991264, 0.24306162456202574],
 listnumberlist 
[0, 0, 0, 0, 0, 0, 0, 0, 0, 0, 0, 0, 0, 0, 0, 0, 0, 0, 0, 0],
 end of file
