fullmaglist 
[21.421052631578945, 21.421052631578945, 21.421052631578945, 21.421052631578945, 21.421052631578945, 21.421052631578945, 21.421052631578945, 21.421052631578945, 21.421052631578945, 21.421052631578945, 21.421052631578945, 21.421052631578945, 21.421052631578945, 21.421052631578945, 21.421052631578945, 21.421052631578945, 21.421052631578945, 21.421052631578945, 21.421052631578945, 21.421052631578945],
 periodlist 
[0.0031622776601683798, 0.0054555947811685199, 0.0094120496726806703, 0.016237767391887217, 0.028013567611988671, 0.048329302385717518, 0.083378222347178912, 0.14384498882876623, 0.24816289228368255, 0.42813323987193919, 0.73861998220793579, 1.2742749857031335, 2.1983926488622894, 3.7926901907322494, 6.5431891297129621, 11.288378916846883, 19.474830399087551, 33.59818286283781, 57.963939533849604, 100.0],
 measuredperiodlist 
[0.0031622777771651805, 0.0054555951269416392, 0.0094120485767967329, 0.0162377695008722, 0.028013559169363624, 0.050790745307459285, 0.083378226096217117, 0.14384524230072837, 0.24816254542008392, 0.42813407524786212, 0.73863836597490962, 1.2742520900851471, 2.1984521642128869, 3.7927094053205508, 6.5433528439602577, 11.290250918971076, 19.47719252379294, 33.592228044995437, 58.044713140026147, 99.774739776791961],
 siglist 
[0.013900000000000023, 1.0, 1.0, 1.0, 1.0, 0.9998, 0.9997, 1.0, 1.0, 1.0, 1.0, 1.0, 1.0, 1.0, 1.0, 1.0, 1.0, 1.0, 1.0, 1.0],
 powerlist 
[0.073331574436603583, 0.23091553983609495, 0.19952499169373139, 0.20123159723504513, 0.22466669910481138, 0.11880829424090363, 0.11091998701300709, 0.24597603012655891, 0.1433897754258229, 0.17404165439716532, 0.13987006359081303, 0.17166579398955287, 0.17009674520884502, 0.18150474465977784, 0.19218275671161522, 0.12243290471637033, 0.14304386460514795, 0.24604722549098057, 0.1800439965859004, 0.24187201527876953],
 listnumberlist 
[0, 0, 0, 0, 0, 0, 0, 0, 0, 0, 0, 0, 0, 0, 0, 0, 0, 0, 0, 0],
 end of file
