fullmaglist 
[24.0, 24.0, 24.0, 24.0, 24.0, 24.0, 24.0, 24.0, 24.0, 24.0, 24.0, 24.0, 24.0, 24.0, 24.0, 24.0, 24.0, 24.0, 24.0, 24.0],
 periodlist 
[0.0031622776601683798, 0.0054555947811685199, 0.0094120496726806703, 0.016237767391887217, 0.028013567611988671, 0.048329302385717518, 0.083378222347178912, 0.14384498882876623, 0.24816289228368255, 0.42813323987193919, 0.73861998220793579, 1.2742749857031335, 2.1983926488622894, 3.7926901907322494, 6.5431891297129621, 11.288378916846883, 19.474830399087551, 33.59818286283781, 57.963939533849604, 100.0],
 measuredperiodlist 
[0.008884785474548797, 0.0054856039104856525, 0.0041110688743101111, 0.079845806881908565, 0.02101378069188721, 0.014457866541724543, 0.010758204739038208, 0.14384399681372884, 0.034611025119129737, 0.017140475726724069, 1.1185899249766802, 0.78974469803325165, 0.621479671608409, 1.3530185461017514, 0.89371861443379874, 11.292073075764129, 14.97419987762142, 33.59194926748885, 57.923782681059691, 100.05213337863616],
 siglist 
[0.122, 0.6740999999999999, 0.9182, 0.3043, 0.46699999999999997, 0.2734, 0.6604, 0.6986, 0.42379999999999995, 0.11739999999999995, 0.9264, 0.999, 0.923, 0.7374, 0.6167, 0.6455, 0.3127, 0.2439, 0.9859, 0.999],
 powerlist 
[0.15536939876873546, 0.17295481570526011, 0.19030126927098906, 0.15382548249164649, 0.15832982689026021, 0.15290204568147497, 0.16320902281257862, 0.1695386778167737, 0.15945667474884401, 0.14740756857757609, 0.15677020628575755, 0.20494111220184369, 0.16083150393116252, 0.14100218041628407, 0.13505110341118987, 0.13625718380250346, 0.12268604746173048, 0.12609102545847867, 0.17457834640046452, 0.20101717091096327],
 listnumberlist 
[0, 0, 0, 0, 0, 0, 0, 0, 0, 0, 0, 0, 0, 0, 0, 0, 0, 0, 0, 0],
 end of file
