fullmaglist 
[23.63157894736842, 23.63157894736842, 23.63157894736842, 23.63157894736842, 23.63157894736842, 23.63157894736842, 23.63157894736842, 23.63157894736842, 23.63157894736842, 23.63157894736842, 23.63157894736842, 23.63157894736842, 23.63157894736842, 23.63157894736842, 23.63157894736842, 23.63157894736842, 23.63157894736842, 23.63157894736842, 23.63157894736842, 23.63157894736842],
 periodlist 
[0.0031622776601683798, 0.0054555947811685199, 0.0094120496726806703, 0.016237767391887217, 0.028013567611988671, 0.048329302385717518, 0.083378222347178912, 0.14384498882876623, 0.24816289228368255, 0.42813323987193919, 0.73861998220793579, 1.2742749857031335, 2.1983926488622894, 3.7926901907322494, 6.5431891297129621, 11.288378916846883, 19.474830399087551, 33.59818286283781, 57.963939533849604, 100.0],
 measuredperiodlist 
[0.0094204311098262852, 0.0054555943020343674, 0.00537604811171694, 0.016237769035515923, 0.028013573885393335, 0.013768567849902946, 0.090985344005635585, 0.38306043169343995, 0.19871490819580243, 0.015244517290699552, 0.73863779628285586, 1.6668408451432757, 1.8264929720483289, 3.7923584647074002, 6.543530558804572, 11.289927686253057, 19.475818223128034, 33.590270676227469, 57.944034423862512, 99.563813394193772],
 siglist 
[0.23409999999999997, 0.4766, 0.9818, 0.8618, 0.9999, 0.9614, 0.8456, 0.9319, 0.7745, 0.8871, 0.8976, 0.3902, 0.9709, 1.0, 0.9856, 0.6883, 0.906, 0.9999, 0.9915, 0.7958000000000001],
 powerlist 
[0.11622252336768338, 0.1165502876760395, 0.14068089164769876, 0.1218191510693481, 0.17156890295560431, 0.13237307752244931, 0.12180167344296812, 0.13014237476081644, 0.12053515265094475, 0.1240296144949643, 0.11199306993813245, 0.090815424717890905, 0.11715905915308605, 0.17268075542030858, 0.12637638239769505, 0.09856240902939585, 0.10747706933726717, 0.15578699144174918, 0.12573535289019908, 0.10693404164276175],
 listnumberlist 
[0, 0, 0, 0, 0, 0, 0, 0, 0, 0, 0, 0, 0, 0, 0, 0, 0, 0, 0, 0],
 end of file
