fullmaglist 
[17.36842105263158, 17.36842105263158, 17.36842105263158, 17.36842105263158, 17.36842105263158, 17.36842105263158, 17.36842105263158, 17.36842105263158, 17.36842105263158, 17.36842105263158, 17.36842105263158, 17.36842105263158, 17.36842105263158, 17.36842105263158, 17.36842105263158, 17.36842105263158, 17.36842105263158, 17.36842105263158, 17.36842105263158, 17.36842105263158],
 periodlist 
[0.0031622776601683798, 0.0054555947811685199, 0.0094120496726806703, 0.016237767391887217, 0.028013567611988671, 0.048329302385717518, 0.083378222347178912, 0.14384498882876623, 0.24816289228368255, 0.42813323987193919, 0.73861998220793579, 1.2742749857031335, 2.1983926488622894, 3.7926901907322494, 6.5431891297129621, 11.288378916846883, 19.474830399087551, 33.59818286283781, 57.963939533849604, 100.0],
 measuredperiodlist 
[0.003152281988745008, 0.0054555949956151357, 0.0094120498779154457, 0.016237763713351342, 0.028013568501480606, 0.048329338396696835, 0.083378221374609499, 0.14384489440131151, 0.24816398553073929, 0.42813324503150668, 0.73862347859956012, 1.2743053815637748, 2.1983857306418511, 3.7926507704276089, 6.5431486725347572, 11.287369134793384, 19.473830639956251, 33.594543021145832, 57.983676115928979, 99.899899595084804],
 siglist 
[0.7679, 1.0, 1.0, 1.0, 1.0, 0.9784, 0.9952, 1.0, 0.9989, 1.0, 0.9934, 1.0, 0.9991, 0.9902, 0.9999, 0.9832, 0.9992, 1.0, 1.0, 1.0],
 powerlist 
[0.088666018246057743, 0.17554581596068236, 0.15743391588947603, 0.13835684032155865, 0.221787993485629, 0.098754400307236312, 0.1057319238232155, 0.14156163790048262, 0.10837750272681913, 0.14342490759900939, 0.093658477549645694, 0.1831894609621964, 0.099649493099487382, 0.089787383863506542, 0.10760412199058905, 0.088353030693773316, 0.09786688423596776, 0.1604957891609568, 0.15208038237481386, 0.16152972071735858],
 listnumberlist 
[0, 0, 0, 0, 0, 0, 0, 0, 0, 0, 0, 0, 0, 0, 0, 0, 0, 0, 0, 0],
 end of file
