fullmaglist 
[20.684210526315788, 20.684210526315788, 20.684210526315788, 20.684210526315788, 20.684210526315788, 20.684210526315788, 20.684210526315788, 20.684210526315788, 20.684210526315788, 20.684210526315788, 20.684210526315788, 20.684210526315788, 20.684210526315788, 20.684210526315788, 20.684210526315788, 20.684210526315788, 20.684210526315788, 20.684210526315788, 20.684210526315788, 20.684210526315788],
 periodlist 
[0.0031622776601683798, 0.0054555947811685199, 0.0094120496726806703, 0.016237767391887217, 0.028013567611988671, 0.048329302385717518, 0.083378222347178912, 0.14384498882876623, 0.24816289228368255, 0.42813323987193919, 0.73861998220793579, 1.2742749857031335, 2.1983926488622894, 3.7926901907322494, 6.5431891297129621, 11.288378916846883, 19.474830399087551, 33.59818286283781, 57.963939533849604, 100.0],
 measuredperiodlist 
[0.0031622775439233758, 0.0054555942514760199, 0.0094120486123043263, 0.016237765910711206, 0.028013560559911374, 0.048329291122860177, 0.083378151022930586, 0.1438451530615284, 0.24816218918013164, 0.42813400882750424, 0.73863614458339422, 1.274287982163957, 2.1983397008150845, 3.792924793873016, 6.5438113642881284, 11.284487898755849, 19.46751175390386, 33.589840883017409, 57.889763046773027, 99.977190784714182],
 siglist 
[0.6422, 1.0, 1.0, 1.0, 1.0, 0.8396, 1.0, 1.0, 0.8130999999999999, 1.0, 1.0, 1.0, 0.9985, 0.9991, 1.0, 1.0, 1.0, 1.0, 1.0, 1.0],
 powerlist 
[0.095193001942842553, 0.14566703801309774, 0.1691399926103076, 0.15162103034908142, 0.21185325774505395, 0.092025480498454659, 0.12305654625771595, 0.14933345872991505, 0.089298238233704225, 0.17978128654792591, 0.15949476410360267, 0.17122120769596735, 0.10345049173573263, 0.10465446982566461, 0.13965129041529298, 0.12404030134444172, 0.15526794428140364, 0.22326993684363, 0.26111550088293067, 0.23442509715028731],
 listnumberlist 
[0, 0, 0, 0, 0, 0, 0, 0, 0, 0, 0, 0, 0, 0, 0, 0, 0, 0, 0, 0],
 end of file
