fullmaglist 
[17.36842105263158, 17.36842105263158, 17.36842105263158, 17.36842105263158, 17.36842105263158, 17.36842105263158, 17.36842105263158, 17.36842105263158, 17.36842105263158, 17.36842105263158, 17.36842105263158, 17.36842105263158, 17.36842105263158, 17.36842105263158, 17.36842105263158, 17.36842105263158, 17.36842105263158, 17.36842105263158, 17.36842105263158, 17.36842105263158],
 periodlist 
[0.0031622776601683798, 0.0054555947811685199, 0.0094120496726806703, 0.016237767391887217, 0.028013567611988671, 0.048329302385717518, 0.083378222347178912, 0.14384498882876623, 0.24816289228368255, 0.42813323987193919, 0.73861998220793579, 1.2742749857031335, 2.1983926488622894, 3.7926901907322494, 6.5431891297129621, 11.288378916846883, 19.474830399087551, 33.59818286283781, 57.963939533849604, 100.0],
 measuredperiodlist 
[0.0031622777072129529, 0.0054555939920064352, 0.0092379124347426716, 0.016237777031235814, 0.044275611339324561, 0.048329398626272044, 0.083378260660392986, 0.14384448744042724, 0.24816492376364713, 0.29953389079402432, 0.73862557972606135, 0.55944344293263915, 2.1983250965283507, 3.7922740678884272, 6.5431354608036276, 11.289009987611625, 19.475830325559794, 33.548848176326899, 58.04813229427937, 99.894267805944779],
 siglist 
[0.3124, 0.6172, 0.21299999999999997, 0.9998, 0.4164, 0.6429, 0.6349, 0.5650999999999999, 0.4084, 0.8909, 0.9858, 0.6638999999999999, 0.4105, 0.9997, 0.9818, 0.7235, 0.9793, 0.9444, 0.8021, 1.0],
 powerlist 
[0.16819669889486194, 0.17723828878804973, 0.16230479152435037, 0.24270065664545232, 0.16028811985341096, 0.16974835132716193, 0.16825938681044639, 0.16461278757318218, 0.16200367692291276, 0.18437921537923932, 0.18039265145304451, 0.14046566966556842, 0.13365405370780684, 0.2151170012440855, 0.18009827456869482, 0.14503128384480876, 0.18126058865899131, 0.16575639540913134, 0.14978488282091737, 0.28868737493541374],
 listnumberlist 
[0, 0, 0, 0, 0, 0, 0, 0, 0, 0, 0, 0, 0, 0, 0, 0, 0, 0, 0, 0],
 end of file
