fullmaglist 
[21.421052631578945, 21.421052631578945, 21.421052631578945, 21.421052631578945, 21.421052631578945, 21.421052631578945, 21.421052631578945, 21.421052631578945, 21.421052631578945, 21.421052631578945, 21.421052631578945, 21.421052631578945, 21.421052631578945, 21.421052631578945, 21.421052631578945, 21.421052631578945, 21.421052631578945, 21.421052631578945, 21.421052631578945, 21.421052631578945],
 periodlist 
[0.0031622776601683798, 0.0054555947811685199, 0.0094120496726806703, 0.016237767391887217, 0.028013567611988671, 0.048329302385717518, 0.083378222347178912, 0.14384498882876623, 0.24816289228368255, 0.42813323987193919, 0.73861998220793579, 1.2742749857031335, 2.1983926488622894, 3.7926901907322494, 6.5431891297129621, 11.288378916846883, 19.474830399087551, 33.59818286283781, 57.963939533849604, 100.0],
 measuredperiodlist 
[0.0031622776545932579, 0.0054555952797272506, 0.0094120486305843323, 0.016237774256437722, 0.028013552993372444, 0.048329333076793678, 0.083378159047000522, 0.14384482616859229, 0.2481633394669831, 0.42813297711268505, 0.73862175206483816, 1.2742807028759151, 2.1983787816389122, 3.7925767887906798, 6.5427850460292349, 11.286775114897114, 19.478713729043907, 33.619407963551815, 57.975331013282407, 99.7660784517319],
 siglist 
[0.9862, 1.0, 0.5361, 0.9999, 1.0, 0.9217, 0.8033, 1.0, 0.9663, 1.0, 0.976, 1.0, 0.9863, 1.0, 0.9995, 0.9719, 1.0, 1.0, 1.0, 1.0],
 powerlist 
[0.11304603539896163, 0.16483242058585582, 0.090452540988204266, 0.1251374422638645, 0.21192748513070012, 0.095344054259524288, 0.09293154273146069, 0.17187796061277213, 0.10110658026934317, 0.15781037509368695, 0.090595765744526338, 0.13429797765253562, 0.095279917256071864, 0.13123429376789089, 0.11113124016305811, 0.090347715182194338, 0.15888868842601583, 0.13989589476924594, 0.16673527732294149, 0.17209667311282204],
 listnumberlist 
[0, 0, 0, 0, 0, 0, 0, 0, 0, 0, 0, 0, 0, 0, 0, 0, 0, 0, 0, 0],
 end of file
