fullmaglist 
[21.789473684210527, 21.789473684210527, 21.789473684210527, 21.789473684210527, 21.789473684210527, 21.789473684210527, 21.789473684210527, 21.789473684210527, 21.789473684210527, 21.789473684210527, 21.789473684210527, 21.789473684210527, 21.789473684210527, 21.789473684210527, 21.789473684210527, 21.789473684210527, 21.789473684210527, 21.789473684210527, 21.789473684210527, 21.789473684210527],
 periodlist 
[0.0031622776601683798, 0.0054555947811685199, 0.0094120496726806703, 0.016237767391887217, 0.028013567611988671, 0.048329302385717518, 0.083378222347178912, 0.14384498882876623, 0.24816289228368255, 0.42813323987193919, 0.73861998220793579, 1.2742749857031335, 2.1983926488622894, 3.7926901907322494, 6.5431891297129621, 11.288378916846883, 19.474830399087551, 33.59818286283781, 57.963939533849604, 100.0],
 measuredperiodlist 
[0.0031622776927431547, 0.0054555951196383424, 0.0094120490341746618, 0.016237766067665506, 0.028013571771539833, 0.048329282780428008, 0.083378014458245706, 0.14384494366985254, 0.24816211586025111, 0.42813062632306181, 0.73862705101255743, 1.2742454522979652, 2.198408746278087, 3.7925908330767752, 6.5428938268292347, 11.287824201301722, 19.473379154918401, 33.607984958464492, 57.899739336265426, 99.959343743001313],
 siglist 
[0.024599999999999955, 1.0, 1.0, 0.9996, 1.0, 0.6289, 0.6448, 0.9936, 0.9893, 1.0, 0.9993, 1.0, 0.9919, 1.0, 1.0, 0.9671, 1.0, 1.0, 1.0, 1.0],
 powerlist 
[0.08370246126084277, 0.20836533876642174, 0.15683925356573472, 0.11615998670278391, 0.20280609998352467, 0.085826655344330038, 0.088283014342106753, 0.10847861722078797, 0.10056253941606763, 0.1906968249082901, 0.10404620409655713, 0.20936890432385735, 0.097555394836647422, 0.13776330510905091, 0.13276114174726128, 0.087138967497548736, 0.1556726239679935, 0.18888699163956654, 0.20546521780387522, 0.25688152869038422],
 listnumberlist 
[0, 0, 0, 0, 0, 0, 0, 0, 0, 0, 0, 0, 0, 0, 0, 0, 0, 0, 0, 0],
 end of file
