fullmaglist 
[24.0, 24.0, 24.0, 24.0, 24.0, 24.0, 24.0, 24.0, 24.0, 24.0, 24.0, 24.0, 24.0, 24.0, 24.0, 24.0, 24.0, 24.0, 24.0, 24.0],
 periodlist 
[0.0031622776601683798, 0.0054555947811685199, 0.0094120496726806703, 0.016237767391887217, 0.028013567611988671, 0.048329302385717518, 0.083378222347178912, 0.14384498882876623, 0.24816289228368255, 0.42813323987193919, 0.73861998220793579, 1.2742749857031335, 2.1983926488622894, 3.7926901907322494, 6.5431891297129621, 11.288378916846883, 19.474830399087551, 33.59818286283781, 57.963939533849604, 100.0],
 measuredperiodlist 
[0.0050074644613940632, 0.0055225392181517579, 0.0079693981269157721, 0.016237759226986788, 0.028013544674000315, 0.048329175417553306, 0.083377954099070492, 0.19242709939279515, 0.24816544898808518, 0.42813272109184763, 0.73864165500978496, 1.2742287240689323, 0.68734966328898273, 1.3580636504621644, 6.5439332953299258, 11.283038617477576, 19.488811246012617, 33.575673882875037, 57.873891554270557, 99.673249992973311],
 siglist 
[0.728, 0.22960000000000003, 0.954, 0.3325, 0.9878, 0.042200000000000015, 0.0948, 0.5779000000000001, 0.7716000000000001, 0.7247, 0.7449, 0.765, 0.9433, 0.9955, 0.9463, 0.9898, 0.783, 0.9997, 0.9592, 0.9987],
 powerlist 
[0.11026851569083879, 0.10418046664949569, 0.12678748741877885, 0.099176719806107164, 0.13236899809363376, 0.092425790271919245, 0.092860209303613328, 0.10448452917875821, 0.10708723829363473, 0.10883367317651951, 0.091267265143083101, 0.091969449912242568, 0.10234618905057162, 0.11770975612563483, 0.10222122264269914, 0.11077403945946146, 0.092138758105175828, 0.14449640174935988, 0.10410293547805752, 0.12983945066028071],
 listnumberlist 
[0, 0, 0, 0, 0, 0, 0, 0, 0, 0, 0, 0, 0, 0, 0, 0, 0, 0, 0, 0],
 end of file
