fullmaglist 
[22.894736842105264, 22.894736842105264, 22.894736842105264, 22.894736842105264, 22.894736842105264, 22.894736842105264, 22.894736842105264, 22.894736842105264, 22.894736842105264, 22.894736842105264, 22.894736842105264, 22.894736842105264, 22.894736842105264, 22.894736842105264, 22.894736842105264, 22.894736842105264, 22.894736842105264, 22.894736842105264, 22.894736842105264, 22.894736842105264],
 periodlist 
[0.0031622776601683798, 0.0054555947811685199, 0.0094120496726806703, 0.016237767391887217, 0.028013567611988671, 0.048329302385717518, 0.083378222347178912, 0.14384498882876623, 0.24816289228368255, 0.42813323987193919, 0.73861998220793579, 1.2742749857031335, 2.1983926488622894, 3.7926901907322494, 6.5431891297129621, 11.288378916846883, 19.474830399087551, 33.59818286283781, 57.963939533849604, 100.0],
 measuredperiodlist 
[0.0031622776312067273, 0.005455595505948538, 0.0094120480090639849, 0.016237764698807104, 0.028013565840334115, 0.048329349464146597, 0.083378057433855721, 0.14384498343578261, 0.24816380755252843, 0.42813179827323727, 0.7386297264038213, 1.2742370333004167, 2.1984550755172667, 3.792669296484239, 6.5435860492417168, 11.288041434114044, 19.47028771749283, 33.601575174532123, 57.938017488364338, 99.81265467869143],
 siglist 
[0.938, 1.0, 0.9993, 0.9999, 1.0, 0.9732, 0.9935, 0.9961, 0.9999, 1.0, 1.0, 1.0, 0.9376, 1.0, 1.0, 0.8582, 1.0, 1.0, 1.0, 1.0],
 powerlist 
[0.101634937407836, 0.18114354917207831, 0.12260263713261907, 0.12549839742858182, 0.21306030014542848, 0.10146401528525124, 0.10971179088786481, 0.11271341037230109, 0.12880094597157965, 0.16224459605020922, 0.11933463432027731, 0.13821875706801243, 0.08424962434374926, 0.12050097953062378, 0.15527686666445845, 0.08367756688454267, 0.15309977424311161, 0.18110119974096825, 0.21527029930942232, 0.24538791768367418],
 listnumberlist 
[0, 0, 0, 0, 0, 0, 0, 0, 0, 0, 0, 0, 0, 0, 0, 0, 0, 0, 0, 0],
 end of file
